Time [s],Channel 0,Channel 1,Channel 2,Channel 3,Channel 4,Channel 5,Channel 6,Channel 7,Channel 8,Channel 9,Channel 10,Channel 11
-0.000964000,1,1,0,1,1,1,1,1,0,0,1,1
-0.000500000,1,1,0,1,1,1,1,1,0,0,1,0
-0.000083000,0,0,0,0,0,0,0,0,0,0,0,0
-0.000078000,0,0,0,0,1,0,0,0,1,0,1,0
0.000000000,0,0,0,0,1,0,0,0,1,0,1,1
0.000500000,0,0,0,0,1,0,0,0,1,0,1,0
0.000917000,0,0,0,0,0,0,0,0,0,0,0,0
0.000922000,0,0,0,1,0,0,0,0,1,0,1,0
0.001000000,0,0,0,1,0,0,0,0,1,0,1,1
0.001500000,0,0,0,1,0,0,0,0,1,0,1,0
0.001917000,0,0,0,0,0,0,0,0,0,0,0,0
0.001922000,1,0,1,1,0,1,1,1,0,0,1,0
0.002000000,1,0,1,1,0,1,1,1,0,0,1,1
0.002500000,1,0,1,1,0,1,1,1,0,0,1,0
0.002917000,0,0,0,0,0,0,0,0,0,0,0,0
0.002922000,0,0,0,0,1,1,1,1,0,0,1,0
0.003000000,0,0,0,0,1,1,1,1,0,0,1,1
0.003500000,0,0,0,0,1,1,1,1,0,0,1,0
0.003917000,0,0,0,0,0,0,0,0,0,0,0,0
0.003922000,0,0,0,0,0,0,0,0,1,0,1,0
0.004000000,0,0,0,0,0,0,0,0,1,0,1,1
0.004500000,0,0,0,0,0,0,0,0,1,0,1,0
0.004917000,0,0,0,0,0,0,0,0,0,0,0,0
0.004922000,1,1,0,1,0,1,1,1,0,0,1,0
0.005000000,1,1,0,1,0,1,1,1,0,0,1,1
0.005500000,1,1,0,1,0,1,1,1,0,0,1,0
0.005917000,0,0,0,0,0,0,0,0,0,0,0,0
0.005922000,1,1,0,1,1,0,1,1,0,0,1,0
0.006000000,1,1,0,1,1,0,1,1,0,0,1,1
0.006500000,1,1,0,1,1,0,1,1,0,0,1,0
0.006917000,0,0,0,0,0,0,0,0,0,0,0,0
0.006922000,1,1,1,1,1,0,1,1,0,0,1,0
0.007000000,1,1,1,1,1,0,1,1,0,0,1,1
0.007500000,1,1,1,1,1,0,1,1,0,0,1,0
0.007917000,0,0,0,0,0,0,0,0,0,0,0,0
0.007922000,1,1,1,1,1,1,0,1,0,0,1,0
0.008000000,1,1,1,1,1,1,0,1,0,0,1,1
0.008500000,1,1,1,1,1,1,0,1,0,0,1,0
0.008917000,0,0,0,0,0,0,0,0,0,0,0,0
0.008922000,1,0,1,0,1,0,1,1,0,0,1,0
0.009000000,1,0,1,0,1,0,1,1,0,0,1,1
0.009500000,1,0,1,0,1,0,1,1,0,0,1,0
0.009917000,0,0,0,0,0,0,0,0,0,0,0,0
0.009922000,1,0,0,0,1,0,1,1,0,0,1,0
0.010000000,1,0,0,0,1,0,1,1,0,0,1,1
0.010500000,1,0,0,0,1,0,1,1,0,0,1,0
0.010917000,0,0,0,0,0,0,0,0,0,0,0,0
0.010922000,0,0,1,1,0,0,1,1,0,0,1,0
0.011000000,0,0,1,1,0,0,1,1,0,0,1,1
0.011500000,0,0,1,1,0,0,1,1,0,0,1,0
0.011917000,0,0,0,0,0,0,0,0,0,0,0,0
0.011922000,0,0,0,0,0,0,1,1,0,0,1,0
0.012000000,0,0,0,0,0,0,1,1,0,0,1,1
0.012500000,0,0,0,0,0,0,1,1,0,0,1,0
0.012917000,0,0,0,0,0,0,0,0,0,0,0,0
0.012922000,1,0,0,1,0,0,1,1,0,0,1,0
0.013000000,1,0,0,1,0,0,1,1,0,0,1,1
0.013500000,1,0,0,1,0,0,1,1,0,0,1,0
0.013917000,0,0,0,0,0,0,0,0,0,0,0,0
0.013922000,1,1,1,0,1,1,0,1,0,0,1,0
0.014000000,1,1,1,0,1,1,0,1,0,0,1,1
0.014500000,1,1,1,0,1,1,0,1,0,0,1,0
0.014917000,0,0,0,0,0,0,0,0,0,0,0,0
0.014922000,1,0,0,1,1,0,0,1,0,0,1,0
0.015000000,1,0,0,1,1,0,0,1,0,0,1,1
0.015500000,1,0,0,1,1,0,0,1,0,0,1,0
0.015917000,0,0,0,0,0,0,0,0,0,0,0,0
0.015922000,0,0,1,1,0,1,0,1,0,0,1,0
0.016000000,0,0,1,1,0,1,0,1,0,0,1,1
0.016500000,0,0,1,1,0,1,0,1,0,0,1,0
0.016917000,0,0,0,0,0,0,0,0,0,0,0,0
0.016922000,1,1,0,0,0,1,0,1,0,0,1,0
0.017000000,1,1,0,0,0,1,0,1,0,0,1,1
0.017500000,1,1,0,0,0,1,0,1,0,0,1,0
0.017917000,0,0,0,0,0,0,0,0,0,0,0,0
0.017922000,0,0,1,0,0,1,0,1,0,0,1,0
0.018000000,0,0,1,0,0,1,0,1,0,0,1,1
0.018500000,0,0,1,0,0,1,0,1,0,0,1,0
0.018917000,0,0,0,0,0,0,0,0,0,0,0,0
0.018922000,0,1,0,1,1,0,0,1,0,0,1,0
0.019000000,0,1,0,1,1,0,0,1,0,0,1,1
0.019500000,0,1,0,1,1,0,0,1,0,0,1,0
0.019917000,0,0,0,0,0,0,0,0,0,0,0,0
0.019922000,1,1,0,0,0,0,0,1,0,0,1,0
0.020000000,1,1,0,0,0,0,0,1,0,0,1,1
0.020500000,1,1,0,0,0,0,0,1,0,0,1,0
0.020917000,0,0,0,0,0,0,0,0,0,0,0,0
0.020922000,1,0,1,1,0,0,0,1,0,0,1,0
0.021000000,1,0,1,1,0,0,0,1,0,0,1,1
0.021500000,1,0,1,1,0,0,0,1,0,0,1,0
0.021917000,0,0,0,0,0,0,0,0,0,0,0,0
0.021922000,0,1,0,0,1,0,0,1,0,0,1,0
0.022000000,0,1,0,0,1,0,0,1,0,0,1,1
0.022500000,0,1,0,0,1,0,0,1,0,0,1,0
0.022917000,0,0,0,0,0,0,0,0,0,0,0,0
0.022922000,1,1,0,0,1,0,0,1,0,0,1,0
0.023000000,1,1,0,0,1,0,0,1,0,0,1,1
0.023500000,1,1,0,0,1,0,0,1,0,0,1,0
0.023917000,0,0,0,0,0,0,0,0,0,0,0,0
0.023922000,0,0,1,0,0,0,0,1,0,0,1,0
0.024000000,0,0,1,0,0,0,0,1,0,0,1,1
0.024500000,0,0,1,0,0,0,0,1,0,0,1,0
0.024917000,0,0,0,0,0,0,0,0,0,0,0,0
0.024922000,0,0,1,0,0,0,0,1,0,0,1,0
0.025000000,0,0,1,0,0,0,0,1,0,0,1,1
0.025500000,0,0,1,0,0,0,0,1,0,0,1,0
0.025917000,0,0,0,0,0,0,0,0,0,0,0,0
0.025922000,0,1,1,0,1,1,1,0,0,0,1,0
0.026000000,0,1,1,0,1,1,1,0,0,0,1,1
0.026500000,0,1,1,0,1,1,1,0,0,0,1,0
0.026917000,0,0,0,0,0,0,0,0,0,0,0,0
0.026922000,0,1,1,1,1,1,1,0,0,0,1,0
0.027000000,0,1,1,1,1,1,1,0,0,0,1,1
0.027500000,0,1,1,1,1,1,1,0,0,0,1,0
0.027917000,0,0,0,0,0,0,0,0,0,0,0,0
0.027922000,1,0,1,0,1,1,1,0,0,0,1,0
0.028000000,1,0,1,0,1,1,1,0,0,0,1,1
0.028500000,1,0,1,0,1,1,1,0,0,0,1,0
0.028917000,0,0,0,0,0,0,0,0,0,0,0,0
0.028922000,1,1,1,1,0,1,1,0,0,0,1,0
0.029000000,1,1,1,1,0,1,1,0,0,0,1,1
0.029500000,1,1,1,1,0,1,1,0,0,0,1,0
0.029917000,0,0,0,0,0,0,0,0,0,0,0,0
0.029922000,1,0,0,1,1,1,1,0,0,0,1,0
0.030000000,1,0,0,1,1,1,1,0,0,0,1,1
0.030500000,1,0,0,1,1,1,1,0,0,0,1,0
0.030917000,0,0,0,0,0,0,0,0,0,0,0,0
0.030922000,0,0,1,0,1,1,1,0,0,0,1,0
0.031000000,0,0,1,0,1,1,1,0,0,0,1,1
0.031500000,0,0,1,0,1,1,1,0,0,0,1,0
0.031917000,0,0,0,0,0,0,0,0,0,0,0,0
0.031922000,0,0,0,0,1,1,1,0,0,0,1,0
0.032000000,0,0,0,0,1,1,1,0,0,0,1,1
0.032500000,0,0,0,0,1,1,1,0,0,0,1,0
0.032917000,0,0,0,0,0,0,0,0,0,0,0,0
0.032922000,1,1,1,1,0,1,1,0,0,0,1,0
0.033000000,1,1,1,1,0,1,1,0,0,0,1,1
0.033500000,1,1,1,1,0,1,1,0,0,0,1,0
0.033917000,0,0,0,0,0,0,0,0,0,0,0,0
0.033922000,1,1,1,0,1,1,1,0,0,0,1,0
0.034000000,1,1,1,0,1,1,1,0,0,0,1,1
0.034500000,1,1,1,0,1,1,1,0,0,0,1,0
0.034917000,0,0,0,0,0,0,0,0,0,0,0,0
0.034922000,1,1,0,1,0,0,0,1,0,0,1,0
0.035000000,1,1,0,1,0,0,0,1,0,0,1,1
0.035500000,1,1,0,1,0,0,0,1,0,0,1,0
0.035916000,1,1,0,1,0,0,0,1,0,0,0,0
0.035917000,0,0,0,0,0,0,0,0,0,0,0,0
0.035922000,1,0,1,0,0,1,1,0,0,0,1,0
0.036000000,1,0,1,0,0,1,1,0,0,0,1,1
0.036500000,1,0,1,0,0,1,1,0,0,0,1,0
0.036916000,1,0,1,0,0,1,1,0,0,0,0,0
0.036917000,0,0,0,0,0,0,0,0,0,0,0,0
0.036922000,1,1,1,0,0,1,1,0,0,0,1,0
0.037000000,1,1,1,0,0,1,1,0,0,0,1,1
0.037500000,1,1,1,0,0,1,1,0,0,0,1,0
0.037916000,1,1,1,0,0,1,1,0,0,0,0,0
0.037917000,0,0,0,0,0,0,0,0,0,0,0,0
0.037922000,0,0,1,1,0,1,1,0,0,0,1,0
0.038000000,0,0,1,1,0,1,1,0,0,0,1,1
0.038500000,0,0,1,1,0,1,1,0,0,0,1,0
0.038916000,0,0,1,1,0,1,1,0,0,0,0,0
0.038917000,0,0,0,0,0,0,0,0,0,0,0,0
0.038922000,1,1,0,1,0,1,1,0,0,0,1,0
0.039000000,1,1,0,1,0,1,1,0,0,0,1,1
0.039500000,1,1,0,1,0,1,1,0,0,0,1,0
0.039916000,1,1,0,0,0,1,0,0,0,0,1,0
0.039917000,0,0,0,0,0,0,0,0,0,0,0,0
0.039922000,0,0,0,1,1,1,1,0,0,0,1,0
0.040000000,0,0,0,1,1,1,1,0,0,0,1,1
0.040500000,0,0,0,1,1,1,1,0,0,0,1,0
0.040916000,0,0,0,0,0,0,0,0,0,0,0,0
0.040922000,1,1,1,1,0,1,1,0,0,0,1,0
0.041000000,1,1,1,1,0,1,1,0,0,0,1,1
0.041500000,1,1,1,1,0,1,1,0,0,0,1,0
0.041916000,0,0,0,0,0,0,0,0,0,0,0,0
0.041922000,0,0,1,0,0,0,0,1,0,0,1,0
0.042000000,0,0,1,0,0,0,0,1,0,0,1,1
0.042500000,0,0,1,0,0,0,0,1,0,0,1,0
0.042916000,0,0,0,0,0,0,0,0,0,0,0,0
0.042922000,1,1,1,1,0,1,1,0,0,0,1,0
0.043000000,1,1,1,1,0,1,1,0,0,0,1,1
0.043500000,1,1,1,1,0,1,1,0,0,0,1,0
0.043916000,0,0,0,0,0,0,0,0,0,0,0,0
0.043922000,0,0,0,0,0,0,0,1,0,0,1,0
0.044000000,0,0,0,0,0,0,0,1,0,0,1,1
0.044500000,0,0,0,0,0,0,0,1,0,0,1,0
0.044916000,0,0,0,0,0,0,0,0,0,0,0,0
0.044922000,0,0,0,1,0,0,0,1,0,0,1,0
0.045000000,0,0,0,1,0,0,0,1,0,0,1,1
0.045500000,0,0,0,1,0,0,0,1,0,0,1,0
0.045916000,0,0,0,0,0,0,0,0,0,0,0,0
0.045922000,0,0,0,0,0,1,0,1,0,0,1,0
0.046000000,0,0,0,0,0,1,0,1,0,0,1,1
0.046500000,0,0,0,0,0,1,0,1,0,0,1,0
0.046916000,0,0,0,0,0,0,0,0,0,0,0,0
0.046921000,0,0,0,0,1,0,0,1,0,0,0,0
0.046922000,0,0,0,0,1,0,0,1,0,0,1,0
0.047000000,0,0,0,0,1,0,0,1,0,0,1,1
0.047500000,0,0,0,0,1,0,0,1,0,0,1,0
0.047916000,0,0,0,0,0,0,0,0,0,0,0,0
0.047921000,0,0,0,0,0,0,0,1,0,0,0,0
0.047922000,0,0,1,0,1,0,0,1,0,0,1,0
0.048000000,0,0,1,0,1,0,0,1,0,0,1,1
0.048500000,0,0,1,0,1,0,0,1,0,0,1,0
0.048916000,0,0,0,0,0,0,0,0,0,0,0,0
0.048921000,0,0,0,0,0,1,0,1,0,0,1,0
0.049000000,0,0,0,0,0,1,0,1,0,0,1,1
0.049500000,0,0,0,0,0,1,0,1,0,0,1,0
0.049916000,0,0,0,0,0,0,0,0,0,0,0,0
0.049921000,0,0,1,0,0,1,0,1,0,0,1,0
0.050000000,0,0,1,0,0,1,0,1,0,0,1,1
0.050500000,0,0,1,0,0,1,0,1,0,0,1,0
0.050916000,0,0,0,0,0,0,0,0,0,0,0,0
0.050921000,0,0,0,0,0,1,0,1,0,0,1,0
0.051000000,0,0,0,0,0,1,0,1,0,0,1,1
0.051500000,0,0,0,0,0,1,0,1,0,0,1,0
0.051916000,0,0,0,0,0,0,0,0,0,0,0,0
0.051921000,0,1,0,1,1,0,0,1,0,0,1,0
0.052000000,0,1,0,1,1,0,0,1,0,0,1,1
0.052500000,0,1,0,1,1,0,0,1,0,0,1,0
0.052916000,0,0,0,0,0,0,0,0,0,0,0,0
0.052921000,1,0,0,0,1,1,0,1,0,0,1,0
0.053000000,1,0,0,0,1,1,0,1,0,0,1,1
0.053500000,1,0,0,0,1,1,0,1,0,0,1,0
0.053916000,0,0,0,0,0,0,0,0,0,0,0,0
0.053921000,1,0,0,1,1,1,0,1,0,0,1,0
0.054000000,1,0,0,1,1,1,0,1,0,0,1,1
0.054500000,1,0,0,1,1,1,0,1,0,0,1,0
0.054916000,0,0,0,0,0,0,0,0,0,0,0,0
0.054921000,1,0,0,1,1,1,0,1,0,0,1,0
0.055000000,1,0,0,1,1,1,0,1,0,0,1,1
0.055500000,1,0,0,1,1,1,0,1,0,0,1,0
0.055916000,0,0,0,0,0,0,0,0,0,0,0,0
0.055921000,1,0,0,0,1,1,0,1,0,0,1,0
0.056000000,1,0,0,0,1,1,0,1,0,0,1,1
0.056500000,1,0,0,0,1,1,0,1,0,0,1,0
0.056916000,0,0,0,0,0,0,0,0,0,0,0,0
0.056921000,0,0,1,1,1,1,0,1,0,0,1,0
0.057000000,0,0,1,1,1,1,0,1,0,0,1,1
0.057500000,0,0,1,1,1,1,0,1,0,0,1,0
0.057916000,0,0,0,0,0,0,0,0,0,0,0,0
0.057921000,1,0,1,1,1,1,0,1,0,0,1,0
0.058000000,1,0,1,1,1,1,0,1,0,0,1,1
0.058500000,1,0,1,1,1,1,0,1,0,0,1,0
0.058916000,0,0,0,0,0,0,0,0,0,0,0,0
0.058921000,1,0,0,0,0,0,1,1,0,0,1,0
0.059000000,1,0,0,0,0,0,1,1,0,0,1,1
0.059500000,1,0,0,0,0,0,1,1,0,0,1,0
0.059916000,0,0,0,0,0,0,0,0,0,0,0,0
0.059921000,0,0,0,0,1,0,1,1,0,0,1,0
0.060000000,0,0,0,0,1,0,1,1,0,0,1,1
0.060500000,0,0,0,0,1,0,1,1,0,0,1,0
0.060916000,0,0,0,0,0,0,0,0,0,0,0,0
0.060921000,0,1,1,1,0,0,1,1,0,0,1,0
0.061000000,0,1,1,1,0,0,1,1,0,0,1,1
0.061500000,0,1,1,1,0,0,1,1,0,0,1,0
0.061916000,0,0,0,0,0,0,0,0,0,0,0,0
0.061921000,1,0,1,0,1,0,1,1,0,0,1,0
0.062000000,1,0,1,0,1,0,1,1,0,0,1,1
0.062500000,1,0,1,0,1,0,1,1,0,0,1,0
0.062916000,0,0,0,0,0,0,0,0,0,0,0,0
0.062921000,1,1,0,1,0,0,1,1,0,0,1,0
0.063000000,1,1,0,1,0,0,1,1,0,0,1,1
0.063500000,1,1,0,1,0,0,1,1,0,0,1,0
0.063916000,0,0,0,0,0,0,0,0,0,0,0,0
0.063921000,1,1,0,1,1,0,1,1,0,0,1,0
0.064000000,1,1,0,1,1,0,1,1,0,0,1,1
0.064500000,1,1,0,1,1,0,1,1,0,0,1,0
0.064916000,0,0,0,0,0,0,0,0,0,0,0,0
0.064921000,0,0,1,0,1,1,1,1,0,0,1,0
0.065000000,0,0,1,0,1,1,1,1,0,0,1,1
0.065500000,0,0,1,0,1,1,1,1,0,0,1,0
0.065916000,0,0,0,0,0,0,0,0,0,0,0,0
0.065921000,1,0,1,1,0,1,1,1,0,0,1,0
0.066000000,1,0,1,1,0,1,1,1,0,0,1,1
0.066500000,1,0,1,1,0,1,1,1,0,0,1,0
0.066916000,0,0,0,0,0,0,0,0,0,0,0,0
0.066921000,0,0,0,0,1,1,1,1,0,0,1,0
0.067000000,0,0,0,0,1,1,1,1,0,0,1,1
0.067500000,0,0,0,0,1,1,1,1,0,0,1,0
0.067916000,0,0,0,0,0,0,0,0,0,0,0,0
0.067921000,1,1,1,1,0,1,1,1,0,0,1,0
0.068000000,1,1,1,1,0,1,1,1,0,0,1,1
0.068500000,1,1,1,1,0,1,1,1,0,0,1,0
0.068916000,0,0,0,0,0,0,0,0,0,0,0,0
0.068921000,1,1,1,1,0,1,1,1,0,0,1,0
0.069000000,1,1,1,1,0,1,1,1,0,0,1,1
0.069500000,1,1,1,1,0,1,1,1,0,0,1,0
0.069916000,0,0,0,0,0,0,0,0,0,0,0,0
0.069921000,0,0,1,1,0,0,0,0,1,0,1,0
0.070000000,0,0,1,1,0,0,0,0,1,0,1,1
0.070500000,0,0,1,1,0,0,0,0,1,0,1,0
0.070916000,0,0,0,0,0,0,0,0,0,0,0,0
0.070921000,0,0,0,0,0,0,0,0,1,0,1,0
0.071000000,0,0,0,0,0,0,0,0,1,0,1,1
0.071500000,0,0,0,0,0,0,0,0,1,0,1,0
0.071916000,0,0,0,0,0,0,0,0,0,0,0,0
0.071921000,0,0,0,0,0,0,0,0,1,0,1,0
0.072000000,0,0,0,0,0,0,0,0,1,0,1,1
0.072500000,0,0,0,0,0,0,0,0,1,0,1,0
0.072916000,0,0,0,0,0,0,0,0,0,0,0,0
0.072921000,1,1,1,0,0,0,0,0,1,0,1,0
0.073000000,1,1,1,0,0,0,0,0,1,0,1,1
0.073500000,1,1,1,0,0,0,0,0,1,0,1,0
0.073916000,0,0,0,0,0,0,0,0,0,0,0,0
0.073921000,1,1,1,1,0,1,1,1,0,0,1,0
0.074000000,1,1,1,1,0,1,1,1,0,0,1,1
0.074500000,1,1,1,1,0,1,1,1,0,0,1,0
0.074916000,0,0,0,0,0,0,0,0,0,0,0,0
0.074921000,0,0,0,0,0,1,0,0,1,0,1,0
0.075000000,0,0,0,0,0,1,0,0,1,0,1,1
0.075500000,0,0,0,0,0,1,0,0,1,0,1,0
0.075916000,0,0,0,0,0,0,0,0,0,0,0,0
0.075921000,0,0,0,1,0,0,0,0,1,0,1,0
0.076000000,0,0,0,1,0,0,0,0,1,0,1,1
0.076500000,0,0,0,1,0,0,0,0,1,0,1,0
0.076916000,0,0,0,0,0,0,0,0,0,0,0,0
0.076921000,1,0,0,1,0,0,0,0,1,0,1,0
0.077000000,1,0,0,1,0,0,0,0,1,0,1,1
0.077500000,1,0,0,1,0,0,0,0,1,0,1,0
0.077916000,0,0,0,0,0,0,0,0,0,0,0,0
0.077921000,0,0,1,0,0,0,0,0,1,0,1,0
0.078000000,0,0,1,0,0,0,0,0,1,0,1,1
0.078500000,0,0,1,0,0,0,0,0,1,0,1,0
0.078916000,0,0,0,0,0,0,0,0,0,0,0,0
0.078921000,0,1,1,1,0,0,0,0,1,0,1,0
0.079000000,0,1,1,1,0,0,0,0,1,0,1,1
0.079500000,0,1,1,1,0,0,0,0,1,0,1,0
0.079916000,0,0,0,0,0,0,0,0,0,0,0,0
0.079921000,0,0,0,0,1,0,0,0,1,0,1,0
0.080000000,0,0,0,0,1,0,0,0,1,0,1,1
0.080500000,0,0,0,0,1,0,0,0,1,0,1,0
0.080916000,0,0,0,0,0,0,0,0,0,0,0,0
0.080921000,0,0,0,0,1,0,0,0,1,0,1,0
0.081000000,0,0,0,0,1,0,0,0,1,0,1,1
0.081500000,0,0,0,0,1,0,0,0,1,0,1,0
0.081916000,0,0,0,0,0,0,0,0,0,0,0,0
0.081921000,0,1,1,0,1,0,0,0,1,0,1,0
0.082000000,0,1,1,0,1,0,0,0,1,0,1,1
0.082499000,0,1,1,0,1,0,0,0,1,0,1,0
0.082916000,0,0,0,0,0,0,0,0,0,0,0,0
0.082921000,0,0,0,0,0,0,0,0,1,0,1,0
0.082999000,0,0,0,0,0,0,0,0,1,0,1,1
0.083499000,0,0,0,0,0,0,0,0,1,0,1,0
0.083916000,0,0,0,0,0,0,0,0,0,0,0,0
0.083921000,0,1,1,0,1,0,0,0,1,0,1,0
0.083999000,0,1,1,0,1,0,0,0,1,0,1,1
0.084499000,0,1,1,0,1,0,0,0,1,0,1,0
0.084916000,0,0,0,0,0,0,0,0,0,0,0,0
0.084921000,1,0,0,1,0,0,0,0,1,0,1,0
0.084999000,1,0,0,1,0,0,0,0,1,0,1,1
0.085499000,1,0,0,1,0,0,0,0,1,0,1,0
0.085916000,0,0,0,0,0,0,0,0,0,0,0,0
0.085921000,1,1,0,0,0,0,0,0,1,0,1,0
0.085999000,1,1,0,0,0,0,0,0,1,0,1,1
0.086499000,1,1,0,0,0,0,0,0,1,0,1,0
0.086916000,0,0,0,0,0,0,0,0,0,0,0,0
0.086921000,1,1,1,0,0,0,0,0,1,0,1,0
0.086999000,1,1,1,0,0,0,0,0,1,0,1,1
0.087499000,1,1,1,0,0,0,0,0,1,0,1,0
0.087916000,0,0,0,0,0,0,0,0,0,0,0,0
0.087921000,0,0,1,1,1,0,0,0,1,0,1,0
0.087999000,0,0,1,1,1,0,0,0,1,0,1,1
0.088499000,0,0,1,1,1,0,0,0,1,0,1,0
0.088916000,0,0,0,0,0,0,0,0,0,0,0,0
0.088921000,1,1,1,0,1,1,1,1,0,0,1,0
0.088999000,1,1,1,0,1,1,1,1,0,0,1,1
0.089499000,1,1,1,0,1,1,1,1,0,0,1,0
0.089916000,0,0,0,0,0,0,0,0,0,0,0,0
0.089921000,1,0,1,0,0,0,0,0,1,0,1,0
0.089999000,1,0,1,0,0,0,0,0,1,0,1,1
0.090499000,1,0,1,0,0,0,0,0,1,0,1,0
0.090916000,0,0,0,0,0,0,0,0,0,0,0,0
0.090921000,0,0,0,1,0,0,0,0,1,0,1,0
0.090999000,0,0,0,1,0,0,0,0,1,0,1,1
0.091499000,0,0,0,1,0,0,0,0,1,0,1,0
0.091916000,0,0,0,0,0,0,0,0,0,0,0,0
0.091921000,1,1,0,1,0,1,1,1,0,0,1,0
0.091999000,1,1,0,1,0,1,1,1,0,0,1,1
0.092499000,1,1,0,1,0,1,1,1,0,0,1,0
0.092916000,0,0,0,0,0,0,0,0,0,0,0,0
0.092921000,0,0,0,1,0,1,1,1,0,0,1,0
0.092999000,0,0,0,1,0,1,1,1,0,0,1,1
0.093499000,0,0,0,1,0,1,1,1,0,0,1,0
0.093916000,0,0,0,0,0,0,0,0,0,0,0,0
0.093921000,1,0,0,1,0,1,1,1,0,0,1,0
0.093999000,1,0,0,1,0,1,1,1,0,0,1,1
0.094499000,1,0,0,1,0,1,1,1,0,0,1,0
0.094916000,0,0,0,0,0,0,0,0,0,0,0,0
0.094921000,1,1,0,1,0,1,1,1,0,0,1,0
0.094999000,1,1,0,1,0,1,1,1,0,0,1,1
0.095499000,1,1,0,1,0,1,1,1,0,0,1,0
0.095916000,0,0,0,0,0,0,0,0,0,0,0,0
0.095921000,0,1,1,0,0,1,1,1,0,0,1,0
0.095999000,0,1,1,0,0,1,1,1,0,0,1,1
0.096499000,0,1,1,0,0,1,1,1,0,0,1,0
0.096916000,0,0,0,0,0,0,0,0,0,0,0,0
0.096921000,1,1,1,1,1,0,1,1,0,0,1,0
0.096999000,1,1,1,1,1,0,1,1,0,0,1,1
0.097499000,1,1,1,1,1,0,1,1,0,0,1,0
0.097916000,0,0,0,0,0,0,0,0,0,0,0,0
0.097921000,0,0,0,1,0,1,1,1,0,0,1,0
0.097999000,0,0,0,1,0,1,1,1,0,0,1,1
0.098499000,0,0,0,1,0,1,1,1,0,0,1,0
0.098916000,0,0,0,0,0,0,0,0,0,0,0,0
0.098921000,1,1,0,0,1,0,1,1,0,0,1,0
0.098999000,1,1,0,0,1,0,1,1,0,0,1,1
0.099499000,1,1,0,0,1,0,1,1,0,0,1,0
0.099916000,0,0,0,0,0,0,0,0,0,0,0,0
0.099921000,0,0,1,0,0,1,1,1,0,0,1,0
0.099999000,0,0,1,0,0,1,1,1,0,0,1,1
0.100499000,0,0,1,0,0,1,1,1,0,0,1,0
0.100916000,0,0,0,0,0,0,0,0,0,0,0,0
0.100921000,0,0,0,0,1,0,1,1,0,0,1,0
0.100999000,0,0,0,0,1,0,1,1,0,0,1,1
0.101499000,0,0,0,0,1,0,1,1,0,0,1,0
0.101916000,0,0,0,0,0,0,0,0,0,0,0,0
0.101921000,0,0,1,0,1,0,1,1,0,0,1,0
0.101999000,0,0,1,0,1,0,1,1,0,0,1,1
0.102499000,0,0,1,0,1,0,1,1,0,0,1,0
0.102916000,0,0,0,0,0,0,0,0,0,0,0,0
0.102921000,0,0,1,0,0,0,1,1,0,0,1,0
0.102999000,0,0,1,0,0,0,1,1,0,0,1,1
0.103499000,0,0,1,0,0,0,1,1,0,0,1,0
0.103916000,0,0,0,0,0,0,0,0,0,0,0,0
0.103921000,0,0,0,1,0,0,1,1,0,0,1,0
0.103999000,0,0,0,1,0,0,1,1,0,0,1,1
0.104499000,0,0,0,1,0,0,1,1,0,0,1,0
0.104916000,0,0,0,0,0,0,0,0,0,0,0,0
0.104921000,1,1,1,1,1,1,0,1,0,0,1,0
0.104999000,1,1,1,1,1,1,0,1,0,0,1,1
0.105499000,1,1,1,1,1,1,0,1,0,0,1,0
0.105916000,0,0,0,0,0,0,0,0,0,0,0,0
0.105921000,1,0,1,0,1,1,0,1,0,0,1,0
0.105999000,1,0,1,0,1,1,0,1,0,0,1,1
0.106499000,1,0,1,0,1,1,0,1,0,0,1,0
0.106916000,0,0,0,0,0,0,0,0,0,0,0,0
0.106921000,0,0,0,1,1,1,0,1,0,0,1,0
0.106999000,0,0,0,1,1,1,0,1,0,0,1,1
0.107499000,0,0,0,1,1,1,0,1,0,0,1,0
0.107916000,0,0,0,0,0,0,0,0,0,0,0,0
0.107921000,0,1,1,1,1,1,0,1,0,0,1,0
0.107999000,0,1,1,1,1,1,0,1,0,0,1,1
0.108499000,0,1,1,1,1,1,0,1,0,0,1,0
0.108916000,0,0,0,0,0,0,0,0,0,0,0,0
0.108921000,1,0,1,0,1,1,0,1,0,0,1,0
0.108999000,1,0,1,0,1,1,0,1,0,0,1,1
0.109499000,1,0,1,0,1,1,0,1,0,0,1,0
0.109916000,0,0,0,0,0,0,0,0,0,0,0,0
0.109921000,0,0,0,0,0,1,0,1,0,0,1,0
0.109999000,0,0,0,0,0,1,0,1,0,0,1,1
0.110499000,0,0,0,0,0,1,0,1,0,0,1,0
0.110916000,0,0,0,0,0,0,0,0,0,0,0,0
0.110921000,0,0,1,1,0,1,0,1,0,0,1,0
0.110999000,0,0,1,1,0,1,0,1,0,0,1,1
0.111499000,0,0,1,1,0,1,0,1,0,0,1,0
0.111916000,0,0,0,0,0,0,0,0,0,0,0,0
0.111921000,0,1,1,0,1,1,0,1,0,0,1,0
0.111999000,0,1,1,0,1,1,0,1,0,0,1,1
0.112499000,0,1,1,0,1,1,0,1,0,0,1,0
0.112916000,0,0,0,0,0,0,0,0,0,0,0,0
0.112921000,0,0,0,0,0,1,0,1,0,0,1,0
0.112999000,0,0,0,0,0,1,0,1,0,0,1,1
0.113499000,0,0,0,0,0,1,0,1,0,0,1,0
0.113916000,0,0,0,0,0,0,0,0,0,0,0,0
0.113921000,1,1,0,0,1,0,0,1,0,0,1,0
0.113999000,1,1,0,0,1,0,0,1,0,0,1,1
0.114499000,1,1,0,0,1,0,0,1,0,0,1,0
0.114916000,0,0,0,0,0,0,0,0,0,0,0,0
0.114921000,0,1,0,0,0,1,0,1,0,0,1,0
0.114999000,0,1,0,0,0,1,0,1,0,0,1,1
0.115499000,0,1,0,0,0,1,0,1,0,0,1,0
0.115916000,0,0,0,0,0,0,0,0,0,0,0,0
0.115921000,0,0,0,0,0,1,0,1,0,0,1,0
0.115999000,0,0,0,0,0,1,0,1,0,0,1,1
0.116499000,0,0,0,0,0,1,0,1,0,0,1,0
0.116916000,0,0,0,0,0,0,0,0,0,0,0,0
0.116921000,1,1,1,0,1,0,0,1,0,0,1,0
0.116999000,1,1,1,0,1,0,0,1,0,0,1,1
0.117499000,1,1,1,0,1,0,0,1,0,0,1,0
0.117916000,0,0,0,0,0,0,0,0,0,0,0,0
0.117921000,1,0,1,0,1,0,0,1,0,0,1,0
0.117999000,1,0,1,0,1,0,0,1,0,0,1,1
0.118499000,1,0,1,0,1,0,0,1,0,0,1,0
0.118916000,0,0,0,0,0,0,0,0,0,0,0,0
0.118921000,1,1,1,1,0,0,0,1,0,0,1,0
0.118999000,1,1,1,1,0,0,0,1,0,0,1,1
0.119499000,1,1,1,1,0,0,0,1,0,0,1,0
0.119916000,0,0,0,0,0,0,0,0,0,0,0,0
0.119921000,1,1,0,0,1,0,0,1,0,0,1,0
0.119999000,1,1,0,0,1,0,0,1,0,0,1,1
0.120499000,1,1,0,0,1,0,0,1,0,0,1,0
0.120916000,0,0,0,0,0,0,0,0,0,0,0,0
0.120921000,0,1,0,1,0,0,0,1,0,0,1,0
0.120999000,0,1,0,1,0,0,0,1,0,0,1,1
0.121499000,0,1,0,1,0,0,0,1,0,0,1,0
0.121916000,0,0,0,0,0,0,0,0,0,0,0,0
0.121921000,1,1,1,1,1,1,1,0,0,0,1,0
0.121999000,1,1,1,1,1,1,1,0,0,0,1,1
0.122499000,1,1,1,1,1,1,1,0,0,0,1,0
0.122916000,0,0,0,0,0,0,0,0,0,0,0,0
0.122921000,1,0,1,0,1,0,0,1,0,0,1,0
0.122999000,1,0,1,0,1,0,0,1,0,0,1,1
0.123499000,1,0,1,0,1,0,0,1,0,0,1,0
0.123916000,0,0,0,0,0,0,0,0,0,0,0,0
0.123921000,1,1,0,0,1,1,1,0,0,0,1,0
0.123999000,1,1,0,0,1,1,1,0,0,0,1,1
0.124499000,1,1,0,0,1,1,1,0,0,0,1,0
0.124916000,0,0,0,0,0,0,0,0,0,0,0,0
0.124921000,1,1,1,0,0,0,0,1,0,0,1,0
0.124999000,1,1,1,0,0,0,0,1,0,0,1,1
0.125499000,1,1,1,0,0,0,0,1,0,0,1,0
0.125916000,0,0,0,0,0,0,0,0,0,0,0,0
0.125921000,1,0,0,0,0,0,0,1,0,0,1,0
0.125999000,1,0,0,0,0,0,0,1,0,0,1,1
0.126499000,1,0,0,0,0,0,0,1,0,0,1,0
0.126916000,0,0,0,0,0,0,0,0,0,0,0,0
0.126921000,1,0,0,1,0,0,0,1,0,0,1,0
0.126999000,1,0,0,1,0,0,0,1,0,0,1,1
0.127499000,1,0,0,1,0,0,0,1,0,0,1,0
0.127916000,0,0,0,0,0,0,0,0,0,0,0,0
0.127921000,1,0,1,0,1,0,0,1,0,0,1,0
0.127999000,1,0,1,0,1,0,0,1,0,0,1,1
0.128499000,1,0,1,0,1,0,0,1,0,0,1,0
0.128916000,0,0,0,0,0,0,0,0,0,0,0,0
0.128921000,0,1,0,0,0,0,0,1,0,0,1,0
0.128999000,0,1,0,0,0,0,0,1,0,0,1,1
0.129499000,0,1,0,0,0,0,0,1,0,0,1,0
0.129916000,0,0,0,0,0,0,0,0,0,0,0,0
0.129921000,0,1,0,0,1,0,0,1,0,0,1,0
0.129999000,0,1,0,0,1,0,0,1,0,0,1,1
0.130499000,0,1,0,0,1,0,0,1,0,0,1,0
0.130916000,0,0,0,0,0,0,0,0,0,0,0,0
0.130921000,0,1,0,0,0,0,0,1,0,0,1,0
0.130999000,0,1,0,0,0,0,0,1,0,0,1,1
0.131499000,0,1,0,0,0,0,0,1,0,0,1,0
0.131916000,0,0,0,0,0,0,0,0,0,0,0,0
0.131921000,1,0,0,0,1,0,0,1,0,0,1,0
0.131999000,1,0,0,0,1,0,0,1,0,0,1,1
0.132499000,1,0,0,0,1,0,0,1,0,0,1,0
0.132916000,0,0,0,0,0,0,0,0,0,0,0,0
0.132921000,0,0,0,0,0,1,0,1,0,0,1,0
0.132999000,0,0,0,0,0,1,0,1,0,0,1,1
0.133499000,0,0,0,0,0,1,0,1,0,0,1,0
0.133916000,0,0,0,0,0,0,0,0,0,0,0,0
0.133921000,0,0,0,1,0,0,0,1,0,0,1,0
0.133999000,0,0,0,1,0,0,0,1,0,0,1,1
0.134499000,0,0,0,1,0,0,0,1,0,0,1,0
0.134916000,0,0,0,0,0,0,0,0,0,0,0,0
0.134921000,1,0,1,0,1,0,0,1,0,0,1,0
0.134999000,1,0,1,0,1,0,0,1,0,0,1,1
0.135499000,1,0,1,0,1,0,0,1,0,0,1,0
0.135916000,0,0,0,0,0,0,0,0,0,0,0,0
0.135921000,1,1,1,0,1,0,0,1,0,0,1,0
0.135999000,1,1,1,0,1,0,0,1,0,0,1,1
0.136499000,1,1,1,0,1,0,0,1,0,0,1,0
0.136916000,0,0,0,0,0,0,0,0,0,0,0,0
0.136921000,1,1,0,1,0,0,0,1,0,0,1,0
0.136999000,1,1,0,1,0,0,0,1,0,0,1,1
0.137499000,1,1,0,1,0,0,0,1,0,0,1,0
0.137916000,0,0,0,0,0,0,0,0,0,0,0,0
0.137921000,1,1,1,0,1,0,0,1,0,0,1,0
0.137999000,1,1,1,0,1,0,0,1,0,0,1,1
0.138499000,1,1,1,0,1,0,0,1,0,0,1,0
0.138916000,0,0,0,0,0,0,0,0,0,0,0,0
0.138921000,1,1,0,0,1,0,0,1,0,0,1,0
0.138999000,1,1,0,0,1,0,0,1,0,0,1,1
0.139499000,1,1,0,0,1,0,0,1,0,0,1,0
0.139916000,0,0,0,0,0,0,0,0,0,0,0,0
0.139921000,1,0,0,0,0,1,0,1,0,0,1,0
0.139999000,1,0,0,0,0,1,0,1,0,0,1,1
0.140499000,1,0,0,0,0,1,0,1,0,0,1,0
0.140916000,0,0,0,0,0,0,0,0,0,0,0,0
0.140921000,1,0,0,0,0,1,0,1,0,0,1,0
0.140999000,1,0,0,0,0,1,0,1,0,0,1,1
0.141499000,1,0,0,0,0,1,0,1,0,0,1,0
0.141916000,0,0,0,0,0,0,0,0,0,0,0,0
0.141921000,0,0,0,0,0,1,0,1,0,0,1,0
0.141999000,0,0,0,0,0,1,0,1,0,0,1,1
0.142499000,0,0,0,0,0,1,0,1,0,0,1,0
0.142916000,0,0,0,0,0,0,0,0,0,0,0,0
0.142921000,0,0,1,1,0,1,0,1,0,0,1,0
0.142999000,0,0,1,1,0,1,0,1,0,0,1,1
0.143499000,0,0,1,1,0,1,0,1,0,0,1,0
0.143916000,0,0,0,0,0,0,0,0,0,0,0,0
0.143921000,1,0,0,0,1,1,0,1,0,0,1,0
0.143999000,1,0,0,0,1,1,0,1,0,0,1,1
0.144499000,1,0,0,0,1,1,0,1,0,0,1,0
0.144916000,0,0,0,0,0,0,0,0,0,0,0,0
0.144921000,0,1,1,1,1,1,0,1,0,0,1,0
0.144999000,0,1,1,1,1,1,0,1,0,0,1,1
0.145499000,0,1,1,1,1,1,0,1,0,0,1,0
0.145916000,0,0,0,0,0,0,0,0,0,0,0,0
0.145921000,1,0,1,0,1,1,0,1,0,0,1,0
0.145999000,1,0,1,0,1,1,0,1,0,0,1,1
0.146499000,1,0,1,0,1,1,0,1,0,0,1,0
0.146916000,0,0,0,0,0,0,0,0,0,0,0,0
0.146921000,1,1,1,0,1,1,0,1,0,0,1,0
0.146999000,1,1,1,0,1,1,0,1,0,0,1,1
0.147499000,1,1,1,0,1,1,0,1,0,0,1,0
0.147916000,0,0,0,0,0,0,0,0,0,0,0,0
0.147921000,0,1,1,0,1,1,0,1,0,0,1,0
0.147999000,0,1,1,0,1,1,0,1,0,0,1,1
0.148499000,0,1,1,0,1,1,0,1,0,0,1,0
0.148916000,0,0,0,0,0,0,0,0,0,0,0,0
0.148921000,1,1,1,0,1,1,0,1,0,0,1,0
0.148999000,1,1,1,0,1,1,0,1,0,0,1,1
0.149499000,1,1,1,0,1,1,0,1,0,0,1,0
0.149916000,0,0,0,0,0,0,0,0,0,0,0,0
0.149921000,0,0,0,1,0,0,1,1,0,0,1,0
0.149999000,0,0,0,1,0,0,1,1,0,0,1,1
0.150499000,0,0,0,1,0,0,1,1,0,0,1,0
0.150916000,0,0,0,0,0,0,0,0,0,0,0,0
0.150921000,0,0,0,0,1,0,1,1,0,0,1,0
0.150999000,0,0,0,0,1,0,1,1,0,0,1,1
0.151499000,0,0,0,0,1,0,1,1,0,0,1,0
0.151916000,0,0,0,0,0,0,0,0,0,0,0,0
0.151921000,0,0,0,0,1,0,1,1,0,0,1,0
0.151999000,0,0,0,0,1,0,1,1,0,0,1,1
0.152499000,0,0,0,0,1,0,1,1,0,0,1,0
0.152916000,0,0,0,0,0,0,0,0,0,0,0,0
0.152921000,1,0,1,0,1,0,1,1,0,0,1,0
0.152999000,1,0,1,0,1,0,1,1,0,0,1,1
0.153499000,1,0,1,0,1,0,1,1,0,0,1,0
0.153916000,0,0,0,0,0,0,0,0,0,0,0,0
0.153921000,0,1,0,1,1,0,1,1,0,0,1,0
0.153999000,0,1,0,1,1,0,1,1,0,0,1,1
0.154499000,0,1,0,1,1,0,1,1,0,0,1,0
0.154916000,0,0,0,0,0,0,0,0,0,0,0,0
0.154921000,0,0,0,0,1,0,1,1,0,0,1,0
0.154999000,0,0,0,0,1,0,1,1,0,0,1,1
0.155499000,0,0,0,0,1,0,1,1,0,0,1,0
0.155916000,0,0,0,0,0,0,0,0,0,0,0,0
0.155921000,1,0,0,1,1,0,1,1,0,0,1,0
0.155999000,1,0,0,1,1,0,1,1,0,0,1,1
0.156499000,1,0,0,1,1,0,1,1,0,0,1,0
0.156916000,0,0,0,0,0,0,0,0,0,0,0,0
0.156921000,1,0,1,0,0,1,1,1,0,0,1,0
0.156999000,1,0,1,0,0,1,1,1,0,0,1,1
0.157499000,1,0,1,0,0,1,1,1,0,0,1,0
0.157916000,0,0,0,0,0,0,0,0,0,0,0,0
0.157921000,1,1,1,1,1,0,1,1,0,0,1,0
0.157999000,1,1,1,1,1,0,1,1,0,0,1,1
0.158499000,1,1,1,1,1,0,1,1,0,0,1,0
0.158916000,0,0,0,0,0,0,0,0,0,0,0,0
0.158921000,0,1,1,1,1,0,1,1,0,0,1,0
0.158999000,0,1,1,1,1,0,1,1,0,0,1,1
0.159499000,0,1,1,1,1,0,1,1,0,0,1,0
0.159916000,0,0,0,0,0,0,0,0,0,0,0,0
0.159921000,1,1,1,1,1,0,1,1,0,0,1,0
0.159999000,1,1,1,1,1,0,1,1,0,0,1,1
0.160499000,1,1,1,1,1,0,1,1,0,0,1,0
0.160916000,0,0,0,0,0,0,0,0,0,0,0,0
0.160921000,0,0,1,0,1,1,1,1,0,0,1,0
0.160999000,0,0,1,0,1,1,1,1,0,0,1,1
0.161499000,0,0,1,0,1,1,1,1,0,0,1,0
0.161916000,0,0,0,0,0,0,0,0,0,0,0,0
0.161921000,0,0,1,1,0,1,1,1,0,0,1,0
0.161999000,0,0,1,1,0,1,1,1,0,0,1,1
0.162499000,0,0,1,1,0,1,1,1,0,0,1,0
0.162916000,0,0,0,0,0,0,0,0,0,0,0,0
0.162921000,0,1,1,1,0,1,1,1,0,0,1,0
0.162999000,0,1,1,1,0,1,1,1,0,0,1,1
0.163499000,0,1,1,1,0,1,1,1,0,0,1,0
0.163916000,0,0,0,0,0,0,0,0,0,0,0,0
0.163921000,1,1,0,0,1,1,1,1,0,0,1,0
0.163999000,1,1,0,0,1,1,1,1,0,0,1,1
0.164499000,1,1,0,0,1,1,1,1,0,0,1,0
0.164916000,0,0,0,0,0,0,0,0,0,0,0,0
0.164921000,1,0,1,1,0,1,1,1,0,0,1,0
0.164999000,1,0,1,1,0,1,1,1,0,0,1,1
0.165499000,1,0,1,1,0,1,1,1,0,0,1,0
0.165916000,0,0,0,0,0,0,0,0,0,0,0,0
0.165921000,1,1,1,1,0,1,1,1,0,0,1,0
0.165999000,1,1,1,1,0,1,1,1,0,0,1,1
0.166499000,1,1,1,1,0,1,1,1,0,0,1,0
0.166916000,0,0,0,0,0,0,0,0,0,0,0,0
0.166921000,1,0,1,1,0,1,1,1,0,0,1,0
0.166999000,1,0,1,1,0,1,1,1,0,0,1,1
0.167499000,1,0,1,1,0,1,1,1,0,0,1,0
0.167916000,0,0,0,0,0,0,0,0,0,0,0,0
0.167921000,1,0,1,0,1,1,1,1,0,0,1,0
0.167999000,1,0,1,0,1,1,1,1,0,0,1,1
0.168499000,1,0,1,0,1,1,1,1,0,0,1,0
0.168916000,0,0,0,0,0,0,0,0,0,0,0,0
0.168921000,0,0,1,0,0,0,0,0,1,0,1,0
0.168999000,0,0,1,0,0,0,0,0,1,0,1,1
0.169499000,0,0,1,0,0,0,0,0,1,0,1,0
0.169916000,0,0,0,0,0,0,0,0,0,0,0,0
0.169921000,1,0,0,0,1,1,1,1,0,0,1,0
0.169999000,1,0,0,0,1,1,1,1,0,0,1,1
0.170499000,1,0,0,0,1,1,1,1,0,0,1,0
0.170916000,0,0,0,0,0,0,0,0,0,0,0,0
0.170921000,1,0,0,0,0,0,0,0,1,0,1,0
0.170999000,1,0,0,0,0,0,0,0,1,0,1,1
0.171499000,1,0,0,0,0,0,0,0,1,0,1,0
0.171916000,0,0,0,0,0,0,0,0,0,0,0,0
0.171921000,0,0,0,0,0,0,0,0,1,0,1,0
0.171999000,0,0,0,0,0,0,0,0,1,0,1,1
0.172499000,0,0,0,0,0,0,0,0,1,0,1,0
0.172916000,0,0,0,0,0,0,0,0,0,0,0,0
0.172921000,0,0,0,0,0,0,0,0,1,0,1,0
0.172999000,0,0,0,0,0,0,0,0,1,0,1,1
0.173499000,0,0,0,0,0,0,0,0,1,0,1,0
0.173916000,0,0,0,0,0,0,0,0,0,0,0,0
0.173921000,1,1,1,0,1,1,1,1,0,0,1,0
0.173999000,1,1,1,0,1,1,1,1,0,0,1,1
0.174499000,1,1,1,0,1,1,1,1,0,0,1,0
0.174916000,0,0,0,0,0,0,0,0,0,0,0,0
0.174921000,0,1,1,0,1,1,1,1,0,0,1,0
0.174999000,0,1,1,0,1,1,1,1,0,0,1,1
0.175499000,0,1,1,0,1,1,1,1,0,0,1,0
0.175916000,0,0,0,0,0,0,0,0,0,0,0,0
0.175921000,1,0,1,0,1,1,1,1,0,0,1,0
0.175999000,1,0,1,0,1,1,1,1,0,0,1,1
0.176499000,1,0,1,0,1,1,1,1,0,0,1,0
0.176916000,0,0,0,0,0,0,0,0,0,0,0,0
0.176921000,0,0,0,0,0,0,0,0,1,0,1,0
0.176999000,0,0,0,0,0,0,0,0,1,0,1,1
0.177499000,0,0,0,0,0,0,0,0,1,0,1,0
0.177916000,0,0,0,0,0,0,0,0,0,0,0,0
0.177921000,1,1,0,0,1,1,1,1,0,0,1,0
0.177999000,1,1,0,0,1,1,1,1,0,0,1,1
0.178499000,1,1,0,0,1,1,1,1,0,0,1,0
0.178916000,0,0,0,0,0,0,0,0,0,0,0,0
0.178921000,0,1,0,0,1,1,1,1,0,0,1,0
0.178999000,0,1,0,0,1,1,1,1,0,0,1,1
0.179499000,0,1,0,0,1,1,1,1,0,0,1,0
0.179916000,0,0,0,0,0,0,0,0,0,0,0,0
0.179921000,1,1,1,1,0,1,1,1,0,0,1,0
0.179999000,1,1,1,1,0,1,1,1,0,0,1,1
0.180499000,1,1,1,1,0,1,1,1,0,0,1,0
0.180915000,1,1,1,1,0,1,1,1,0,0,0,0
0.180916000,0,0,0,0,0,0,0,0,0,0,0,0
0.180921000,0,1,1,1,0,1,1,1,0,0,1,0
0.180999000,0,1,1,1,0,1,1,1,0,0,1,1
0.181499000,0,1,1,1,0,1,1,1,0,0,1,0
0.181915000,0,1,1,1,0,1,1,1,0,0,0,0
0.181916000,0,0,0,0,0,0,0,0,0,0,0,0
0.181921000,0,1,1,1,0,1,1,1,0,0,1,0
0.181999000,0,1,1,1,0,1,1,1,0,0,1,1
0.182499000,0,1,1,1,0,1,1,1,0,0,1,0
0.182915000,0,1,1,1,0,1,1,1,0,0,0,0
0.182916000,0,0,0,0,0,0,0,0,0,0,0,0
0.182921000,1,0,1,0,0,1,1,1,0,0,1,0
0.182999000,1,0,1,0,0,1,1,1,0,0,1,1
0.183499000,1,0,1,0,0,1,1,1,0,0,1,0
0.183915000,1,0,1,0,0,1,1,1,0,0,0,0
0.183916000,0,0,0,0,0,0,0,0,0,0,0,0
0.183921000,0,0,0,0,0,1,1,1,0,0,1,0
0.183999000,0,0,0,0,0,1,1,1,0,0,1,1
0.184499000,0,0,0,0,0,1,1,1,0,0,1,0
0.184915000,0,0,0,0,0,0,0,0,0,0,0,0
0.184921000,1,1,1,1,1,0,1,1,0,0,1,0
0.184999000,1,1,1,1,1,0,1,1,0,0,1,1
0.185499000,1,1,1,1,1,0,1,1,0,0,1,0
0.185915000,0,0,0,0,0,0,0,0,0,0,0,0
0.185921000,0,1,1,1,1,0,1,1,0,0,1,0
0.185999000,0,1,1,1,1,0,1,1,0,0,1,1
0.186499000,0,1,1,1,1,0,1,1,0,0,1,0
0.186915000,0,0,0,0,0,0,0,0,0,0,0,0
0.186921000,0,1,0,0,1,1,1,1,0,0,1,0
0.186999000,0,1,0,0,1,1,1,1,0,0,1,1
0.187499000,0,1,0,0,1,1,1,1,0,0,1,0
0.187915000,0,0,0,0,0,0,0,0,0,0,0,0
0.187921000,1,1,1,1,1,0,1,1,0,0,1,0
0.187999000,1,1,1,1,1,0,1,1,0,0,1,1
0.188499000,1,1,1,1,1,0,1,1,0,0,1,0
0.188915000,0,0,0,0,0,0,0,0,0,0,0,0
0.188921000,1,1,1,1,1,0,1,1,0,0,1,0
0.188999000,1,1,1,1,1,0,1,1,0,0,1,1
0.189499000,1,1,1,1,1,0,1,1,0,0,1,0
0.189915000,0,0,0,0,0,0,0,0,0,0,0,0
0.189921000,1,1,0,1,1,0,1,1,0,0,1,0
0.189999000,1,1,0,1,1,0,1,1,0,0,1,1
0.190499000,1,1,0,1,1,0,1,1,0,0,1,0
0.190915000,0,0,0,0,0,0,0,0,0,0,0,0
0.190921000,0,1,1,0,1,0,1,1,0,0,1,0
0.190999000,0,1,1,0,1,0,1,1,0,0,1,1
0.191499000,0,1,1,0,1,0,1,1,0,0,1,0
0.191915000,0,0,0,0,0,0,0,0,0,0,0,0
0.191920000,0,0,0,0,0,0,1,0,0,0,0,0
0.191921000,0,0,0,1,1,0,1,1,0,0,1,0
0.191999000,0,0,0,1,1,0,1,1,0,0,1,1
0.192499000,0,0,0,1,1,0,1,1,0,0,1,0
0.192915000,0,0,0,0,0,0,0,0,0,0,0,0
0.192920000,0,0,0,0,0,0,1,1,0,0,0,0
0.192921000,0,0,1,0,1,0,1,1,0,0,1,0
0.192999000,0,0,1,0,1,0,1,1,0,0,1,1
0.193499000,0,0,1,0,1,0,1,1,0,0,1,0
0.193915000,0,0,0,0,0,0,0,0,0,0,0,0
0.193920000,0,0,0,0,0,0,1,1,0,0,0,0
0.193921000,1,1,0,1,0,0,1,1,0,0,1,0
0.193999000,1,1,0,1,0,0,1,1,0,0,1,1
0.194499000,1,1,0,1,0,0,1,1,0,0,1,0
0.194915000,0,0,0,0,0,0,0,0,0,0,0,0
0.194920000,0,0,0,0,1,0,1,1,0,0,1,0
0.194921000,1,1,0,0,1,0,1,1,0,0,1,0
0.194999000,1,1,0,0,1,0,1,1,0,0,1,1
0.195499000,1,1,0,0,1,0,1,1,0,0,1,0
0.195915000,0,0,0,0,0,0,0,0,0,0,0,0
0.195920000,0,0,0,0,1,0,1,1,0,0,1,0
0.195999000,0,0,0,0,1,0,1,1,0,0,1,1
0.196499000,0,0,0,0,1,0,1,1,0,0,1,0
0.196915000,0,0,0,0,0,0,0,0,0,0,0,0
0.196920000,0,1,1,0,1,1,0,1,0,0,1,0
0.196999000,0,1,1,0,1,1,0,1,0,0,1,1
0.197499000,0,1,1,0,1,1,0,1,0,0,1,0
0.197915000,0,0,0,0,0,0,0,0,0,0,0,0
0.197920000,1,1,0,1,1,1,0,1,0,0,1,0
0.197999000,1,1,0,1,1,1,0,1,0,0,1,1
0.198499000,1,1,0,1,1,1,0,1,0,0,1,0
0.198915000,0,0,0,0,0,0,0,0,0,0,0,0
0.198920000,1,0,0,1,1,1,0,1,0,0,1,0
0.198999000,1,0,0,1,1,1,0,1,0,0,1,1
0.199499000,1,0,0,1,1,1,0,1,0,0,1,0
0.199915000,0,0,0,0,0,0,0,0,0,0,0,0
0.199920000,1,1,1,0,1,1,0,1,0,0,1,0
0.199999000,1,1,1,0,1,1,0,1,0,0,1,1
0.200499000,1,1,1,0,1,1,0,1,0,0,1,0
0.200915000,0,0,0,0,0,0,0,0,0,0,0,0
0.200920000,1,1,0,0,1,1,0,1,0,0,1,0
0.200999000,1,1,0,0,1,1,0,1,0,0,1,1
0.201499000,1,1,0,0,1,1,0,1,0,0,1,0
0.201915000,0,0,0,0,0,0,0,0,0,0,0,0
0.201920000,0,1,0,0,1,1,0,1,0,0,1,0
0.201999000,0,1,0,0,1,1,0,1,0,0,1,1
0.202499000,0,1,0,0,1,1,0,1,0,0,1,0
0.202915000,0,0,0,0,0,0,0,0,0,0,0,0
0.202920000,1,0,1,1,0,1,0,1,0,0,1,0
0.202999000,1,0,1,1,0,1,0,1,0,0,1,1
0.203499000,1,0,1,1,0,1,0,1,0,0,1,0
0.203915000,0,0,0,0,0,0,0,0,0,0,0,0
0.203920000,0,0,0,1,0,1,0,1,0,0,1,0
0.203999000,0,0,0,1,0,1,0,1,0,0,1,1
0.204499000,0,0,0,1,0,1,0,1,0,0,1,0
0.204915000,0,0,0,0,0,0,0,0,0,0,0,0
0.204920000,1,1,1,0,1,1,0,1,0,0,1,0
0.204999000,1,1,1,0,1,1,0,1,0,0,1,1
0.205499000,1,1,1,0,1,1,0,1,0,0,1,0
0.205915000,0,0,0,0,0,0,0,0,0,0,0,0
0.205920000,1,0,1,1,1,0,0,1,0,0,1,0
0.205999000,1,0,1,1,1,0,0,1,0,0,1,1
0.206499000,1,0,1,1,1,0,0,1,0,0,1,0
0.206915000,0,0,0,0,0,0,0,0,0,0,0,0
0.206920000,1,1,1,1,0,1,0,1,0,0,1,0
0.206999000,1,1,1,1,0,1,0,1,0,0,1,1
0.207499000,1,1,1,1,0,1,0,1,0,0,1,0
0.207915000,0,0,0,0,0,0,0,0,0,0,0,0
0.207920000,1,0,0,0,0,1,0,1,0,0,1,0
0.207999000,1,0,0,0,0,1,0,1,0,0,1,1
0.208499000,1,0,0,0,0,1,0,1,0,0,1,0
0.208915000,0,0,0,0,0,0,0,0,0,0,0,0
0.208920000,1,0,0,0,0,1,0,1,0,0,1,0
0.208999000,1,0,0,0,0,1,0,1,0,0,1,1
0.209499000,1,0,0,0,0,1,0,1,0,0,1,0
0.209915000,0,0,0,0,0,0,0,0,0,0,0,0
0.209920000,1,0,0,0,0,1,0,1,0,0,1,0
0.209999000,1,0,0,0,0,1,0,1,0,0,1,1
0.210499000,1,0,0,0,0,1,0,1,0,0,1,0
0.210915000,0,0,0,0,0,0,0,0,0,0,0,0
0.210920000,1,1,0,1,0,1,0,1,0,0,1,0
0.210999000,1,1,0,1,0,1,0,1,0,0,1,1
0.211499000,1,1,0,1,0,1,0,1,0,0,1,0
0.211915000,0,0,0,0,0,0,0,0,0,0,0,0
0.211920000,1,1,0,0,0,1,0,1,0,0,1,0
0.211999000,1,1,0,0,0,1,0,1,0,0,1,1
0.212499000,1,1,0,0,0,1,0,1,0,0,1,0
0.212915000,0,0,0,0,0,0,0,0,0,0,0,0
0.212920000,0,1,0,1,0,1,0,1,0,0,1,0
0.212999000,0,1,0,1,0,1,0,1,0,0,1,1
0.213499000,0,1,0,1,0,1,0,1,0,0,1,0
0.213915000,0,0,0,0,0,0,0,0,0,0,0,0
0.213920000,0,1,1,0,0,1,0,1,0,0,1,0
0.213999000,0,1,1,0,0,1,0,1,0,0,1,1
0.214499000,0,1,1,0,0,1,0,1,0,0,1,0
0.214915000,0,0,0,0,0,0,0,0,0,0,0,0
0.214920000,0,0,1,1,1,0,0,1,0,0,1,0
0.214999000,0,0,1,1,1,0,0,1,0,0,1,1
0.215499000,0,0,1,1,1,0,0,1,0,0,1,0
0.215915000,0,0,0,0,0,0,0,0,0,0,0,0
0.215920000,0,1,0,0,1,0,0,1,0,0,1,0
0.215999000,0,1,0,0,1,0,0,1,0,0,1,1
0.216499000,0,1,0,0,1,0,0,1,0,0,1,0
0.216915000,0,0,0,0,0,0,0,0,0,0,0,0
0.216920000,0,0,1,0,0,0,0,1,0,0,1,0
0.216999000,0,0,1,0,0,0,0,1,0,0,1,1
0.217499000,0,0,1,0,0,0,0,1,0,0,1,0
0.217915000,0,0,0,0,0,0,0,0,0,0,0,0
0.217920000,0,0,1,0,1,1,1,0,0,0,1,0
0.217999000,0,0,1,0,1,1,1,0,0,0,1,1
0.218499000,0,0,1,0,1,1,1,0,0,0,1,0
0.218915000,0,0,0,0,0,0,0,0,0,0,0,0
0.218920000,1,1,1,0,1,0,0,1,0,0,1,0
0.218999000,1,1,1,0,1,0,0,1,0,0,1,1
0.219499000,1,1,1,0,1,0,0,1,0,0,1,0
0.219915000,0,0,0,0,0,0,0,0,0,0,0,0
0.219920000,0,0,0,0,0,1,0,1,0,0,1,0
0.219999000,0,0,0,0,0,1,0,1,0,0,1,1
0.220499000,0,0,0,0,0,1,0,1,0,0,1,0
0.220915000,0,0,0,0,0,0,0,0,0,0,0,0
0.220920000,1,0,1,0,0,1,0,1,0,0,1,0
0.220999000,1,0,1,0,0,1,0,1,0,0,1,1
0.221499000,1,0,1,0,0,1,0,1,0,0,1,0
0.221915000,0,0,0,0,0,0,0,0,0,0,0,0
0.221920000,1,1,1,0,1,0,0,1,0,0,1,0
0.221999000,1,1,1,0,1,0,0,1,0,0,1,1
0.222499000,1,1,1,0,1,0,0,1,0,0,1,0
0.222915000,0,0,0,0,0,0,0,0,0,0,0,0
0.222920000,1,0,0,1,0,1,0,1,0,0,1,0
0.222999000,1,0,0,1,0,1,0,1,0,0,1,1
0.223499000,1,0,0,1,0,1,0,1,0,0,1,0
0.223915000,0,0,0,0,0,0,0,0,0,0,0,0
0.223920000,1,1,1,1,0,1,0,1,0,0,1,0
0.223999000,1,1,1,1,0,1,0,1,0,0,1,1
0.224499000,1,1,1,1,0,1,0,1,0,0,1,0
0.224915000,0,0,0,0,0,0,0,0,0,0,0,0
0.224920000,1,1,0,0,0,1,0,1,0,0,1,0
0.224999000,1,1,0,0,0,1,0,1,0,0,1,1
0.225499000,1,1,0,0,0,1,0,1,0,0,1,0
0.225915000,0,0,0,0,0,0,0,0,0,0,0,0
0.225920000,1,0,0,0,0,1,0,1,0,0,1,0
0.225999000,1,0,0,0,0,1,0,1,0,0,1,1
0.226499000,1,0,0,0,0,1,0,1,0,0,1,0
0.226915000,0,0,0,0,0,0,0,0,0,0,0,0
0.226920000,0,0,1,1,1,0,0,1,0,0,1,0
0.226998000,0,0,1,1,1,0,0,1,0,0,1,1
0.227498000,0,0,1,1,1,0,0,1,0,0,1,0
0.227915000,0,0,0,0,0,0,0,0,0,0,0,0
0.227920000,1,1,1,0,0,1,0,1,0,0,1,0
0.227998000,1,1,1,0,0,1,0,1,0,0,1,1
0.228498000,1,1,1,0,0,1,0,1,0,0,1,0
0.228915000,0,0,0,0,0,0,0,0,0,0,0,0
0.228920000,0,1,1,0,0,1,0,1,0,0,1,0
0.228998000,0,1,1,0,0,1,0,1,0,0,1,1
0.229498000,0,1,1,0,0,1,0,1,0,0,1,0
0.229915000,0,0,0,0,0,0,0,0,0,0,0,0
0.229920000,1,0,1,0,0,1,0,1,0,0,1,0
0.229998000,1,0,1,0,0,1,0,1,0,0,1,1
0.230498000,1,0,1,0,0,1,0,1,0,0,1,0
0.230915000,0,0,0,0,0,0,0,0,0,0,0,0
0.230920000,0,1,0,0,0,1,0,1,0,0,1,0
0.230998000,0,1,0,0,0,1,0,1,0,0,1,1
0.231498000,0,1,0,0,0,1,0,1,0,0,1,0
0.231915000,0,0,0,0,0,0,0,0,0,0,0,0
0.231920000,0,1,1,0,0,1,0,1,0,0,1,0
0.231998000,0,1,1,0,0,1,0,1,0,0,1,1
0.232498000,0,1,1,0,0,1,0,1,0,0,1,0
0.232915000,0,0,0,0,0,0,0,0,0,0,0,0
0.232920000,1,1,1,1,0,1,0,1,0,0,1,0
0.232998000,1,1,1,1,0,1,0,1,0,0,1,1
0.233498000,1,1,1,1,0,1,0,1,0,0,1,0
0.233915000,0,0,0,0,0,0,0,0,0,0,0,0
0.233920000,1,1,1,0,1,0,0,1,0,0,1,0
0.233998000,1,1,1,0,1,0,0,1,0,0,1,1
0.234498000,1,1,1,0,1,0,0,1,0,0,1,0
0.234915000,0,0,0,0,0,0,0,0,0,0,0,0
0.234920000,1,1,0,1,0,1,0,1,0,0,1,0
0.234998000,1,1,0,1,0,1,0,1,0,0,1,1
0.235498000,1,1,0,1,0,1,0,1,0,0,1,0
0.235915000,0,0,0,0,0,0,0,0,0,0,0,0
0.235920000,0,1,1,1,0,1,0,1,0,0,1,0
0.235998000,0,1,1,1,0,1,0,1,0,0,1,1
0.236498000,0,1,1,1,0,1,0,1,0,0,1,0
0.236915000,0,0,0,0,0,0,0,0,0,0,0,0
0.236920000,0,1,1,1,1,1,0,1,0,0,1,0
0.236998000,0,1,1,1,1,1,0,1,0,0,1,1
0.237498000,0,1,1,1,1,1,0,1,0,0,1,0
0.237915000,0,0,0,0,0,0,0,0,0,0,0,0
0.237920000,0,0,0,0,0,0,1,1,0,0,1,0
0.237998000,0,0,0,0,0,0,1,1,0,0,1,1
0.238498000,0,0,0,0,0,0,1,1,0,0,1,0
0.238915000,0,0,0,0,0,0,0,0,0,0,0,0
0.238920000,1,1,1,1,1,1,0,1,0,0,1,0
0.238998000,1,1,1,1,1,1,0,1,0,0,1,1
0.239498000,1,1,1,1,1,1,0,1,0,0,1,0
0.239915000,0,0,0,0,0,0,0,0,0,0,0,0
0.239920000,1,1,1,1,1,1,0,1,0,0,1,0
0.239998000,1,1,1,1,1,1,0,1,0,0,1,1
0.240498000,1,1,1,1,1,1,0,1,0,0,1,0
0.240915000,0,0,0,0,0,0,0,0,0,0,0,0
0.240920000,0,1,1,1,1,1,0,1,0,0,1,0
0.240998000,0,1,1,1,1,1,0,1,0,0,1,1
0.241498000,0,1,1,1,1,1,0,1,0,0,1,0
0.241915000,0,0,0,0,0,0,0,0,0,0,0,0
0.241920000,0,0,0,0,1,0,1,1,0,0,1,0
0.241998000,0,0,0,0,1,0,1,1,0,0,1,1
0.242498000,0,0,0,0,1,0,1,1,0,0,1,0
0.242915000,0,0,0,0,0,0,0,0,0,0,0,0
0.242920000,1,1,0,0,0,0,1,1,0,0,1,0
0.242998000,1,1,0,0,0,0,1,1,0,0,1,1
0.243498000,1,1,0,0,0,0,1,1,0,0,1,0
0.243915000,0,0,0,0,0,0,0,0,0,0,0,0
0.243920000,1,1,1,0,1,0,1,1,0,0,1,0
0.243998000,1,1,1,0,1,0,1,1,0,0,1,1
0.244498000,1,1,1,0,1,0,1,1,0,0,1,0
0.244915000,0,0,0,0,0,0,0,0,0,0,0,0
0.244920000,0,0,0,1,0,0,1,1,0,0,1,0
0.244998000,0,0,0,1,0,0,1,1,0,0,1,1
0.245498000,0,0,0,1,0,0,1,1,0,0,1,0
0.245915000,0,0,0,0,0,0,0,0,0,0,0,0
0.245920000,1,1,1,0,1,0,1,1,0,0,1,0
0.245998000,1,1,1,0,1,0,1,1,0,0,1,1
0.246498000,1,1,1,0,1,0,1,1,0,0,1,0
0.246915000,0,0,0,0,0,0,0,0,0,0,0,0
0.246920000,0,1,1,1,1,0,1,1,0,0,1,0
0.246998000,0,1,1,1,1,0,1,1,0,0,1,1
0.247498000,0,1,1,1,1,0,1,1,0,0,1,0
0.247915000,0,0,0,0,0,0,0,0,0,0,0,0
0.247920000,1,1,1,0,1,0,1,1,0,0,1,0
0.247998000,1,1,1,0,1,0,1,1,0,0,1,1
0.248498000,1,1,1,0,1,0,1,1,0,0,1,0
0.248915000,0,0,0,0,0,0,0,0,0,0,0,0
0.248920000,0,0,1,1,0,0,1,1,0,0,1,0
0.248998000,0,0,1,1,0,0,1,1,0,0,1,1
0.249498000,0,0,1,1,0,0,1,1,0,0,1,0
0.249915000,0,0,0,0,0,0,0,0,0,0,0,0
0.249920000,1,1,0,1,0,0,1,1,0,0,1,0
0.249998000,1,1,0,1,0,0,1,1,0,0,1,1
0.250498000,1,1,0,1,0,0,1,1,0,0,1,0
0.250915000,0,0,0,0,0,0,0,0,0,0,0,0
0.250920000,1,0,1,1,1,0,1,1,0,0,1,0
0.250998000,1,0,1,1,1,0,1,1,0,0,1,1
0.251498000,1,0,1,1,1,0,1,1,0,0,1,0
0.251915000,0,0,0,0,0,0,0,0,0,0,0,0
0.251920000,1,0,1,0,0,1,1,1,0,0,1,0
0.251998000,1,0,1,0,0,1,1,1,0,0,1,1
0.252498000,1,0,1,0,0,1,1,1,0,0,1,0
0.252915000,0,0,0,0,0,0,0,0,0,0,0,0
0.252920000,0,0,1,1,0,1,1,1,0,0,1,0
0.252998000,0,0,1,1,0,1,1,1,0,0,1,1
0.253498000,0,0,1,1,0,1,1,1,0,0,1,0
0.253915000,0,0,0,0,0,0,0,0,0,0,0,0
0.253920000,1,1,0,1,0,1,1,1,0,0,1,0
0.253998000,1,1,0,1,0,1,1,1,0,0,1,1
0.254498000,1,1,0,1,0,1,1,1,0,0,1,0
0.254915000,0,0,0,0,0,0,0,0,0,0,0,0
0.254920000,1,1,1,1,0,1,1,1,0,0,1,0
0.254998000,1,1,1,1,0,1,1,1,0,0,1,1
0.255498000,1,1,1,1,0,1,1,1,0,0,1,0
0.255915000,0,0,0,0,0,0,0,0,0,0,0,0
0.255920000,1,1,1,1,0,1,1,1,0,0,1,0
0.255998000,1,1,1,1,0,1,1,1,0,0,1,1
0.256498000,1,1,1,1,0,1,1,1,0,0,1,0
0.256915000,0,0,0,0,0,0,0,0,0,0,0,0
0.256920000,0,1,0,1,0,1,1,1,0,0,1,0
0.256998000,0,1,0,1,0,1,1,1,0,0,1,1
0.257498000,0,1,0,1,0,1,1,1,0,0,1,0
0.257915000,0,0,0,0,0,0,0,0,0,0,0,0
0.257920000,1,1,1,1,1,0,1,1,0,0,1,0
0.257998000,1,1,1,1,1,0,1,1,0,0,1,1
0.258498000,1,1,1,1,1,0,1,1,0,0,1,0
0.258915000,0,0,0,0,0,0,0,0,0,0,0,0
0.258920000,1,1,1,1,1,0,1,1,0,0,1,0
0.258998000,1,1,1,1,1,0,1,1,0,0,1,1
0.259498000,1,1,1,1,1,0,1,1,0,0,1,0
0.259915000,0,0,0,0,0,0,0,0,0,0,0,0
0.259920000,1,0,0,1,0,1,1,1,0,0,1,0
0.259998000,1,0,0,1,0,1,1,1,0,0,1,1
0.260498000,1,0,0,1,0,1,1,1,0,0,1,0
0.260915000,0,0,0,0,0,0,0,0,0,0,0,0
0.260920000,0,0,1,0,1,1,1,1,0,0,1,0
0.260998000,0,0,1,0,1,1,1,1,0,0,1,1
0.261498000,0,0,1,0,1,1,1,1,0,0,1,0
0.261915000,0,0,0,0,0,0,0,0,0,0,0,0
0.261920000,1,1,1,0,0,0,0,0,1,0,1,0
0.261998000,1,1,1,0,0,0,0,0,1,0,1,1
0.262498000,1,1,1,0,0,0,0,0,1,0,1,0
0.262915000,0,0,0,0,0,0,0,0,0,0,0,0
0.262920000,1,0,1,0,1,1,1,1,0,0,1,0
0.262998000,1,0,1,0,1,1,1,1,0,0,1,1
0.263498000,1,0,1,0,1,1,1,1,0,0,1,0
0.263915000,0,0,0,0,0,0,0,0,0,0,0,0
0.263920000,0,0,0,0,1,1,1,1,0,0,1,0
0.263998000,0,0,0,0,1,1,1,1,0,0,1,1
0.264498000,0,0,0,0,1,1,1,1,0,0,1,0
0.264915000,0,0,0,0,0,0,0,0,0,0,0,0
0.264920000,1,0,1,1,1,0,1,1,0,0,1,0
0.264998000,1,0,1,1,1,0,1,1,0,0,1,1
0.265498000,1,0,1,1,1,0,1,1,0,0,1,0
0.265915000,0,0,0,0,0,0,0,0,0,0,0,0
0.265920000,1,1,0,1,1,0,1,1,0,0,1,0
0.265998000,1,1,0,1,1,0,1,1,0,0,1,1
0.266498000,1,1,0,1,1,0,1,1,0,0,1,0
0.266915000,0,0,0,0,0,0,0,0,0,0,0,0
0.266920000,1,1,1,1,1,0,1,1,0,0,1,0
0.266998000,1,1,1,1,1,0,1,1,0,0,1,1
0.267498000,1,1,1,1,1,0,1,1,0,0,1,0
0.267915000,0,0,0,0,0,0,0,0,0,0,0,0
0.267920000,0,1,1,1,1,0,1,1,0,0,1,0
0.267998000,0,1,1,1,1,0,1,1,0,0,1,1
0.268498000,0,1,1,1,1,0,1,1,0,0,1,0
0.268915000,0,0,0,0,0,0,0,0,0,0,0,0
0.268920000,1,1,1,1,1,0,1,1,0,0,1,0
0.268998000,1,1,1,1,1,0,1,1,0,0,1,1
0.269498000,1,1,1,1,1,0,1,1,0,0,1,0
0.269915000,0,0,0,0,0,0,0,0,0,0,0,0
0.269920000,1,1,1,1,0,1,1,1,0,0,1,0
0.269998000,1,1,1,1,0,1,1,1,0,0,1,1
0.270498000,1,1,1,1,0,1,1,1,0,0,1,0
0.270915000,0,0,0,0,0,0,0,0,0,0,0,0
0.270920000,1,0,0,0,0,0,0,0,1,0,1,0
0.270998000,1,0,0,0,0,0,0,0,1,0,1,1
0.271498000,1,0,0,0,0,0,0,0,1,0,1,0
0.271915000,0,0,0,0,0,0,0,0,0,0,0,0
0.271920000,1,1,1,1,1,0,1,1,0,0,1,0
0.271998000,1,1,1,1,1,0,1,1,0,0,1,1
0.272498000,1,1,1,1,1,0,1,1,0,0,1,0
0.272915000,0,0,0,0,0,0,0,0,0,0,0,0
0.272920000,1,0,1,1,1,0,1,1,0,0,1,0
0.272998000,1,0,1,1,1,0,1,1,0,0,1,1
0.273498000,1,0,1,1,1,0,1,1,0,0,1,0
0.273915000,0,0,0,0,0,0,0,0,0,0,0,0
0.273920000,1,0,0,0,1,0,1,1,0,0,1,0
0.273998000,1,0,0,0,1,0,1,1,0,0,1,1
0.274498000,1,0,0,0,1,0,1,1,0,0,1,0
0.274915000,0,0,0,0,0,0,0,0,0,0,0,0
0.274920000,1,1,0,1,1,0,1,1,0,0,1,0
0.274998000,1,1,0,1,1,0,1,1,0,0,1,1
0.275498000,1,1,0,1,1,0,1,1,0,0,1,0
0.275915000,0,0,0,0,0,0,0,0,0,0,0,0
0.275920000,1,1,1,1,1,0,1,1,0,0,1,0
0.275998000,1,1,1,1,1,0,1,1,0,0,1,1
0.276498000,1,1,1,1,1,0,1,1,0,0,1,0
0.276915000,0,0,0,0,0,0,0,0,0,0,0,0
0.276920000,0,0,0,0,0,0,0,0,1,0,1,0
0.276998000,0,0,0,0,0,0,0,0,1,0,1,1
0.277498000,0,0,0,0,0,0,0,0,1,0,1,0
0.277915000,0,0,0,0,0,0,0,0,0,0,0,0
0.277920000,1,0,0,1,0,0,0,0,1,0,1,0
0.277998000,1,0,0,1,0,0,0,0,1,0,1,1
0.278498000,1,0,0,1,0,0,0,0,1,0,1,0
0.278915000,0,0,0,0,0,0,0,0,0,0,0,0
0.278920000,0,0,0,0,1,0,0,0,1,0,1,0
0.278998000,0,0,0,0,1,0,0,0,1,0,1,1
0.279498000,0,0,0,0,1,0,0,0,1,0,1,0
0.279915000,0,0,0,0,0,0,0,0,0,0,0,0
0.279920000,0,0,1,1,0,1,1,1,0,0,1,0
0.279998000,0,0,1,1,0,1,1,1,0,0,1,1
0.280498000,0,0,1,1,0,1,1,1,0,0,1,0
0.280915000,0,0,0,0,0,0,0,0,0,0,0,0
0.280920000,0,0,1,1,1,0,1,1,0,0,1,0
0.280998000,0,0,1,1,1,0,1,1,0,0,1,1
0.281498000,0,0,1,1,1,0,1,1,0,0,1,0
0.281915000,0,0,0,0,0,0,0,0,0,0,0,0
0.281920000,1,0,1,1,1,1,0,1,0,0,1,0
0.281998000,1,0,1,1,1,1,0,1,0,0,1,1
0.282498000,1,0,1,1,1,1,0,1,0,0,1,0
0.282915000,0,0,0,0,0,0,0,0,0,0,0,0
0.282920000,1,1,1,0,1,0,0,1,0,0,1,0
0.282998000,1,1,1,0,1,0,0,1,0,0,1,1
0.283498000,1,1,1,0,1,0,0,1,0,0,1,0
0.283915000,0,0,0,0,0,0,0,0,0,0,0,0
0.283920000,0,0,1,1,1,0,0,1,0,0,1,0
0.283998000,0,0,1,1,1,0,0,1,0,0,1,1
0.284498000,0,0,1,1,1,0,0,1,0,0,1,0
0.284915000,0,0,0,0,0,0,0,0,0,0,0,0
0.284920000,0,0,0,0,1,1,0,1,0,0,1,0
0.284998000,0,0,0,0,1,1,0,1,0,0,1,1
0.285498000,0,0,0,0,1,1,0,1,0,0,1,0
0.285915000,0,0,0,0,0,0,0,0,0,0,0,0
0.285920000,0,0,1,1,1,1,0,1,0,0,1,0
0.285998000,0,0,1,1,1,1,0,1,0,0,1,1
0.286498000,0,0,1,1,1,1,0,1,0,0,1,0
0.286915000,0,0,0,0,0,0,0,0,0,0,0,0
0.286920000,1,1,1,1,0,1,1,1,0,0,1,0
0.286998000,1,1,1,1,0,1,1,1,0,0,1,1
0.287498000,1,1,1,1,0,1,1,1,0,0,1,0
0.287915000,0,0,0,0,0,0,0,0,0,0,0,0
0.287920000,1,1,1,1,1,0,1,1,0,0,1,0
0.287998000,1,1,1,1,1,0,1,1,0,0,1,1
0.288498000,1,1,1,1,1,0,1,1,0,0,1,0
0.288915000,0,0,0,0,0,0,0,0,0,0,0,0
0.288920000,0,1,0,1,1,0,1,1,0,0,1,0
0.288998000,0,1,0,1,1,0,1,1,0,0,1,1
0.289498000,0,1,0,1,1,0,1,1,0,0,1,0
0.289915000,0,0,0,0,0,0,0,0,0,0,0,0
0.289920000,1,1,0,0,1,1,0,1,0,0,1,0
0.289998000,1,1,0,0,1,1,0,1,0,0,1,1
0.290498000,1,1,0,0,1,1,0,1,0,0,1,0
0.290915000,0,0,0,0,0,0,0,0,0,0,0,0
0.290920000,1,1,1,0,1,1,0,1,0,0,1,0
0.290998000,1,1,1,0,1,1,0,1,0,0,1,1
0.291498000,1,1,1,0,1,1,0,1,0,0,1,0
0.291915000,0,0,0,0,0,0,0,0,0,0,0,0
0.291920000,1,1,0,1,1,1,0,1,0,0,1,0
0.291998000,1,1,0,1,1,1,0,1,0,0,1,1
0.292498000,1,1,0,1,1,1,0,1,0,0,1,0
0.292915000,0,0,0,0,0,0,0,0,0,0,0,0
0.292920000,1,0,1,0,0,0,1,1,0,0,1,0
0.292998000,1,0,1,0,0,0,1,1,0,0,1,1
0.293498000,1,0,1,0,0,0,1,1,0,0,1,0
0.293915000,0,0,0,0,0,0,0,0,0,0,0,0
0.293920000,1,0,0,1,1,0,1,1,0,0,1,0
0.293998000,1,0,0,1,1,0,1,1,0,0,1,1
0.294498000,1,0,0,1,1,0,1,1,0,0,1,0
0.294915000,0,0,0,0,0,0,0,0,0,0,0,0
0.294920000,1,1,0,1,1,0,1,1,0,0,1,0
0.294998000,1,1,0,1,1,0,1,1,0,0,1,1
0.295498000,1,1,0,1,1,0,1,1,0,0,1,0
0.295915000,0,0,0,0,0,0,0,0,0,0,0,0
0.295920000,1,1,1,0,0,0,1,1,0,0,1,0
0.295998000,1,1,1,0,0,0,1,1,0,0,1,1
0.296498000,1,1,1,0,0,0,1,1,0,0,1,0
0.296915000,0,0,0,0,0,0,0,0,0,0,0,0
0.296920000,0,0,0,0,1,1,0,1,0,0,1,0
0.296998000,0,0,0,0,1,1,0,1,0,0,1,1
0.297498000,0,0,0,0,1,1,0,1,0,0,1,0
0.297915000,0,0,0,0,0,0,0,0,0,0,0,0
0.297920000,1,1,0,1,0,1,1,0,0,0,1,0
0.297998000,1,1,0,1,0,1,1,0,0,0,1,1
0.298498000,1,1,0,1,0,1,1,0,0,0,1,0
0.298915000,0,0,0,0,0,0,0,0,0,0,0,0
0.298920000,1,0,1,0,0,1,1,0,0,0,1,0
0.298998000,1,0,1,0,0,1,1,0,0,0,1,1
0.299498000,1,0,1,0,0,1,1,0,0,0,1,0
0.299915000,0,0,0,0,0,0,0,0,0,0,0,0
0.299920000,1,1,1,0,1,1,1,0,0,0,1,0
0.299998000,1,1,1,0,1,1,1,0,0,0,1,1
0.300498000,1,1,1,0,1,1,1,0,0,0,1,0
0.300915000,0,0,0,0,0,0,0,0,0,0,0,0
0.300920000,1,0,0,1,1,0,0,1,0,0,1,0
0.300998000,1,0,0,1,1,0,0,1,0,0,1,1
0.301498000,1,0,0,1,1,0,0,1,0,0,1,0
0.301915000,0,0,0,0,0,0,0,0,0,0,0,0
0.301920000,0,0,1,1,0,0,1,1,0,0,1,0
0.301998000,0,0,1,1,0,0,1,1,0,0,1,1
0.302498000,0,0,1,1,0,0,1,1,0,0,1,0
0.302915000,0,0,0,0,0,0,0,0,0,0,0,0
0.302920000,1,0,1,1,1,0,1,1,0,0,1,0
0.302998000,1,0,1,1,1,0,1,1,0,0,1,1
0.303498000,1,0,1,1,1,0,1,1,0,0,1,0
0.303915000,0,0,0,0,0,0,0,0,0,0,0,0
0.303920000,0,1,1,0,1,0,1,1,0,0,1,0
0.303998000,0,1,1,0,1,0,1,1,0,0,1,1
0.304498000,0,1,1,0,1,0,1,1,0,0,1,0
0.304915000,0,0,0,0,0,0,0,0,0,0,0,0
0.304920000,0,0,0,1,0,0,1,1,0,0,1,0
0.304998000,0,0,0,1,0,0,1,1,0,0,1,1
0.305498000,0,0,0,1,0,0,1,1,0,0,1,0
0.305915000,0,0,0,0,0,0,0,0,0,0,0,0
0.305920000,0,0,1,1,0,1,0,1,0,0,1,0
0.305998000,0,0,1,1,0,1,0,1,0,0,1,1
0.306498000,0,0,1,1,0,1,0,1,0,0,1,0
0.306915000,0,0,0,0,0,0,0,0,0,0,0,0
0.306920000,1,1,1,1,0,1,1,0,0,0,1,0
0.306998000,1,1,1,1,0,1,1,0,0,0,1,1
0.307498000,1,1,1,1,0,1,1,0,0,0,1,0
0.307915000,0,0,0,0,0,0,0,0,0,0,0,0
0.307920000,1,1,1,0,1,1,1,0,0,0,1,0
0.307998000,1,1,1,0,1,1,1,0,0,0,1,1
0.308498000,1,1,1,0,1,1,1,0,0,0,1,0
0.308915000,0,0,0,0,0,0,0,0,0,0,0,0
0.308920000,0,1,1,0,1,1,0,1,0,0,1,0
0.308998000,0,1,1,0,1,1,0,1,0,0,1,1
0.309498000,0,1,1,0,1,1,0,1,0,0,1,0
0.309915000,0,0,0,0,0,0,0,0,0,0,0,0
0.309920000,0,0,1,1,1,0,1,1,0,0,1,0
0.309998000,0,0,1,1,1,0,1,1,0,0,1,1
0.310498000,0,0,1,1,1,0,1,1,0,0,1,0
0.310915000,0,0,0,0,0,0,0,0,0,0,0,0
0.310920000,1,1,1,1,0,1,1,1,0,0,1,0
0.310998000,1,1,1,1,0,1,1,1,0,0,1,1
0.311498000,1,1,1,1,0,1,1,1,0,0,1,0
0.311915000,0,0,0,0,0,0,0,0,0,0,0,0
0.311920000,1,1,0,1,0,1,1,1,0,0,1,0
0.311998000,1,1,0,1,0,1,1,1,0,0,1,1
0.312498000,1,1,0,1,0,1,1,1,0,0,1,0
0.312915000,0,0,0,0,0,0,0,0,0,0,0,0
0.312920000,1,0,1,0,1,1,0,1,0,0,1,0
0.312998000,1,0,1,0,1,1,0,1,0,0,1,1
0.313498000,1,0,1,0,1,1,0,1,0,0,1,0
0.313915000,0,0,0,0,0,0,0,0,0,0,0,0
0.313920000,1,1,1,0,0,1,1,0,0,0,1,0
0.313998000,1,1,1,0,0,1,1,0,0,0,1,1
0.314498000,1,1,1,0,0,1,1,0,0,0,1,0
0.314915000,0,0,0,0,0,0,0,0,0,0,0,0
0.314920000,0,0,0,1,0,0,1,0,0,0,1,0
0.314998000,0,0,0,1,0,0,1,0,0,0,1,1
0.315498000,0,0,0,1,0,0,1,0,0,0,1,0
0.315915000,0,0,0,0,0,0,0,0,0,0,0,0
0.315920000,0,0,0,1,0,1,0,0,0,0,1,0
0.315998000,0,0,0,1,0,1,0,0,0,0,1,1
0.316498000,0,0,0,1,0,1,0,0,0,0,1,0
0.316915000,0,0,0,0,0,0,0,0,0,0,0,0
0.316920000,1,0,0,0,0,0,1,0,0,0,1,0
0.316998000,1,0,0,0,0,0,1,0,0,0,1,1
0.317498000,1,0,0,0,0,0,1,0,0,0,1,0
0.317915000,0,0,0,0,0,0,0,0,0,0,0,0
0.317920000,0,1,1,1,0,1,1,0,0,0,1,0
0.317998000,0,1,1,1,0,1,1,0,0,0,1,1
0.318498000,0,1,1,1,0,1,1,0,0,0,1,0
0.318915000,0,0,0,0,0,0,0,0,0,0,0,0
0.318920000,0,0,1,1,0,0,1,1,0,0,1,0
0.318998000,0,0,1,1,0,0,1,1,0,0,1,1
0.319498000,0,0,1,1,0,0,1,1,0,0,1,0
0.319915000,0,0,0,0,0,0,0,0,0,0,0,0
0.319920000,1,0,1,1,0,1,0,0,1,0,1,0
0.319998000,1,0,1,1,0,1,0,0,1,0,1,1
0.320498000,1,0,1,1,0,1,0,0,1,0,1,0
0.320915000,0,0,0,0,0,0,0,0,0,0,0,0
0.320920000,0,0,1,1,0,1,0,0,1,0,1,0
0.320998000,0,0,1,1,0,1,0,0,1,0,1,1
0.321498000,0,0,1,1,0,1,0,0,1,0,1,0
0.321915000,0,0,0,0,0,0,0,0,0,0,0,0
0.321920000,1,0,0,1,0,1,0,0,1,0,1,0
0.321998000,1,0,0,1,0,1,0,0,1,0,1,1
0.322498000,1,0,0,1,0,1,0,0,1,0,1,0
0.322915000,0,0,0,0,0,0,0,0,0,0,0,0
0.322920000,1,1,1,0,1,0,1,1,0,0,1,0
0.322998000,1,1,1,0,1,0,1,1,0,0,1,1
0.323498000,1,1,1,0,1,0,1,1,0,0,1,0
0.323915000,0,0,0,0,0,0,0,0,0,0,0,0
0.323920000,1,0,1,1,0,1,0,1,0,0,1,0
0.323998000,1,0,1,1,0,1,0,1,0,0,1,1
0.324498000,1,0,1,1,0,1,0,1,0,0,1,0
0.324915000,0,0,0,0,0,0,0,0,0,0,0,0
0.324920000,1,1,0,0,1,1,1,0,0,0,1,0
0.324998000,1,1,0,0,1,1,1,0,0,0,1,1
0.325498000,1,1,0,0,1,1,1,0,0,0,1,0
0.325914000,1,1,0,0,1,1,1,0,0,0,0,0
0.325915000,0,0,0,0,0,0,0,0,0,0,0,0
0.325920000,1,1,0,1,0,1,1,0,0,0,1,0
0.325998000,1,1,0,1,0,1,1,0,0,0,1,1
0.326498000,1,1,0,1,0,1,1,0,0,0,1,0
0.326914000,1,1,0,1,0,1,1,0,0,0,0,0
0.326915000,0,0,0,0,0,0,0,0,0,0,0,0
0.326920000,1,0,0,0,0,1,0,1,0,0,1,0
0.326998000,1,0,0,0,0,1,0,1,0,0,1,1
0.327498000,1,0,0,0,0,1,0,1,0,0,1,0
0.327914000,1,0,0,0,0,1,0,1,0,0,0,0
0.327915000,0,0,0,0,0,0,0,0,0,0,0,0
0.327920000,1,1,1,1,0,0,0,1,0,0,1,0
0.327998000,1,1,1,1,0,0,0,1,0,0,1,1
0.328498000,1,1,1,1,0,0,0,1,0,0,1,0
0.328914000,1,1,1,1,0,0,0,1,0,0,0,0
0.328915000,0,0,0,0,0,0,0,0,0,0,0,0
0.328920000,1,0,1,1,1,1,0,1,0,0,1,0
0.328998000,1,0,1,1,1,1,0,1,0,0,1,1
0.329498000,1,0,1,1,1,1,0,1,0,0,1,0
0.329914000,1,1,0,1,1,1,0,1,0,0,1,0
0.329915000,0,0,0,0,0,0,0,0,0,0,0,0
0.329920000,1,1,1,1,1,1,0,1,0,0,1,0
0.329998000,1,1,1,1,1,1,0,1,0,0,1,1
0.330498000,1,1,1,1,1,1,0,1,0,0,1,0
0.330914000,0,0,0,0,0,0,0,0,0,0,0,0
0.330920000,0,0,0,0,0,0,1,1,0,0,1,0
0.330998000,0,0,0,0,0,0,1,1,0,0,1,1
0.331498000,0,0,0,0,0,0,1,1,0,0,1,0
0.331914000,0,0,0,0,0,0,0,0,0,0,0,0
0.331920000,1,1,0,1,0,0,1,1,0,0,1,0
0.331998000,1,1,0,1,0,0,1,1,0,0,1,1
0.332498000,1,1,0,1,0,0,1,1,0,0,1,0
0.332914000,0,0,0,0,0,0,0,0,0,0,0,0
0.332920000,1,1,1,1,1,1,0,1,0,0,1,0
0.332998000,1,1,1,1,1,1,0,1,0,0,1,1
0.333498000,1,1,1,1,1,1,0,1,0,0,1,0
0.333914000,0,0,0,0,0,0,0,0,0,0,0,0
0.333920000,0,0,1,1,0,0,1,1,0,0,1,0
0.333998000,0,0,1,1,0,0,1,1,0,0,1,1
0.334498000,0,0,1,1,0,0,1,1,0,0,1,0
0.334914000,0,0,0,0,0,0,0,0,0,0,0,0
0.334920000,0,0,0,0,1,0,1,1,0,0,1,0
0.334998000,0,0,0,0,1,0,1,1,0,0,1,1
0.335498000,0,0,0,0,1,0,1,1,0,0,1,0
0.335914000,0,0,0,0,0,0,0,0,0,0,0,0
0.335920000,0,1,0,0,1,0,1,1,0,0,1,0
0.335998000,0,1,0,0,1,0,1,1,0,0,1,1
0.336498000,0,1,0,0,1,0,1,1,0,0,1,0
0.336914000,0,0,0,0,0,0,0,0,0,0,0,0
0.336919000,0,0,0,0,0,0,1,1,0,0,0,0
0.336920000,1,0,1,1,1,0,1,1,0,0,1,0
0.336998000,1,0,1,1,1,0,1,1,0,0,1,1
0.337498000,1,0,1,1,1,0,1,1,0,0,1,0
0.337914000,0,0,0,0,0,0,1,0,0,0,0,0
0.337915000,0,0,0,0,0,0,0,0,0,0,0,0
0.337919000,0,0,0,0,1,0,1,1,0,0,0,0
0.337920000,0,0,1,1,1,0,1,1,0,0,1,0
0.337998000,0,0,1,1,1,0,1,1,0,0,1,1
0.338498000,0,0,1,1,1,0,1,1,0,0,1,0
0.338914000,0,0,0,0,0,0,0,0,0,0,0,0
0.338919000,0,0,1,1,1,0,1,1,0,0,0,0
0.338920000,0,0,1,1,1,0,1,1,0,0,1,0
0.338998000,0,0,1,1,1,0,1,1,0,0,1,1
0.339498000,0,0,1,1,1,0,1,1,0,0,1,0
0.339914000,0,0,0,0,0,0,0,0,0,0,0,0
0.339919000,0,0,0,1,0,0,1,1,0,0,1,0
0.339920000,1,1,0,1,0,0,1,1,0,0,1,0
0.339998000,1,1,0,1,0,0,1,1,0,0,1,1
0.340498000,1,1,0,1,0,0,1,1,0,0,1,0
0.340914000,0,0,0,0,0,0,0,0,0,0,0,0
0.340919000,0,0,0,1,1,0,1,1,0,0,1,0
0.340920000,1,1,0,1,1,0,1,1,0,0,1,0
0.340998000,1,1,0,1,1,0,1,1,0,0,1,1
0.341498000,1,1,0,1,1,0,1,1,0,0,1,0
0.341914000,0,0,0,0,0,0,0,0,0,0,0,0
0.341919000,0,1,1,0,1,0,1,1,0,0,1,0
0.341920000,1,1,1,0,1,0,1,1,0,0,1,0
0.341998000,1,1,1,0,1,0,1,1,0,0,1,1
0.342498000,1,1,1,0,1,0,1,1,0,0,1,0
0.342914000,0,0,0,0,0,0,0,0,0,0,0,0
0.342919000,0,0,1,0,1,0,1,1,0,0,1,0
0.342998000,0,0,1,0,1,0,1,1,0,0,1,1
0.343498000,0,0,1,0,1,0,1,1,0,0,1,0
0.343914000,0,0,0,0,0,0,0,0,0,0,0,0
0.343919000,0,0,0,1,1,0,1,1,0,0,1,0
0.343998000,0,0,0,1,1,0,1,1,0,0,1,1
0.344498000,0,0,0,1,1,0,1,1,0,0,1,0
0.344914000,0,0,0,0,0,0,0,0,0,0,0,0
0.344919000,0,0,0,0,1,1,1,1,0,0,1,0
0.344998000,0,0,0,0,1,1,1,1,0,0,1,1
0.345498000,0,0,0,0,1,1,1,1,0,0,1,0
0.345914000,0,0,0,0,0,0,0,0,0,0,0,0
0.345919000,1,1,1,0,0,1,1,1,0,0,1,0
0.345998000,1,1,1,0,0,1,1,1,0,0,1,1
0.346498000,1,1,1,0,0,1,1,1,0,0,1,0
0.346914000,0,0,0,0,0,0,0,0,0,0,0,0
0.346919000,0,1,1,1,1,0,1,1,0,0,1,0
0.346998000,0,1,1,1,1,0,1,1,0,0,1,1
0.347498000,0,1,1,1,1,0,1,1,0,0,1,0
0.347914000,0,0,0,0,0,0,0,0,0,0,0,0
0.347919000,1,1,0,1,1,0,1,1,0,0,1,0
0.347998000,1,1,0,1,1,0,1,1,0,0,1,1
0.348498000,1,1,0,1,1,0,1,1,0,0,1,0
0.348914000,0,0,0,0,0,0,0,0,0,0,0,0
0.348919000,1,1,1,0,0,1,1,1,0,0,1,0
0.348998000,1,1,1,0,0,1,1,1,0,0,1,1
0.349498000,1,1,1,0,0,1,1,1,0,0,1,0
0.349914000,0,0,0,0,0,0,0,0,0,0,0,0
0.349919000,0,0,0,1,0,1,1,1,0,0,1,0
0.349998000,0,0,0,1,0,1,1,1,0,0,1,1
0.350498000,0,0,0,1,0,1,1,1,0,0,1,0
0.350914000,0,0,0,0,0,0,0,0,0,0,0,0
0.350919000,1,1,1,0,1,0,1,1,0,0,1,0
0.350998000,1,1,1,0,1,0,1,1,0,0,1,1
0.351498000,1,1,1,0,1,0,1,1,0,0,1,0
0.351914000,0,0,0,0,0,0,0,0,0,0,0,0
0.351919000,0,0,1,0,0,0,1,1,0,0,1,0
0.351998000,0,0,1,0,0,0,1,1,0,0,1,1
0.352498000,0,0,1,0,0,0,1,1,0,0,1,0
0.352914000,0,0,0,0,0,0,0,0,0,0,0,0
0.352919000,1,0,1,1,1,0,1,1,0,0,1,0
0.352998000,1,0,1,1,1,0,1,1,0,0,1,1
0.353498000,1,0,1,1,1,0,1,1,0,0,1,0
0.353914000,0,0,0,0,0,0,0,0,0,0,0,0
0.353919000,1,1,1,0,0,1,1,1,0,0,1,0
0.353998000,1,1,1,0,0,1,1,1,0,0,1,1
0.354498000,1,1,1,0,0,1,1,1,0,0,1,0
0.354914000,0,0,0,0,0,0,0,0,0,0,0,0
0.354919000,1,1,1,1,1,0,1,1,0,0,1,0
0.354998000,1,1,1,1,1,0,1,1,0,0,1,1
0.355498000,1,1,1,1,1,0,1,1,0,0,1,0
0.355914000,0,0,0,0,0,0,0,0,0,0,0,0
0.355919000,0,0,1,1,0,1,1,1,0,0,1,0
0.355998000,0,0,1,1,0,1,1,1,0,0,1,1
0.356498000,0,0,1,1,0,1,1,1,0,0,1,0
0.356914000,0,0,0,0,0,0,0,0,0,0,0,0
0.356919000,0,1,0,1,0,1,1,1,0,0,1,0
0.356998000,0,1,0,1,0,1,1,1,0,0,1,1
0.357498000,0,1,0,1,0,1,1,1,0,0,1,0
0.357914000,0,0,0,0,0,0,0,0,0,0,0,0
0.357919000,0,0,0,1,1,0,1,1,0,0,1,0
0.357998000,0,0,0,1,1,0,1,1,0,0,1,1
0.358498000,0,0,0,1,1,0,1,1,0,0,1,0
0.358914000,0,0,0,0,0,0,0,0,0,0,0,0
0.358919000,1,1,0,1,1,0,1,1,0,0,1,0
0.358998000,1,1,0,1,1,0,1,1,0,0,1,1
0.359498000,1,1,0,1,1,0,1,1,0,0,1,0
0.359914000,0,0,0,0,0,0,0,0,0,0,0,0
0.359919000,1,1,1,0,1,0,1,1,0,0,1,0
0.359998000,1,1,1,0,1,0,1,1,0,0,1,1
0.360498000,1,1,1,0,1,0,1,1,0,0,1,0
0.360914000,0,0,0,0,0,0,0,0,0,0,0,0
0.360919000,1,1,1,1,0,1,1,1,0,0,1,0
0.360998000,1,1,1,1,0,1,1,1,0,0,1,1
0.361498000,1,1,1,1,0,1,1,1,0,0,1,0
0.361914000,0,0,0,0,0,0,0,0,0,0,0,0
0.361919000,0,0,1,1,1,0,1,1,0,0,1,0
0.361998000,0,0,1,1,1,0,1,1,0,0,1,1
0.362498000,0,0,1,1,1,0,1,1,0,0,1,0
0.362914000,0,0,0,0,0,0,0,0,0,0,0,0
0.362919000,1,1,0,0,1,0,1,1,0,0,1,0
0.362998000,1,1,0,0,1,0,1,1,0,0,1,1
0.363498000,1,1,0,0,1,0,1,1,0,0,1,0
0.363914000,0,0,0,0,0,0,0,0,0,0,0,0
0.363919000,1,1,1,0,1,0,1,1,0,0,1,0
0.363998000,1,1,1,0,1,0,1,1,0,0,1,1
0.364498000,1,1,1,0,1,0,1,1,0,0,1,0
0.364914000,0,0,0,0,0,0,0,0,0,0,0,0
0.364919000,1,1,1,1,1,0,1,1,0,0,1,0
0.364998000,1,1,1,1,1,0,1,1,0,0,1,1
0.365498000,1,1,1,1,1,0,1,1,0,0,1,0
0.365914000,0,0,0,0,0,0,0,0,0,0,0,0
0.365919000,0,1,1,0,1,0,1,1,0,0,1,0
0.365998000,0,1,1,0,1,0,1,1,0,0,1,1
0.366498000,0,1,1,0,1,0,1,1,0,0,1,0
0.366914000,0,0,0,0,0,0,0,0,0,0,0,0
0.366919000,0,0,1,0,1,0,1,1,0,0,1,0
0.366998000,0,0,1,0,1,0,1,1,0,0,1,1
0.367498000,0,0,1,0,1,0,1,1,0,0,1,0
0.367914000,0,0,0,0,0,0,0,0,0,0,0,0
0.367919000,1,0,1,0,1,0,1,1,0,0,1,0
0.367998000,1,0,1,0,1,0,1,1,0,0,1,1
0.368498000,1,0,1,0,1,0,1,1,0,0,1,0
0.368914000,0,0,0,0,0,0,0,0,0,0,0,0
0.368919000,0,1,1,1,0,0,1,1,0,0,1,0
0.368998000,0,1,1,1,0,0,1,1,0,0,1,1
0.369498000,0,1,1,1,0,0,1,1,0,0,1,0
0.369914000,0,0,0,0,0,0,0,0,0,0,0,0
0.369919000,1,1,1,1,1,0,1,1,0,0,1,0
0.369998000,1,1,1,1,1,0,1,1,0,0,1,1
0.370498000,1,1,1,1,1,0,1,1,0,0,1,0
0.370914000,0,0,0,0,0,0,0,0,0,0,0,0
0.370919000,1,1,1,1,1,0,1,1,0,0,1,0
0.370998000,1,1,1,1,1,0,1,1,0,0,1,1
0.371498000,1,1,1,1,1,0,1,1,0,0,1,0
0.371914000,0,0,0,0,0,0,0,0,0,0,0,0
0.371919000,1,0,0,1,0,1,1,1,0,0,1,0
0.371997000,1,0,0,1,0,1,1,1,0,0,1,1
0.372497000,1,0,0,1,0,1,1,1,0,0,1,0
0.372914000,0,0,0,0,0,0,0,0,0,0,0,0
0.372919000,0,0,0,0,1,0,1,1,0,0,1,0
0.372997000,0,0,0,0,1,0,1,1,0,0,1,1
0.373497000,0,0,0,0,1,0,1,1,0,0,1,0
0.373914000,0,0,0,0,0,0,0,0,0,0,0,0
0.373919000,1,1,1,0,0,0,1,1,0,0,1,0
0.373997000,1,1,1,0,0,0,1,1,0,0,1,1
0.374497000,1,1,1,0,0,0,1,1,0,0,1,0
0.374914000,0,0,0,0,0,0,0,0,0,0,0,0
0.374919000,1,1,1,1,1,1,0,1,0,0,1,0
0.374997000,1,1,1,1,1,1,0,1,0,0,1,1
0.375497000,1,1,1,1,1,1,0,1,0,0,1,0
0.375914000,0,0,0,0,0,0,0,0,0,0,0,0
0.375919000,1,1,1,1,1,1,0,1,0,0,1,0
0.375997000,1,1,1,1,1,1,0,1,0,0,1,1
0.376497000,1,1,1,1,1,1,0,1,0,0,1,0
0.376914000,0,0,0,0,0,0,0,0,0,0,0,0
0.376919000,1,1,1,1,1,1,0,1,0,0,1,0
0.376997000,1,1,1,1,1,1,0,1,0,0,1,1
0.377497000,1,1,1,1,1,1,0,1,0,0,1,0
0.377914000,0,0,0,0,0,0,0,0,0,0,0,0
0.377919000,0,0,1,0,0,0,1,1,0,0,1,0
0.377997000,0,0,1,0,0,0,1,1,0,0,1,1
0.378497000,0,0,1,0,0,0,1,1,0,0,1,0
0.378914000,0,0,0,0,0,0,0,0,0,0,0,0
0.378919000,0,0,1,0,0,0,1,1,0,0,1,0
0.378997000,0,0,1,0,0,0,1,1,0,0,1,1
0.379497000,0,0,1,0,0,0,1,1,0,0,1,0
0.379914000,0,0,0,0,0,0,0,0,0,0,0,0
0.379919000,0,1,0,1,0,0,1,1,0,0,1,0
0.379997000,0,1,0,1,0,0,1,1,0,0,1,1
0.380497000,0,1,0,1,0,0,1,1,0,0,1,0
0.380914000,0,0,0,0,0,0,0,0,0,0,0,0
0.380919000,0,0,1,1,1,1,0,1,0,0,1,0
0.380997000,0,0,1,1,1,1,0,1,0,0,1,1
0.381497000,0,0,1,1,1,1,0,1,0,0,1,0
0.381914000,0,0,0,0,0,0,0,0,0,0,0,0
0.381919000,1,1,1,1,1,1,0,1,0,0,1,0
0.381997000,1,1,1,1,1,1,0,1,0,0,1,1
0.382497000,1,1,1,1,1,1,0,1,0,0,1,0
0.382914000,0,0,0,0,0,0,0,0,0,0,0,0
0.382919000,1,1,1,1,1,1,0,1,0,0,1,0
0.382997000,1,1,1,1,1,1,0,1,0,0,1,1
0.383497000,1,1,1,1,1,1,0,1,0,0,1,0
0.383914000,0,0,0,0,0,0,0,0,0,0,0,0
0.383919000,1,1,1,1,0,1,0,1,0,0,1,0
0.383997000,1,1,1,1,0,1,0,1,0,0,1,1
0.384497000,1,1,1,1,0,1,0,1,0,0,1,0
0.384914000,0,0,0,0,0,0,0,0,0,0,0,0
0.384919000,1,1,0,1,0,1,0,1,0,0,1,0
0.384997000,1,1,0,1,0,1,0,1,0,0,1,1
0.385497000,1,1,0,1,0,1,0,1,0,0,1,0
0.385914000,0,0,0,0,0,0,0,0,0,0,0,0
0.385919000,0,0,0,1,1,1,0,1,0,0,1,0
0.385997000,0,0,0,1,1,1,0,1,0,0,1,1
0.386497000,0,0,0,1,1,1,0,1,0,0,1,0
0.386914000,0,0,0,0,0,0,0,0,0,0,0,0
0.386919000,1,1,0,0,1,1,0,1,0,0,1,0
0.386997000,1,1,0,0,1,1,0,1,0,0,1,1
0.387497000,1,1,0,0,1,1,0,1,0,0,1,0
0.387914000,0,0,0,0,0,0,0,0,0,0,0,0
0.387919000,1,1,0,1,0,1,0,1,0,0,1,0
0.387997000,1,1,0,1,0,1,0,1,0,0,1,1
0.388497000,1,1,0,1,0,1,0,1,0,0,1,0
0.388914000,0,0,0,0,0,0,0,0,0,0,0,0
0.388919000,1,1,0,1,0,1,0,1,0,0,1,0
0.388997000,1,1,0,1,0,1,0,1,0,0,1,1
0.389497000,1,1,0,1,0,1,0,1,0,0,1,0
0.389914000,0,0,0,0,0,0,0,0,0,0,0,0
0.389919000,1,1,1,0,1,1,0,1,0,0,1,0
0.389997000,1,1,1,0,1,1,0,1,0,0,1,1
0.390497000,1,1,1,0,1,1,0,1,0,0,1,0
0.390914000,0,0,0,0,0,0,0,0,0,0,0,0
0.390919000,0,1,1,0,0,1,0,1,0,0,1,0
0.390997000,0,1,1,0,0,1,0,1,0,0,1,1
0.391497000,0,1,1,0,0,1,0,1,0,0,1,0
0.391914000,0,0,0,0,0,0,0,0,0,0,0,0
0.391919000,1,0,1,1,0,1,0,1,0,0,1,0
0.391997000,1,0,1,1,0,1,0,1,0,0,1,1
0.392497000,1,0,1,1,0,1,0,1,0,0,1,0
0.392914000,0,0,0,0,0,0,0,0,0,0,0,0
0.392919000,0,1,0,1,0,1,0,1,0,0,1,0
0.392997000,0,1,0,1,0,1,0,1,0,0,1,1
0.393497000,0,1,0,1,0,1,0,1,0,0,1,0
0.393914000,0,0,0,0,0,0,0,0,0,0,0,0
0.393919000,1,1,0,1,0,1,0,1,0,0,1,0
0.393997000,1,1,0,1,0,1,0,1,0,0,1,1
0.394497000,1,1,0,1,0,1,0,1,0,0,1,0
0.394914000,0,0,0,0,0,0,0,0,0,0,0,0
0.394919000,0,1,1,1,0,1,0,1,0,0,1,0
0.394997000,0,1,1,1,0,1,0,1,0,0,1,1
0.395497000,0,1,1,1,0,1,0,1,0,0,1,0
0.395914000,0,0,0,0,0,0,0,0,0,0,0,0
0.395919000,0,1,0,1,1,0,0,1,0,0,1,0
0.395997000,0,1,0,1,1,0,0,1,0,0,1,1
0.396497000,0,1,0,1,1,0,0,1,0,0,1,0
0.396914000,0,0,0,0,0,0,0,0,0,0,0,0
0.396919000,1,1,1,0,1,1,0,1,0,0,1,0
0.396997000,1,1,1,0,1,1,0,1,0,0,1,1
0.397497000,1,1,1,0,1,1,0,1,0,0,1,0
0.397914000,0,0,0,0,0,0,0,0,0,0,0,0
0.397919000,0,1,0,1,0,1,0,1,0,0,1,0
0.397997000,0,1,0,1,0,1,0,1,0,0,1,1
0.398497000,0,1,0,1,0,1,0,1,0,0,1,0
0.398914000,0,0,0,0,0,0,0,0,0,0,0,0
0.398919000,0,0,0,1,0,1,0,1,0,0,1,0
0.398997000,0,0,0,1,0,1,0,1,0,0,1,1
0.399497000,0,0,0,1,0,1,0,1,0,0,1,0
0.399914000,0,0,0,0,0,0,0,0,0,0,0,0
0.399919000,1,1,1,0,1,1,0,1,0,0,1,0
0.399997000,1,1,1,0,1,1,0,1,0,0,1,1
0.400497000,1,1,1,0,1,1,0,1,0,0,1,0
0.400914000,0,0,0,0,0,0,0,0,0,0,0,0
0.400919000,0,0,0,1,1,1,0,1,0,0,1,0
0.400997000,0,0,0,1,1,1,0,1,0,0,1,1
0.401497000,0,0,0,1,1,1,0,1,0,0,1,0
0.401914000,0,0,0,0,0,0,0,0,0,0,0,0
0.401919000,1,1,0,0,0,1,0,1,0,0,1,0
0.401997000,1,1,0,0,0,1,0,1,0,0,1,1
0.402497000,1,1,0,0,0,1,0,1,0,0,1,0
0.402914000,0,0,0,0,0,0,0,0,0,0,0,0
0.402919000,1,1,1,0,1,1,0,1,0,0,1,0
0.402997000,1,1,1,0,1,1,0,1,0,0,1,1
0.403497000,1,1,1,0,1,1,0,1,0,0,1,0
0.403914000,0,0,0,0,0,0,0,0,0,0,0,0
0.403919000,0,0,0,0,1,1,0,1,0,0,1,0
0.403997000,0,0,0,0,1,1,0,1,0,0,1,1
0.404497000,0,0,0,0,1,1,0,1,0,0,1,0
0.404914000,0,0,0,0,0,0,0,0,0,0,0,0
0.404919000,1,1,1,1,0,1,0,1,0,0,1,0
0.404997000,1,1,1,1,0,1,0,1,0,0,1,1
0.405497000,1,1,1,1,0,1,0,1,0,0,1,0
0.405914000,0,0,0,0,0,0,0,0,0,0,0,0
0.405919000,0,1,1,0,1,1,0,1,0,0,1,0
0.405997000,0,1,1,0,1,1,0,1,0,0,1,1
0.406497000,0,1,1,0,1,1,0,1,0,0,1,0
0.406914000,0,0,0,0,0,0,0,0,0,0,0,0
0.406919000,1,0,0,1,0,1,0,1,0,0,1,0
0.406997000,1,0,0,1,0,1,0,1,0,0,1,1
0.407497000,1,0,0,1,0,1,0,1,0,0,1,0
0.407914000,0,0,0,0,0,0,0,0,0,0,0,0
0.407919000,0,0,0,1,0,1,0,1,0,0,1,0
0.407997000,0,0,0,1,0,1,0,1,0,0,1,1
0.408497000,0,0,0,1,0,1,0,1,0,0,1,0
0.408914000,0,0,0,0,0,0,0,0,0,0,0,0
0.408919000,0,0,1,1,0,1,0,1,0,0,1,0
0.408997000,0,0,1,1,0,1,0,1,0,0,1,1
0.409497000,0,0,1,1,0,1,0,1,0,0,1,0
0.409914000,0,0,0,0,0,0,0,0,0,0,0,0
0.409919000,1,0,0,1,1,1,0,1,0,0,1,0
0.409997000,1,0,0,1,1,1,0,1,0,0,1,1
0.410497000,1,0,0,1,1,1,0,1,0,0,1,0
0.410914000,0,0,0,0,0,0,0,0,0,0,0,0
0.410919000,1,1,0,1,0,1,0,1,0,0,1,0
0.410997000,1,1,0,1,0,1,0,1,0,0,1,1
0.411497000,1,1,0,1,0,1,0,1,0,0,1,0
0.411914000,0,0,0,0,0,0,0,0,0,0,0,0
0.411919000,0,1,1,1,0,1,0,1,0,0,1,0
0.411997000,0,1,1,1,0,1,0,1,0,0,1,1
0.412497000,0,1,1,1,0,1,0,1,0,0,1,0
0.412914000,0,0,0,0,0,0,0,0,0,0,0,0
0.412919000,1,0,0,1,0,0,1,1,0,0,1,0
0.412997000,1,0,0,1,0,0,1,1,0,0,1,1
0.413497000,1,0,0,1,0,0,1,1,0,0,1,0
0.413914000,0,0,0,0,0,0,0,0,0,0,0,0
0.413919000,1,0,1,1,0,1,0,1,0,0,1,0
0.413997000,1,0,1,1,0,1,0,1,0,0,1,1
0.414497000,1,0,1,1,0,1,0,1,0,0,1,0
0.414914000,0,0,0,0,0,0,0,0,0,0,0,0
0.414919000,1,1,1,0,1,1,0,1,0,0,1,0
0.414997000,1,1,1,0,1,1,0,1,0,0,1,1
0.415497000,1,1,1,0,1,1,0,1,0,0,1,0
0.415914000,0,0,0,0,0,0,0,0,0,0,0,0
0.415919000,0,1,1,1,1,1,0,1,0,0,1,0
0.415997000,0,1,1,1,1,1,0,1,0,0,1,1
0.416497000,0,1,1,1,1,1,0,1,0,0,1,0
0.416914000,0,0,0,0,0,0,0,0,0,0,0,0
0.416919000,0,1,0,1,1,1,0,1,0,0,1,0
0.416997000,0,1,0,1,1,1,0,1,0,0,1,1
0.417497000,0,1,0,1,1,1,0,1,0,0,1,0
0.417914000,0,0,0,0,0,0,0,0,0,0,0,0
0.417919000,1,0,1,1,1,1,0,1,0,0,1,0
0.417997000,1,0,1,1,1,1,0,1,0,0,1,1
0.418497000,1,0,1,1,1,1,0,1,0,0,1,0
0.418914000,0,0,0,0,0,0,0,0,0,0,0,0
0.418919000,0,1,1,1,1,1,0,1,0,0,1,0
0.418997000,0,1,1,1,1,1,0,1,0,0,1,1
0.419497000,0,1,1,1,1,1,0,1,0,0,1,0
0.419914000,0,0,0,0,0,0,0,0,0,0,0,0
0.419919000,0,1,1,0,1,1,0,1,0,0,1,0
0.419997000,0,1,1,0,1,1,0,1,0,0,1,1
0.420497000,0,1,1,0,1,1,0,1,0,0,1,0
0.420914000,0,0,0,0,0,0,0,0,0,0,0,0
0.420919000,1,1,1,1,1,1,0,1,0,0,1,0
0.420997000,1,1,1,1,1,1,0,1,0,0,1,1
0.421497000,1,1,1,1,1,1,0,1,0,0,1,0
0.421914000,0,0,0,0,0,0,0,0,0,0,0,0
0.421919000,1,0,1,0,1,0,1,1,0,0,1,0
0.421997000,1,0,1,0,1,0,1,1,0,0,1,1
0.422497000,1,0,1,0,1,0,1,1,0,0,1,0
0.422914000,0,0,0,0,0,0,0,0,0,0,0,0
0.422919000,1,1,1,1,1,1,0,1,0,0,1,0
0.422997000,1,1,1,1,1,1,0,1,0,0,1,1
0.423497000,1,1,1,1,1,1,0,1,0,0,1,0
0.423914000,0,0,0,0,0,0,0,0,0,0,0,0
0.423919000,1,0,1,1,1,1,0,1,0,0,1,0
0.423997000,1,0,1,1,1,1,0,1,0,0,1,1
0.424497000,1,0,1,1,1,1,0,1,0,0,1,0
0.424914000,0,0,0,0,0,0,0,0,0,0,0,0
0.424919000,1,1,1,1,0,0,1,1,0,0,1,0
0.424997000,1,1,1,1,0,0,1,1,0,0,1,1
0.425497000,1,1,1,1,0,0,1,1,0,0,1,0
0.425914000,0,0,0,0,0,0,0,0,0,0,0,0
0.425919000,1,0,1,1,0,0,1,1,0,0,1,0
0.425997000,1,0,1,1,0,0,1,1,0,0,1,1
0.426497000,1,0,1,1,0,0,1,1,0,0,1,0
0.426914000,0,0,0,0,0,0,0,0,0,0,0,0
0.426919000,0,1,1,1,1,0,1,1,0,0,1,0
0.426997000,0,1,1,1,1,0,1,1,0,0,1,1
0.427497000,0,1,1,1,1,0,1,1,0,0,1,0
0.427914000,0,0,0,0,0,0,0,0,0,0,0,0
0.427919000,0,0,0,1,0,0,1,1,0,0,1,0
0.427997000,0,0,0,1,0,0,1,1,0,0,1,1
0.428497000,0,0,0,1,0,0,1,1,0,0,1,0
0.428914000,0,0,0,0,0,0,0,0,0,0,0,0
0.428919000,1,1,1,0,1,0,1,1,0,0,1,0
0.428997000,1,1,1,0,1,0,1,1,0,0,1,1
0.429497000,1,1,1,0,1,0,1,1,0,0,1,0
0.429914000,0,0,0,0,0,0,0,0,0,0,0,0
0.429919000,1,1,0,1,1,0,1,1,0,0,1,0
0.429997000,1,1,0,1,1,0,1,1,0,0,1,1
0.430497000,1,1,0,1,1,0,1,1,0,0,1,0
0.430914000,0,0,0,0,0,0,0,0,0,0,0,0
0.430919000,1,1,1,1,1,0,1,1,0,0,1,0
0.430997000,1,1,1,1,1,0,1,1,0,0,1,1
0.431497000,1,1,1,1,1,0,1,1,0,0,1,0
0.431914000,0,0,0,0,0,0,0,0,0,0,0,0
0.431919000,0,1,1,0,1,0,1,1,0,0,1,0
0.431997000,0,1,1,0,1,0,1,1,0,0,1,1
0.432497000,0,1,1,0,1,0,1,1,0,0,1,0
0.432914000,0,0,0,0,0,0,0,0,0,0,0,0
0.432919000,1,1,0,1,0,1,1,1,0,0,1,0
0.432997000,1,1,0,1,0,1,1,1,0,0,1,1
0.433497000,1,1,0,1,0,1,1,1,0,0,1,0
0.433914000,0,0,0,0,0,0,0,0,0,0,0,0
0.433919000,1,1,1,1,1,0,1,1,0,0,1,0
0.433997000,1,1,1,1,1,0,1,1,0,0,1,1
0.434497000,1,1,1,1,1,0,1,1,0,0,1,0
0.434914000,0,0,0,0,0,0,0,0,0,0,0,0
0.434919000,0,1,1,1,1,0,1,1,0,0,1,0
0.434997000,0,1,1,1,1,0,1,1,0,0,1,1
0.435497000,0,1,1,1,1,0,1,1,0,0,1,0
0.435914000,0,0,0,0,0,0,0,0,0,0,0,0
0.435919000,0,1,1,1,1,0,1,1,0,0,1,0
0.435997000,0,1,1,1,1,0,1,1,0,0,1,1
0.436497000,0,1,1,1,1,0,1,1,0,0,1,0
0.436914000,0,0,0,0,0,0,0,0,0,0,0,0
0.436919000,0,1,1,0,1,0,1,1,0,0,1,0
0.436997000,0,1,1,0,1,0,1,1,0,0,1,1
0.437497000,0,1,1,0,1,0,1,1,0,0,1,0
0.437914000,0,0,0,0,0,0,0,0,0,0,0,0
0.437919000,1,1,1,0,1,0,1,1,0,0,1,0
0.437997000,1,1,1,0,1,0,1,1,0,0,1,1
0.438497000,1,1,1,0,1,0,1,1,0,0,1,0
0.438914000,0,0,0,0,0,0,0,0,0,0,0,0
0.438919000,1,1,0,1,1,0,1,1,0,0,1,0
0.438997000,1,1,0,1,1,0,1,1,0,0,1,1
0.439497000,1,1,0,1,1,0,1,1,0,0,1,0
0.439914000,0,0,0,0,0,0,0,0,0,0,0,0
0.439919000,1,0,0,0,1,0,1,1,0,0,1,0
0.439997000,1,0,0,0,1,0,1,1,0,0,1,1
0.440497000,1,0,0,0,1,0,1,1,0,0,1,0
0.440914000,0,0,0,0,0,0,0,0,0,0,0,0
0.440919000,1,1,1,1,1,0,1,1,0,0,1,0
0.440997000,1,1,1,1,1,0,1,1,0,0,1,1
0.441497000,1,1,1,1,1,0,1,1,0,0,1,0
0.441914000,0,0,0,0,0,0,0,0,0,0,0,0
0.441919000,1,0,1,0,0,1,1,1,0,0,1,0
0.441997000,1,0,1,0,0,1,1,1,0,0,1,1
0.442497000,1,0,1,0,0,1,1,1,0,0,1,0
0.442914000,0,0,0,0,0,0,0,0,0,0,0,0
0.442919000,0,0,0,1,0,1,1,1,0,0,1,0
0.442997000,0,0,0,1,0,1,1,1,0,0,1,1
0.443497000,0,0,0,1,0,1,1,1,0,0,1,0
0.443914000,0,0,0,0,0,0,0,0,0,0,0,0
0.443919000,1,1,1,1,1,0,1,1,0,0,1,0
0.443997000,1,1,1,1,1,0,1,1,0,0,1,1
0.444497000,1,1,1,1,1,0,1,1,0,0,1,0
0.444914000,0,0,0,0,0,0,0,0,0,0,0,0
0.444919000,1,1,0,0,1,1,1,1,0,0,1,0
0.444997000,1,1,0,0,1,1,1,1,0,0,1,1
0.445497000,1,1,0,0,1,1,1,1,0,0,1,0
0.445914000,0,0,0,0,0,0,0,0,0,0,0,0
0.445919000,0,1,0,1,0,1,1,1,0,0,1,0
0.445997000,0,1,0,1,0,1,1,1,0,0,1,1
0.446497000,0,1,0,1,0,1,1,1,0,0,1,0
0.446914000,0,0,0,0,0,0,0,0,0,0,0,0
0.446919000,0,0,1,0,0,1,1,1,0,0,1,0
0.446997000,0,0,1,0,0,1,1,1,0,0,1,1
0.447497000,0,0,1,0,0,1,1,1,0,0,1,0
0.447914000,0,0,0,0,0,0,0,0,0,0,0,0
0.447919000,0,0,0,1,1,0,1,1,0,0,1,0
0.447997000,0,0,0,1,1,0,1,1,0,0,1,1
0.448497000,0,0,0,1,1,0,1,1,0,0,1,0
0.448914000,0,0,0,0,0,0,0,0,0,0,0,0
0.448919000,1,1,0,0,0,1,1,1,0,0,1,0
0.448997000,1,1,0,0,0,1,1,1,0,0,1,1
0.449497000,1,1,0,0,0,1,1,1,0,0,1,0
0.449914000,0,0,0,0,0,0,0,0,0,0,0,0
0.449919000,1,1,0,1,0,1,1,1,0,0,1,0
0.449997000,1,1,0,1,0,1,1,1,0,0,1,1
0.450497000,1,1,0,1,0,1,1,1,0,0,1,0
0.450914000,0,0,0,0,0,0,0,0,0,0,0,0
0.450919000,1,1,1,1,1,0,1,1,0,0,1,0
0.450997000,1,1,1,1,1,0,1,1,0,0,1,1
0.451497000,1,1,1,1,1,0,1,1,0,0,1,0
0.451914000,0,0,0,0,0,0,0,0,0,0,0,0
0.451919000,0,1,1,1,1,0,1,1,0,0,1,0
0.451997000,0,1,1,1,1,0,1,1,0,0,1,1
0.452497000,0,1,1,1,1,0,1,1,0,0,1,0
0.452914000,0,0,0,0,0,0,0,0,0,0,0,0
0.452919000,0,0,1,1,0,1,1,1,0,0,1,0
0.452997000,0,0,1,1,0,1,1,1,0,0,1,1
0.453497000,0,0,1,1,0,1,1,1,0,0,1,0
0.453914000,0,0,0,0,0,0,0,0,0,0,0,0
0.453919000,0,1,1,0,1,0,1,1,0,0,1,0
0.453997000,0,1,1,0,1,0,1,1,0,0,1,1
0.454497000,0,1,1,0,1,0,1,1,0,0,1,0
0.454914000,0,0,0,0,0,0,0,0,0,0,0,0
0.454919000,1,0,0,1,0,1,1,1,0,0,1,0
0.454997000,1,0,0,1,0,1,1,1,0,0,1,1
0.455497000,1,0,0,1,0,1,1,1,0,0,1,0
0.455914000,0,0,0,0,0,0,0,0,0,0,0,0
0.455919000,1,0,0,0,1,0,1,1,0,0,1,0
0.455997000,1,0,0,0,1,0,1,1,0,0,1,1
0.456497000,1,0,0,0,1,0,1,1,0,0,1,0
0.456914000,0,0,0,0,0,0,0,0,0,0,0,0
0.456919000,0,0,0,1,0,0,1,1,0,0,1,0
0.456997000,0,0,0,1,0,0,1,1,0,0,1,1
0.457497000,0,0,0,1,0,0,1,1,0,0,1,0
0.457914000,0,0,0,0,0,0,0,0,0,0,0,0
0.457919000,1,0,1,1,1,0,1,1,0,0,1,0
0.457997000,1,0,1,1,1,0,1,1,0,0,1,1
0.458497000,1,0,1,1,1,0,1,1,0,0,1,0
0.458914000,0,0,0,0,0,0,0,0,0,0,0,0
0.458919000,0,0,1,0,1,0,1,1,0,0,1,0
0.458997000,0,0,1,0,1,0,1,1,0,0,1,1
0.459497000,0,0,1,0,1,0,1,1,0,0,1,0
0.459914000,0,0,0,0,0,0,0,0,0,0,0,0
0.459919000,0,1,1,1,1,0,1,1,0,0,1,0
0.459997000,0,1,1,1,1,0,1,1,0,0,1,1
0.460497000,0,1,1,1,1,0,1,1,0,0,1,0
0.460914000,0,0,0,0,0,0,0,0,0,0,0,0
0.460919000,0,0,1,1,0,0,1,1,0,0,1,0
0.460997000,0,0,1,1,0,0,1,1,0,0,1,1
0.461497000,0,0,1,1,0,0,1,1,0,0,1,0
0.461914000,0,0,0,0,0,0,0,0,0,0,0,0
0.461919000,1,1,0,0,0,0,1,1,0,0,1,0
0.461997000,1,1,0,0,0,0,1,1,0,0,1,1
0.462497000,1,1,0,0,0,0,1,1,0,0,1,0
0.462914000,0,0,0,0,0,0,0,0,0,0,0,0
0.462919000,0,1,0,0,1,0,1,1,0,0,1,0
0.462997000,0,1,0,0,1,0,1,1,0,0,1,1
0.463497000,0,1,0,0,1,0,1,1,0,0,1,0
0.463914000,0,0,0,0,0,0,0,0,0,0,0,0
0.463919000,1,1,0,1,0,0,1,1,0,0,1,0
0.463997000,1,1,0,1,0,0,1,1,0,0,1,1
0.464497000,1,1,0,1,0,0,1,1,0,0,1,0
0.464914000,0,0,0,0,0,0,0,0,0,0,0,0
0.464919000,1,0,0,1,1,0,1,1,0,0,1,0
0.464997000,1,0,0,1,1,0,1,1,0,0,1,1
0.465497000,1,0,0,1,1,0,1,1,0,0,1,0
0.465914000,0,0,0,0,0,0,0,0,0,0,0,0
0.465919000,0,1,0,0,1,0,1,1,0,0,1,0
0.465997000,0,1,0,0,1,0,1,1,0,0,1,1
0.466497000,0,1,0,0,1,0,1,1,0,0,1,0
0.466914000,0,0,0,0,0,0,0,0,0,0,0,0
0.466919000,1,1,0,1,0,0,1,1,0,0,1,0
0.466997000,1,1,0,1,0,0,1,1,0,0,1,1
0.467497000,1,1,0,1,0,0,1,1,0,0,1,0
0.467914000,0,0,0,0,0,0,0,0,0,0,0,0
0.467919000,1,0,1,0,0,0,1,1,0,0,1,0
0.467997000,1,0,1,0,0,0,1,1,0,0,1,1
0.468497000,1,0,1,0,0,0,1,1,0,0,1,0
0.468914000,0,0,0,0,0,0,0,0,0,0,0,0
0.468919000,1,1,0,0,1,0,1,1,0,0,1,0
0.468997000,1,1,0,0,1,0,1,1,0,0,1,1
0.469497000,1,1,0,0,1,0,1,1,0,0,1,0
0.469914000,0,0,0,0,0,0,0,0,0,0,0,0
0.469919000,0,0,1,1,0,0,1,1,0,0,1,0
0.469997000,0,0,1,1,0,0,1,1,0,0,1,1
0.470497000,0,0,1,1,0,0,1,1,0,0,1,0
0.470913000,0,0,1,1,0,0,1,1,0,0,0,0
0.470914000,0,0,0,0,0,0,0,0,0,0,0,0
0.470919000,0,0,0,0,1,0,1,1,0,0,1,0
0.470997000,0,0,0,0,1,0,1,1,0,0,1,1
0.471497000,0,0,0,0,1,0,1,1,0,0,1,0
0.471913000,0,0,0,0,1,0,1,1,0,0,0,0
0.471914000,0,0,0,0,0,0,0,0,0,0,0,0
0.471919000,1,0,0,0,0,0,1,1,0,0,1,0
0.471997000,1,0,0,0,0,0,1,1,0,0,1,1
0.472497000,1,0,0,0,0,0,1,1,0,0,1,0
0.472913000,1,0,0,0,0,0,1,1,0,0,0,0
0.472914000,0,0,0,0,0,0,0,0,0,0,0,0
0.472919000,0,0,0,0,1,0,1,1,0,0,1,0
0.472997000,0,0,0,0,1,0,1,1,0,0,1,1
0.473497000,0,0,0,0,1,0,1,1,0,0,1,0
0.473913000,0,0,0,0,1,0,1,1,0,0,0,0
0.473914000,0,0,0,0,0,0,0,0,0,0,0,0
0.473919000,0,1,1,1,1,1,0,1,0,0,1,0
0.473997000,0,1,1,1,1,1,0,1,0,0,1,1
0.474497000,0,1,1,1,1,1,0,1,0,0,1,0
0.474913000,1,0,0,1,1,1,0,1,1,1,1,0
0.474914000,0,0,0,0,0,0,0,0,0,0,0,0
0.474919000,0,1,0,0,1,0,1,1,0,0,1,0
0.474997000,0,1,0,0,1,0,1,1,0,0,1,1
0.475497000,0,1,0,0,1,0,1,1,0,0,1,0
0.475913000,0,0,0,0,0,0,0,0,0,0,0,0
0.475919000,1,1,1,0,1,1,0,1,0,0,1,0
0.475997000,1,1,1,0,1,1,0,1,0,0,1,1
0.476497000,1,1,1,0,1,1,0,1,0,0,1,0
0.476913000,0,0,0,0,0,0,0,0,0,0,0,0
0.476919000,0,0,0,1,0,1,0,1,0,0,1,0
0.476997000,0,0,0,1,0,1,0,1,0,0,1,1
0.477497000,0,0,0,1,0,1,0,1,0,0,1,0
0.477913000,0,0,0,0,0,0,0,0,0,0,0,0
0.477919000,0,0,1,1,1,1,0,1,0,0,1,0
0.477997000,0,0,1,1,1,1,0,1,0,0,1,1
0.478497000,0,0,1,1,1,1,0,1,0,0,1,0
0.478913000,0,0,0,0,0,0,0,0,0,0,0,0
0.478919000,1,1,1,0,1,1,0,1,0,0,1,0
0.478997000,1,1,1,0,1,1,0,1,0,0,1,1
0.479497000,1,1,1,0,1,1,0,1,0,0,1,0
0.479913000,0,0,0,0,0,0,0,0,0,0,0,0
0.479919000,1,1,0,1,1,1,0,1,0,0,1,0
0.479997000,1,1,0,1,1,1,0,1,0,0,1,1
0.480497000,1,1,0,1,1,1,0,1,0,0,1,0
0.480913000,0,0,0,0,0,0,0,0,0,0,0,0
0.480919000,1,1,1,0,1,1,0,1,0,0,1,0
0.480997000,1,1,1,0,1,1,0,1,0,0,1,1
0.481497000,1,1,1,0,1,1,0,1,0,0,1,0
0.481913000,0,0,0,0,0,0,0,0,0,0,0,0
0.481919000,1,1,0,1,0,1,0,1,0,0,1,0
0.481997000,1,1,0,1,0,1,0,1,0,0,1,1
0.482497000,1,1,0,1,0,1,0,1,0,0,1,0
0.482913000,0,0,0,0,0,0,0,0,0,0,0,0
0.482918000,0,0,0,0,0,1,0,1,0,0,0,0
0.482919000,1,0,1,1,1,1,0,1,0,0,1,0
0.482997000,1,0,1,1,1,1,0,1,0,0,1,1
0.483497000,1,0,1,1,1,1,0,1,0,0,1,0
0.483913000,0,0,0,0,0,0,0,0,0,0,0,0
0.483918000,0,0,1,0,1,1,0,1,0,0,0,0
0.483919000,1,0,1,0,1,1,0,1,0,0,1,0
0.483997000,1,0,1,0,1,1,0,1,0,0,1,1
0.484497000,1,0,1,0,1,1,0,1,0,0,1,0
0.484913000,0,0,0,0,0,0,0,0,0,0,0,0
0.484918000,0,0,0,0,1,1,0,1,0,0,1,0
0.484997000,0,0,0,0,1,1,0,1,0,0,1,1
0.485497000,0,0,0,0,1,1,0,1,0,0,1,0
0.485913000,0,0,0,0,0,0,0,0,0,0,0,0
0.485918000,0,0,1,1,1,1,0,1,0,0,1,0
0.485997000,0,0,1,1,1,1,0,1,0,0,1,1
0.486497000,0,0,1,1,1,1,0,1,0,0,1,0
0.486913000,0,0,0,0,0,0,0,0,0,0,0,0
0.486918000,1,1,0,1,0,1,0,1,0,0,1,0
0.486997000,1,1,0,1,0,1,0,1,0,0,1,1
0.487497000,1,1,0,1,0,1,0,1,0,0,1,0
0.487913000,0,0,0,0,0,0,0,0,0,0,0,0
0.487918000,0,1,0,0,1,1,0,1,0,0,1,0
0.487997000,0,1,0,0,1,1,0,1,0,0,1,1
0.488497000,0,1,0,0,1,1,0,1,0,0,1,0
0.488913000,0,0,0,0,0,0,0,0,0,0,0,0
0.488918000,1,1,1,0,1,1,0,1,0,0,1,0
0.488997000,1,1,1,0,1,1,0,1,0,0,1,1
0.489497000,1,1,1,0,1,1,0,1,0,0,1,0
0.489913000,0,0,0,0,0,0,0,0,0,0,0,0
0.489918000,1,1,0,1,1,1,0,1,0,0,1,0
0.489997000,1,1,0,1,1,1,0,1,0,0,1,1
0.490497000,1,1,0,1,1,1,0,1,0,0,1,0
0.490913000,0,0,0,0,0,0,0,0,0,0,0,0
0.490918000,1,1,1,0,0,1,0,1,0,0,1,0
0.490997000,1,1,1,0,0,1,0,1,0,0,1,1
0.491497000,1,1,1,0,0,1,0,1,0,0,1,0
0.491913000,0,0,0,0,0,0,0,0,0,0,0,0
0.491918000,0,1,1,1,1,1,0,1,0,0,1,0
0.491997000,0,1,1,1,1,1,0,1,0,0,1,1
0.492497000,0,1,1,1,1,1,0,1,0,0,1,0
0.492913000,0,0,0,0,0,0,0,0,0,0,0,0
0.492918000,1,0,1,1,1,1,0,1,0,0,1,0
0.492997000,1,0,1,1,1,1,0,1,0,0,1,1
0.493497000,1,0,1,1,1,1,0,1,0,0,1,0
0.493913000,0,0,0,0,0,0,0,0,0,0,0,0
0.493918000,1,0,1,1,1,1,0,1,0,0,1,0
0.493997000,1,0,1,1,1,1,0,1,0,0,1,1
0.494497000,1,0,1,1,1,1,0,1,0,0,1,0
0.494913000,0,0,0,0,0,0,0,0,0,0,0,0
0.494918000,1,1,1,1,1,1,0,1,0,0,1,0
0.494997000,1,1,1,1,1,1,0,1,0,0,1,1
0.495497000,1,1,1,1,1,1,0,1,0,0,1,0
0.495913000,0,0,0,0,0,0,0,0,0,0,0,0
0.495918000,0,0,0,0,1,1,0,1,0,0,1,0
0.495997000,0,0,0,0,1,1,0,1,0,0,1,1
0.496497000,0,0,0,0,1,1,0,1,0,0,1,0
0.496913000,0,0,0,0,0,0,0,0,0,0,0,0
0.496918000,1,1,1,1,0,1,0,1,0,0,1,0
0.496997000,1,1,1,1,0,1,0,1,0,0,1,1
0.497497000,1,1,1,1,0,1,0,1,0,0,1,0
0.497913000,0,0,0,0,0,0,0,0,0,0,0,0
0.497918000,0,0,0,1,1,1,0,1,0,0,1,0
0.497997000,0,0,0,1,1,1,0,1,0,0,1,1
0.498497000,0,0,0,1,1,1,0,1,0,0,1,0
0.498913000,0,0,0,0,0,0,0,0,0,0,0,0
0.498918000,0,1,0,1,1,1,0,1,0,0,1,0
0.498997000,0,1,0,1,1,1,0,1,0,0,1,1
0.499497000,0,1,0,1,1,1,0,1,0,0,1,0
0.499913000,0,0,0,0,0,0,0,0,0,0,0,0
0.499918000,0,1,1,1,0,1,0,1,0,0,1,0
0.499997000,0,1,1,1,0,1,0,1,0,0,1,1
0.500497000,0,1,1,1,0,1,0,1,0,0,1,0
0.500913000,0,0,0,0,0,0,0,0,0,0,0,0
0.500918000,1,0,1,0,1,1,0,1,0,0,1,0
0.500997000,1,0,1,0,1,1,0,1,0,0,1,1
0.501497000,1,0,1,0,1,1,0,1,0,0,1,0
0.501913000,0,0,0,0,0,0,0,0,0,0,0,0
0.501918000,1,1,1,0,1,1,0,1,0,0,1,0
0.501997000,1,1,1,0,1,1,0,1,0,0,1,1
0.502497000,1,1,1,0,1,1,0,1,0,0,1,0
0.502913000,0,0,0,0,0,0,0,0,0,0,0,0
0.502918000,0,0,0,1,1,1,0,1,0,0,1,0
0.502997000,0,0,0,1,1,1,0,1,0,0,1,1
0.503497000,0,0,0,1,1,1,0,1,0,0,1,0
0.503913000,0,0,0,0,0,0,0,0,0,0,0,0
0.503918000,1,1,0,0,1,1,0,1,0,0,1,0
0.503997000,1,1,0,0,1,1,0,1,0,0,1,1
0.504497000,1,1,0,0,1,1,0,1,0,0,1,0
0.504913000,0,0,0,0,0,0,0,0,0,0,0,0
0.504918000,1,0,0,1,1,1,0,1,0,0,1,0
0.504997000,1,0,0,1,1,1,0,1,0,0,1,1
0.505497000,1,0,0,1,1,1,0,1,0,0,1,0
0.505913000,0,0,0,0,0,0,0,0,0,0,0,0
0.505918000,0,0,0,1,0,0,1,1,0,0,1,0
0.505997000,0,0,0,1,0,0,1,1,0,0,1,1
0.506497000,0,0,0,1,0,0,1,1,0,0,1,0
0.506913000,0,0,0,0,0,0,0,0,0,0,0,0
0.506918000,0,0,1,0,1,1,0,1,0,0,1,0
0.506997000,0,0,1,0,1,1,0,1,0,0,1,1
0.507497000,0,0,1,0,1,1,0,1,0,0,1,0
0.507913000,0,0,0,0,0,0,0,0,0,0,0,0
0.507918000,0,1,1,1,1,1,0,1,0,0,1,0
0.507997000,0,1,1,1,1,1,0,1,0,0,1,1
0.508497000,0,1,1,1,1,1,0,1,0,0,1,0
0.508913000,0,0,0,0,0,0,0,0,0,0,0,0
0.508918000,1,1,1,1,1,1,0,1,0,0,1,0
0.508997000,1,1,1,1,1,1,0,1,0,0,1,1
0.509497000,1,1,1,1,1,1,0,1,0,0,1,0
0.509913000,0,0,0,0,0,0,0,0,0,0,0,0
0.509918000,0,0,0,1,0,0,1,1,0,0,1,0
0.509997000,0,0,0,1,0,0,1,1,0,0,1,1
0.510497000,0,0,0,1,0,0,1,1,0,0,1,0
0.510913000,0,0,0,0,0,0,0,0,0,0,0,0
0.510918000,0,0,1,0,0,0,1,1,0,0,1,0
0.510997000,0,0,1,0,0,0,1,1,0,0,1,1
0.511497000,0,0,1,0,0,0,1,1,0,0,1,0
0.511913000,0,0,0,0,0,0,0,0,0,0,0,0
0.511918000,1,1,1,1,1,1,0,1,0,0,1,0
0.511997000,1,1,1,1,1,1,0,1,0,0,1,1
0.512497000,1,1,1,1,1,1,0,1,0,0,1,0
0.512913000,0,0,0,0,0,0,0,0,0,0,0,0
0.512918000,1,1,1,0,1,0,1,1,0,0,1,0
0.512997000,1,1,1,0,1,0,1,1,0,0,1,1
0.513497000,1,1,1,0,1,0,1,1,0,0,1,0
0.513913000,0,0,0,0,0,0,0,0,0,0,0,0
0.513918000,1,1,0,1,0,0,1,1,0,0,1,0
0.513997000,1,1,0,1,0,0,1,1,0,0,1,1
0.514497000,1,1,0,1,0,0,1,1,0,0,1,0
0.514913000,0,0,0,0,0,0,0,0,0,0,0,0
0.514918000,1,1,1,1,1,1,0,1,0,0,1,0
0.514997000,1,1,1,1,1,1,0,1,0,0,1,1
0.515497000,1,1,1,1,1,1,0,1,0,0,1,0
0.515913000,0,0,0,0,0,0,0,0,0,0,0,0
0.515918000,0,1,0,1,1,0,1,1,0,0,1,0
0.515997000,0,1,0,1,1,0,1,1,0,0,1,1
0.516497000,0,1,0,1,1,0,1,1,0,0,1,0
0.516913000,0,0,0,0,0,0,0,0,0,0,0,0
0.516918000,1,1,0,1,0,0,1,1,0,0,1,0
0.516996000,1,1,0,1,0,0,1,1,0,0,1,1
0.517496000,1,1,0,1,0,0,1,1,0,0,1,0
0.517913000,0,0,0,0,0,0,0,0,0,0,0,0
0.517918000,1,1,1,1,1,1,0,1,0,0,1,0
0.517996000,1,1,1,1,1,1,0,1,0,0,1,1
0.518496000,1,1,1,1,1,1,0,1,0,0,1,0
0.518913000,0,0,0,0,0,0,0,0,0,0,0,0
0.518918000,0,0,1,1,0,0,1,1,0,0,1,0
0.518996000,0,0,1,1,0,0,1,1,0,0,1,1
0.519496000,0,0,1,1,0,0,1,1,0,0,1,0
0.519913000,0,0,0,0,0,0,0,0,0,0,0,0
0.519918000,0,0,0,0,1,0,1,1,0,0,1,0
0.519996000,0,0,0,0,1,0,1,1,0,0,1,1
0.520496000,0,0,0,0,1,0,1,1,0,0,1,0
0.520913000,0,0,0,0,0,0,0,0,0,0,0,0
0.520918000,1,0,1,0,1,0,1,1,0,0,1,0
0.520996000,1,0,1,0,1,0,1,1,0,0,1,1
0.521496000,1,0,1,0,1,0,1,1,0,0,1,0
0.521913000,0,0,0,0,0,0,0,0,0,0,0,0
0.521918000,1,1,1,0,0,0,1,1,0,0,1,0
0.521996000,1,1,1,0,0,0,1,1,0,0,1,1
0.522496000,1,1,1,0,0,0,1,1,0,0,1,0
0.522913000,0,0,0,0,0,0,0,0,0,0,0,0
0.522918000,1,1,0,0,1,0,1,1,0,0,1,0
0.522996000,1,1,0,0,1,0,1,1,0,0,1,1
0.523496000,1,1,0,0,1,0,1,1,0,0,1,0
0.523913000,0,0,0,0,0,0,0,0,0,0,0,0
0.523918000,0,1,1,0,1,0,1,1,0,0,1,0
0.523996000,0,1,1,0,1,0,1,1,0,0,1,1
0.524496000,0,1,1,0,1,0,1,1,0,0,1,0
0.524913000,0,0,0,0,0,0,0,0,0,0,0,0
0.524918000,0,1,1,1,1,0,1,1,0,0,1,0
0.524996000,0,1,1,1,1,0,1,1,0,0,1,1
0.525496000,0,1,1,1,1,0,1,1,0,0,1,0
0.525913000,0,0,0,0,0,0,0,0,0,0,0,0
0.525918000,1,0,0,0,1,0,1,1,0,0,1,0
0.525996000,1,0,0,0,1,0,1,1,0,0,1,1
0.526496000,1,0,0,0,1,0,1,1,0,0,1,0
0.526913000,0,0,0,0,0,0,0,0,0,0,0,0
0.526918000,0,1,1,0,1,0,1,1,0,0,1,0
0.526996000,0,1,1,0,1,0,1,1,0,0,1,1
0.527496000,0,1,1,0,1,0,1,1,0,0,1,0
0.527913000,0,0,0,0,0,0,0,0,0,0,0,0
0.527918000,0,1,1,1,1,0,1,1,0,0,1,0
0.527996000,0,1,1,1,1,0,1,1,0,0,1,1
0.528496000,0,1,1,1,1,0,1,1,0,0,1,0
0.528913000,0,0,0,0,0,0,0,0,0,0,0,0
0.528918000,1,1,0,0,0,0,1,1,0,0,1,0
0.528996000,1,1,0,0,0,0,1,1,0,0,1,1
0.529496000,1,1,0,0,0,0,1,1,0,0,1,0
0.529913000,0,0,0,0,0,0,0,0,0,0,0,0
0.529918000,1,1,0,1,1,0,1,1,0,0,1,0
0.529996000,1,1,0,1,1,0,1,1,0,0,1,1
0.530496000,1,1,0,1,1,0,1,1,0,0,1,0
0.530913000,0,0,0,0,0,0,0,0,0,0,0,0
0.530918000,1,1,1,0,1,0,1,1,0,0,1,0
0.530996000,1,1,1,0,1,0,1,1,0,0,1,1
0.531496000,1,1,1,0,1,0,1,1,0,0,1,0
0.531913000,0,0,0,0,0,0,0,0,0,0,0,0
0.531918000,1,1,1,1,1,0,1,1,0,0,1,0
0.531996000,1,1,1,1,1,0,1,1,0,0,1,1
0.532496000,1,1,1,1,1,0,1,1,0,0,1,0
0.532913000,0,0,0,0,0,0,0,0,0,0,0,0
0.532918000,1,0,1,1,1,0,1,1,0,0,1,0
0.532996000,1,0,1,1,1,0,1,1,0,0,1,1
0.533496000,1,0,1,1,1,0,1,1,0,0,1,0
0.533913000,0,0,0,0,0,0,0,0,0,0,0,0
0.533918000,0,1,0,1,1,0,1,1,0,0,1,0
0.533996000,0,1,0,1,1,0,1,1,0,0,1,1
0.534496000,0,1,0,1,1,0,1,1,0,0,1,0
0.534913000,0,0,0,0,0,0,0,0,0,0,0,0
0.534918000,0,1,1,0,1,0,1,1,0,0,1,0
0.534996000,0,1,1,0,1,0,1,1,0,0,1,1
0.535496000,0,1,1,0,1,0,1,1,0,0,1,0
0.535913000,0,0,0,0,0,0,0,0,0,0,0,0
0.535918000,1,0,1,1,1,0,1,1,0,0,1,0
0.535996000,1,0,1,1,1,0,1,1,0,0,1,1
0.536496000,1,0,1,1,1,0,1,1,0,0,1,0
0.536913000,0,0,0,0,0,0,0,0,0,0,0,0
0.536918000,0,0,1,0,1,0,1,1,0,0,1,0
0.536996000,0,0,1,0,1,0,1,1,0,0,1,1
0.537496000,0,0,1,0,1,0,1,1,0,0,1,0
0.537913000,0,0,0,0,0,0,0,0,0,0,0,0
0.537918000,1,1,1,1,1,0,1,1,0,0,1,0
0.537996000,1,1,1,1,1,0,1,1,0,0,1,1
0.538496000,1,1,1,1,1,0,1,1,0,0,1,0
0.538913000,0,0,0,0,0,0,0,0,0,0,0,0
0.538918000,1,0,1,0,1,0,1,1,0,0,1,0
0.538996000,1,0,1,0,1,0,1,1,0,0,1,1
0.539496000,1,0,1,0,1,0,1,1,0,0,1,0
0.539913000,0,0,0,0,0,0,0,0,0,0,0,0
0.539918000,0,0,1,0,1,0,1,1,0,0,1,0
0.539996000,0,0,1,0,1,0,1,1,0,0,1,1
0.540496000,0,0,1,0,1,0,1,1,0,0,1,0
0.540913000,0,0,0,0,0,0,0,0,0,0,0,0
0.540918000,0,0,1,0,0,1,1,1,0,0,1,0
0.540996000,0,0,1,0,0,1,1,1,0,0,1,1
0.541496000,0,0,1,0,0,1,1,1,0,0,1,0
0.541913000,0,0,0,0,0,0,0,0,0,0,0,0
0.541918000,1,0,1,0,1,0,1,1,0,0,1,0
0.541996000,1,0,1,0,1,0,1,1,0,0,1,1
0.542496000,1,0,1,0,1,0,1,1,0,0,1,0
0.542913000,0,0,0,0,0,0,0,0,0,0,0,0
0.542918000,0,0,1,1,1,0,1,1,0,0,1,0
0.542996000,0,0,1,1,1,0,1,1,0,0,1,1
0.543496000,0,0,1,1,1,0,1,1,0,0,1,0
0.543913000,0,0,0,0,0,0,0,0,0,0,0,0
0.543918000,0,1,0,1,1,0,1,1,0,0,1,0
0.543996000,0,1,0,1,1,0,1,1,0,0,1,1
0.544496000,0,1,0,1,1,0,1,1,0,0,1,0
0.544913000,0,0,0,0,0,0,0,0,0,0,0,0
0.544918000,1,0,1,1,1,0,1,1,0,0,1,0
0.544996000,1,0,1,1,1,0,1,1,0,0,1,1
0.545496000,1,0,1,1,1,0,1,1,0,0,1,0
0.545913000,0,0,0,0,0,0,0,0,0,0,0,0
0.545918000,0,0,0,0,1,0,1,1,0,0,1,0
0.545996000,0,0,0,0,1,0,1,1,0,0,1,1
0.546496000,0,0,0,0,1,0,1,1,0,0,1,0
0.546913000,0,0,0,0,0,0,0,0,0,0,0,0
0.546918000,1,1,0,0,1,0,1,1,0,0,1,0
0.546996000,1,1,0,0,1,0,1,1,0,0,1,1
0.547496000,1,1,0,0,1,0,1,1,0,0,1,0
0.547913000,0,0,0,0,0,0,0,0,0,0,0,0
0.547918000,1,0,1,1,1,0,1,1,0,0,1,0
0.547996000,1,0,1,1,1,0,1,1,0,0,1,1
0.548496000,1,0,1,1,1,0,1,1,0,0,1,0
0.548913000,0,0,0,0,0,0,0,0,0,0,0,0
0.548918000,0,0,1,0,1,0,1,1,0,0,1,0
0.548996000,0,0,1,0,1,0,1,1,0,0,1,1
0.549496000,0,0,1,0,1,0,1,1,0,0,1,0
0.549913000,0,0,0,0,0,0,0,0,0,0,0,0
0.549918000,0,0,1,0,1,0,1,1,0,0,1,0
0.549996000,0,0,1,0,1,0,1,1,0,0,1,1
0.550496000,0,0,1,0,1,0,1,1,0,0,1,0
0.550913000,0,0,0,0,0,0,0,0,0,0,0,0
0.550918000,1,0,1,1,1,0,1,1,0,0,1,0
0.550996000,1,0,1,1,1,0,1,1,0,0,1,1
0.551496000,1,0,1,1,1,0,1,1,0,0,1,0
0.551913000,0,0,0,0,0,0,0,0,0,0,0,0
0.551918000,1,1,1,0,1,0,1,1,0,0,1,0
0.551996000,1,1,1,0,1,0,1,1,0,0,1,1
0.552496000,1,1,1,0,1,0,1,1,0,0,1,0
0.552913000,0,0,0,0,0,0,0,0,0,0,0,0
0.552918000,1,0,1,1,1,0,1,1,0,0,1,0
0.552996000,1,0,1,1,1,0,1,1,0,0,1,1
0.553496000,1,0,1,1,1,0,1,1,0,0,1,0
0.553913000,0,0,0,0,0,0,0,0,0,0,0,0
0.553918000,0,0,0,0,1,0,1,1,0,0,1,0
0.553996000,0,0,0,0,1,0,1,1,0,0,1,1
0.554496000,0,0,0,0,1,0,1,1,0,0,1,0
0.554913000,0,0,0,0,0,0,0,0,0,0,0,0
0.554918000,1,0,0,0,1,0,1,1,0,0,1,0
0.554996000,1,0,0,0,1,0,1,1,0,0,1,1
0.555496000,1,0,0,0,1,0,1,1,0,0,1,0
0.555913000,0,0,0,0,0,0,0,0,0,0,0,0
0.555918000,0,1,0,1,0,0,1,1,0,0,1,0
0.555996000,0,1,0,1,0,0,1,1,0,0,1,1
0.556496000,0,1,0,1,0,0,1,1,0,0,1,0
0.556913000,0,0,0,0,0,0,0,0,0,0,0,0
0.556918000,0,0,0,0,1,0,1,1,0,0,1,0
0.556996000,0,0,0,0,1,0,1,1,0,0,1,1
0.557496000,0,0,0,0,1,0,1,1,0,0,1,0
0.557913000,0,0,0,0,0,0,0,0,0,0,0,0
0.557918000,1,1,1,1,1,1,0,1,0,0,1,0
0.557996000,1,1,1,1,1,1,0,1,0,0,1,1
0.558496000,1,1,1,1,1,1,0,1,0,0,1,0
0.558913000,0,0,0,0,0,0,0,0,0,0,0,0
0.558918000,0,0,0,1,0,0,1,1,0,0,1,0
0.558996000,0,0,0,1,0,0,1,1,0,0,1,1
0.559496000,0,0,0,1,0,0,1,1,0,0,1,0
0.559913000,0,0,0,0,0,0,0,0,0,0,0,0
0.559918000,1,1,0,1,1,1,0,1,0,0,1,0
0.559996000,1,1,0,1,1,1,0,1,0,0,1,1
0.560496000,1,1,0,1,1,1,0,1,0,0,1,0
0.560913000,0,0,0,0,0,0,0,0,0,0,0,0
0.560918000,1,0,0,1,0,0,1,1,0,0,1,0
0.560996000,1,0,0,1,0,0,1,1,0,0,1,1
0.561496000,1,0,0,1,0,0,1,1,0,0,1,0
0.561913000,0,0,0,0,0,0,0,0,0,0,0,0
0.561918000,0,0,1,0,0,0,1,1,0,0,1,0
0.561996000,0,0,1,0,0,0,1,1,0,0,1,1
0.562496000,0,0,1,0,0,0,1,1,0,0,1,0
0.562913000,0,0,0,0,0,0,0,0,0,0,0,0
0.562918000,0,1,0,0,0,0,1,1,0,0,1,0
0.562996000,0,1,0,0,0,0,1,1,0,0,1,1
0.563496000,0,1,0,0,0,0,1,1,0,0,1,0
0.563913000,0,0,0,0,0,0,0,0,0,0,0,0
0.563918000,1,1,1,1,1,1,0,1,0,0,1,0
0.563996000,1,1,1,1,1,1,0,1,0,0,1,1
0.564496000,1,1,1,1,1,1,0,1,0,0,1,0
0.564913000,0,0,0,0,0,0,0,0,0,0,0,0
0.564918000,0,1,0,0,1,0,1,1,0,0,1,0
0.564996000,0,1,0,0,1,0,1,1,0,0,1,1
0.565496000,0,1,0,0,1,0,1,1,0,0,1,0
0.565913000,0,0,0,0,0,0,0,0,0,0,0,0
0.565918000,0,1,1,0,0,0,1,1,0,0,1,0
0.565996000,0,1,1,0,0,0,1,1,0,0,1,1
0.566496000,0,1,1,0,0,0,1,1,0,0,1,0
0.566913000,0,0,0,0,0,0,0,0,0,0,0,0
0.566918000,1,1,1,1,1,1,0,1,0,0,1,0
0.566996000,1,1,1,1,1,1,0,1,0,0,1,1
0.567496000,1,1,1,1,1,1,0,1,0,0,1,0
0.567913000,0,0,0,0,0,0,0,0,0,0,0,0
0.567918000,1,1,1,1,0,1,0,1,0,0,1,0
0.567996000,1,1,1,1,0,1,0,1,0,0,1,1
0.568496000,1,1,1,1,0,1,0,1,0,0,1,0
0.568913000,0,0,0,0,0,0,0,0,0,0,0,0
0.568918000,0,0,1,1,1,1,0,1,0,0,1,0
0.568996000,0,0,1,1,1,1,0,1,0,0,1,1
0.569496000,0,0,1,1,1,1,0,1,0,0,1,0
0.569913000,0,0,0,0,0,0,0,0,0,0,0,0
0.569918000,1,1,1,1,1,1,0,1,0,0,1,0
0.569996000,1,1,1,1,1,1,0,1,0,0,1,1
0.570496000,1,1,1,1,1,1,0,1,0,0,1,0
0.570913000,0,0,0,0,0,0,0,0,0,0,0,0
0.570918000,1,1,1,1,1,1,0,1,0,0,1,0
0.570996000,1,1,1,1,1,1,0,1,0,0,1,1
0.571496000,1,1,1,1,1,1,0,1,0,0,1,0
0.571913000,0,0,0,0,0,0,0,0,0,0,0,0
0.571918000,0,1,0,1,1,1,0,1,0,0,1,0
0.571996000,0,1,0,1,1,1,0,1,0,0,1,1
0.572496000,0,1,0,1,1,1,0,1,0,0,1,0
0.572913000,0,0,0,0,0,0,0,0,0,0,0,0
0.572918000,1,0,1,0,1,1,0,1,0,0,1,0
0.572996000,1,0,1,0,1,1,0,1,0,0,1,1
0.573496000,1,0,1,0,1,1,0,1,0,0,1,0
0.573913000,0,0,0,0,0,0,0,0,0,0,0,0
0.573918000,0,0,1,1,0,1,0,1,0,0,1,0
0.573996000,0,0,1,1,0,1,0,1,0,0,1,1
0.574496000,0,0,1,1,0,1,0,1,0,0,1,0
0.574913000,0,0,0,0,0,0,0,0,0,0,0,0
0.574918000,0,0,1,1,0,1,0,1,0,0,1,0
0.574996000,0,0,1,1,0,1,0,1,0,0,1,1
0.575496000,0,0,1,1,0,1,0,1,0,0,1,0
0.575913000,0,0,0,0,0,0,0,0,0,0,0,0
0.575918000,1,1,1,1,0,1,0,1,0,0,1,0
0.575996000,1,1,1,1,0,1,0,1,0,0,1,1
0.576496000,1,1,1,1,0,1,0,1,0,0,1,0
0.576913000,0,0,0,0,0,0,0,0,0,0,0,0
0.576918000,0,0,0,0,1,1,0,1,0,0,1,0
0.576996000,0,0,0,0,1,1,0,1,0,0,1,1
0.577496000,0,0,0,0,1,1,0,1,0,0,1,0
0.577913000,0,0,0,0,0,0,0,0,0,0,0,0
0.577918000,1,0,1,0,1,1,0,1,0,0,1,0
0.577996000,1,0,1,0,1,1,0,1,0,0,1,1
0.578496000,1,0,1,0,1,1,0,1,0,0,1,0
0.578913000,0,0,0,0,0,0,0,0,0,0,0,0
0.578918000,1,1,1,0,1,1,0,1,0,0,1,0
0.578996000,1,1,1,0,1,1,0,1,0,0,1,1
0.579496000,1,1,1,0,1,1,0,1,0,0,1,0
0.579913000,0,0,0,0,0,0,0,0,0,0,0,0
0.579918000,1,1,1,1,0,1,0,1,0,0,1,0
0.579996000,1,1,1,1,0,1,0,1,0,0,1,1
0.580496000,1,1,1,1,0,1,0,1,0,0,1,0
0.580913000,0,0,0,0,0,0,0,0,0,0,0,0
0.580918000,1,1,1,0,1,1,0,1,0,0,1,0
0.580996000,1,1,1,0,1,1,0,1,0,0,1,1
0.581496000,1,1,1,0,1,1,0,1,0,0,1,0
0.581913000,0,0,0,0,0,0,0,0,0,0,0,0
0.581918000,0,1,0,1,1,1,0,1,0,0,1,0
0.581996000,0,1,0,1,1,1,0,1,0,0,1,1
0.582496000,0,1,0,1,1,1,0,1,0,0,1,0
0.582913000,0,0,0,0,0,0,0,0,0,0,0,0
0.582918000,1,1,1,1,1,1,0,1,0,0,1,0
0.582996000,1,1,1,1,1,1,0,1,0,0,1,1
0.583496000,1,1,1,1,1,1,0,1,0,0,1,0
0.583913000,0,0,0,0,0,0,0,0,0,0,0,0
0.583918000,0,1,1,0,1,1,0,1,0,0,1,0
0.583996000,0,1,1,0,1,1,0,1,0,0,1,1
0.584496000,0,1,1,0,1,1,0,1,0,0,1,0
0.584913000,0,0,0,0,0,0,0,0,0,0,0,0
0.584918000,0,1,0,1,0,1,0,1,0,0,1,0
0.584996000,0,1,0,1,0,1,0,1,0,0,1,1
0.585496000,0,1,0,1,0,1,0,1,0,0,1,0
0.585913000,0,0,0,0,0,0,0,0,0,0,0,0
0.585918000,1,0,1,1,0,1,0,1,0,0,1,0
0.585996000,1,0,1,1,0,1,0,1,0,0,1,1
0.586496000,1,0,1,1,0,1,0,1,0,0,1,0
0.586913000,0,0,0,0,0,0,0,0,0,0,0,0
0.586918000,1,1,1,1,0,1,0,1,0,0,1,0
0.586996000,1,1,1,1,0,1,0,1,0,0,1,1
0.587496000,1,1,1,1,0,1,0,1,0,0,1,0
0.587913000,0,0,0,0,0,0,0,0,0,0,0,0
0.587918000,1,1,0,1,0,1,0,1,0,0,1,0
0.587996000,1,1,0,1,0,1,0,1,0,0,1,1
0.588496000,1,1,0,1,0,1,0,1,0,0,1,0
0.588913000,0,0,0,0,0,0,0,0,0,0,0,0
0.588918000,1,1,1,0,1,1,0,1,0,0,1,0
0.588996000,1,1,1,0,1,1,0,1,0,0,1,1
0.589496000,1,1,1,0,1,1,0,1,0,0,1,0
0.589913000,0,0,0,0,0,0,0,0,0,0,0,0
0.589918000,0,1,1,1,0,1,0,1,0,0,1,0
0.589996000,0,1,1,1,0,1,0,1,0,0,1,1
0.590496000,0,1,1,1,0,1,0,1,0,0,1,0
0.590913000,0,0,0,0,0,0,0,0,0,0,0,0
0.590918000,0,1,0,0,1,1,0,1,0,0,1,0
0.590996000,0,1,0,0,1,1,0,1,0,0,1,1
0.591496000,0,1,0,0,1,1,0,1,0,0,1,0
0.591913000,0,0,0,0,0,0,0,0,0,0,0,0
0.591918000,0,0,0,1,0,1,0,1,0,0,1,0
0.591996000,0,0,0,1,0,1,0,1,0,0,1,1
0.592496000,0,0,0,1,0,1,0,1,0,0,1,0
0.592913000,0,0,0,0,0,0,0,0,0,0,0,0
0.592918000,1,1,1,1,0,1,0,1,0,0,1,0
0.592996000,1,1,1,1,0,1,0,1,0,0,1,1
0.593496000,1,1,1,1,0,1,0,1,0,0,1,0
0.593913000,0,0,0,0,0,0,0,0,0,0,0,0
0.593918000,1,0,1,0,1,1,0,1,0,0,1,0
0.593996000,1,0,1,0,1,1,0,1,0,0,1,1
0.594496000,1,0,1,0,1,1,0,1,0,0,1,0
0.594913000,0,0,0,0,0,0,0,0,0,0,0,0
0.594918000,1,1,1,1,0,1,0,1,0,0,1,0
0.594996000,1,1,1,1,0,1,0,1,0,0,1,1
0.595496000,1,1,1,1,0,1,0,1,0,0,1,0
0.595913000,0,0,0,0,0,0,0,0,0,0,0,0
0.595918000,0,1,1,0,1,1,0,1,0,0,1,0
0.595996000,0,1,1,0,1,1,0,1,0,0,1,1
0.596496000,0,1,1,0,1,1,0,1,0,0,1,0
0.596913000,0,0,0,0,0,0,0,0,0,0,0,0
0.596918000,1,1,0,1,0,1,0,1,0,0,1,0
0.596996000,1,1,0,1,0,1,0,1,0,0,1,1
0.597496000,1,1,0,1,0,1,0,1,0,0,1,0
0.597913000,0,0,0,0,0,0,0,0,0,0,0,0
0.597918000,1,1,1,1,0,1,0,1,0,0,1,0
0.597996000,1,1,1,1,0,1,0,1,0,0,1,1
0.598496000,1,1,1,1,0,1,0,1,0,0,1,0
0.598913000,0,0,0,0,0,0,0,0,0,0,0,0
0.598918000,0,0,0,1,0,0,1,1,0,0,1,0
0.598996000,0,0,0,1,0,0,1,1,0,0,1,1
0.599496000,0,0,0,1,0,0,1,1,0,0,1,0
0.599913000,0,0,0,0,0,0,0,0,0,0,0,0
0.599918000,0,0,1,0,0,0,1,1,0,0,1,0
0.599996000,0,0,1,0,0,0,1,1,0,0,1,1
0.600496000,0,0,1,0,0,0,1,1,0,0,1,0
0.600913000,0,0,0,0,0,0,0,0,0,0,0,0
0.600918000,0,0,1,0,1,0,1,1,0,0,1,0
0.600996000,0,0,1,0,1,0,1,1,0,0,1,1
0.601496000,0,0,1,0,1,0,1,1,0,0,1,0
0.601913000,0,0,0,0,0,0,0,0,0,0,0,0
0.601918000,1,1,1,1,1,1,0,1,0,0,1,0
0.601996000,1,1,1,1,1,1,0,1,0,0,1,1
0.602496000,1,1,1,1,1,1,0,1,0,0,1,0
0.602913000,0,0,0,0,0,0,0,0,0,0,0,0
0.602918000,1,1,1,1,1,1,0,1,0,0,1,0
0.602996000,1,1,1,1,1,1,0,1,0,0,1,1
0.603496000,1,1,1,1,1,1,0,1,0,0,1,0
0.603913000,0,0,0,0,0,0,0,0,0,0,0,0
0.603918000,1,1,1,1,1,1,0,1,0,0,1,0
0.603996000,1,1,1,1,1,1,0,1,0,0,1,1
0.604496000,1,1,1,1,1,1,0,1,0,0,1,0
0.604913000,0,0,0,0,0,0,0,0,0,0,0,0
0.604918000,0,0,0,0,0,0,1,1,0,0,1,0
0.604996000,0,0,0,0,0,0,1,1,0,0,1,1
0.605496000,0,0,0,0,0,0,1,1,0,0,1,0
0.605913000,0,0,0,0,0,0,0,0,0,0,0,0
0.605918000,1,1,1,1,1,1,0,1,0,0,1,0
0.605996000,1,1,1,1,1,1,0,1,0,0,1,1
0.606496000,1,1,1,1,1,1,0,1,0,0,1,0
0.606913000,0,0,0,0,0,0,0,0,0,0,0,0
0.606918000,1,1,1,0,0,0,1,1,0,0,1,0
0.606996000,1,1,1,0,0,0,1,1,0,0,1,1
0.607496000,1,1,1,0,0,0,1,1,0,0,1,0
0.607913000,0,0,0,0,0,0,0,0,0,0,0,0
0.607918000,0,0,0,0,1,0,1,1,0,0,1,0
0.607996000,0,0,0,0,1,0,1,1,0,0,1,1
0.608496000,0,0,0,0,1,0,1,1,0,0,1,0
0.608913000,0,0,0,0,0,0,0,0,0,0,0,0
0.608918000,1,1,0,1,0,0,1,1,0,0,1,0
0.608996000,1,1,0,1,0,0,1,1,0,0,1,1
0.609496000,1,1,0,1,0,0,1,1,0,0,1,0
0.609913000,0,0,0,0,0,0,0,0,0,0,0,0
0.609918000,0,1,1,1,0,0,1,1,0,0,1,0
0.609996000,0,1,1,1,0,0,1,1,0,0,1,1
0.610496000,0,1,1,1,0,0,1,1,0,0,1,0
0.610913000,0,0,0,0,0,0,0,0,0,0,0,0
0.610918000,1,1,0,0,1,0,1,1,0,0,1,0
0.610996000,1,1,0,0,1,0,1,1,0,0,1,1
0.611496000,1,1,0,0,1,0,1,1,0,0,1,0
0.611913000,0,0,0,0,0,0,0,0,0,0,0,0
0.611918000,0,0,1,1,1,0,1,1,0,0,1,0
0.611996000,0,0,1,1,1,0,1,1,0,0,1,1
0.612496000,0,0,1,1,1,0,1,1,0,0,1,0
0.612913000,0,0,0,0,0,0,0,0,0,0,0,0
0.612918000,1,1,1,0,1,0,1,1,0,0,1,0
0.612996000,1,1,1,0,1,0,1,1,0,0,1,1
0.613496000,1,1,1,0,1,0,1,1,0,0,1,0
0.613913000,0,0,0,0,0,0,0,0,0,0,0,0
0.613918000,0,1,0,0,1,0,1,1,0,0,1,0
0.613996000,0,1,0,0,1,0,1,1,0,0,1,1
0.614496000,0,1,0,0,1,0,1,1,0,0,1,0
0.614913000,0,0,0,0,0,0,0,0,0,0,0,0
0.614918000,1,1,0,0,1,0,1,1,0,0,1,0
0.614996000,1,1,0,0,1,0,1,1,0,0,1,1
0.615496000,1,1,0,0,1,0,1,1,0,0,1,0
0.615912000,1,1,0,0,1,0,1,1,0,0,0,0
0.615913000,0,0,0,0,0,0,0,0,0,0,0,0
0.615918000,1,0,0,0,0,0,1,1,0,0,1,0
0.615996000,1,0,0,0,0,0,1,1,0,0,1,1
0.616496000,1,0,0,0,0,0,1,1,0,0,1,0
0.616912000,1,0,0,0,0,0,1,1,0,0,0,0
0.616913000,0,0,0,0,0,0,0,0,0,0,0,0
0.616918000,1,0,0,0,0,0,1,1,0,0,1,0
0.616996000,1,0,0,0,0,0,1,1,0,0,1,1
0.617496000,1,0,0,0,0,0,1,1,0,0,1,0
0.617912000,1,0,0,0,0,0,1,1,0,0,0,0
0.617913000,0,0,0,0,0,0,0,0,0,0,0,0
0.617918000,1,1,0,0,1,0,1,1,0,0,1,0
0.617996000,1,1,0,0,1,0,1,1,0,0,1,1
0.618496000,1,1,0,0,1,0,1,1,0,0,1,0
0.618912000,1,1,0,0,1,0,1,1,0,0,0,0
0.618913000,0,0,0,0,0,0,0,0,0,0,0,0
0.618918000,1,1,0,1,0,0,1,1,0,0,1,0
0.618996000,1,1,0,1,0,0,1,1,0,0,1,1
0.619496000,1,1,0,1,0,0,1,1,0,0,1,0
0.619912000,1,0,1,0,0,0,0,1,0,0,1,0
0.619913000,0,0,0,0,0,0,0,0,0,0,0,0
0.619918000,0,1,0,1,1,0,1,1,0,0,1,0
0.619996000,0,1,0,1,1,0,1,1,0,0,1,1
0.620496000,0,1,0,1,1,0,1,1,0,0,1,0
0.620912000,0,0,0,0,0,0,0,0,0,0,0,0
0.620918000,0,1,0,1,0,1,1,1,0,0,1,0
0.620996000,0,1,0,1,0,1,1,1,0,0,1,1
0.621496000,0,1,0,1,0,1,1,1,0,0,1,0
0.621912000,0,0,0,0,0,0,0,0,0,0,0,0
0.621918000,1,0,0,0,1,0,1,1,0,0,1,0
0.621996000,1,0,0,0,1,0,1,1,0,0,1,1
0.622496000,1,0,0,0,1,0,1,1,0,0,1,0
0.622912000,0,0,0,0,0,0,0,0,0,0,0,0
0.622918000,1,0,0,0,1,0,1,1,0,0,1,0
0.622996000,1,0,0,0,1,0,1,1,0,0,1,1
0.623496000,1,0,0,0,1,0,1,1,0,0,1,0
0.623912000,0,0,0,0,0,0,0,0,0,0,0,0
0.623918000,1,1,1,0,1,0,1,1,0,0,1,0
0.623996000,1,1,1,0,1,0,1,1,0,0,1,1
0.624496000,1,1,1,0,1,0,1,1,0,0,1,0
0.624912000,0,0,0,0,0,0,0,0,0,0,0,0
0.624918000,1,1,0,1,1,0,1,1,0,0,1,0
0.624996000,1,1,0,1,1,0,1,1,0,0,1,1
0.625496000,1,1,0,1,1,0,1,1,0,0,1,0
0.625912000,0,0,0,0,0,0,0,0,0,0,0,0
0.625918000,1,1,0,1,1,0,1,1,0,0,1,0
0.625996000,1,1,0,1,1,0,1,1,0,0,1,1
0.626496000,1,1,0,1,1,0,1,1,0,0,1,0
0.626912000,0,0,0,0,0,0,0,0,0,0,0,0
0.626918000,0,1,1,1,1,0,1,1,0,0,1,0
0.626996000,0,1,1,1,1,0,1,1,0,0,1,1
0.627496000,0,1,1,1,1,0,1,1,0,0,1,0
0.627912000,0,0,0,0,0,0,1,0,0,0,0,0
0.627913000,0,0,0,0,0,0,0,0,0,0,0,0
0.627917000,0,0,0,0,0,0,1,1,0,0,0,0
0.627918000,0,1,1,1,1,0,1,1,0,0,1,0
0.627996000,0,1,1,1,1,0,1,1,0,0,1,1
0.628496000,0,1,1,1,1,0,1,1,0,0,1,0
0.628912000,0,0,0,0,0,0,1,0,0,0,0,0
0.628913000,0,0,0,0,0,0,0,0,0,0,0,0
0.628917000,0,0,0,0,1,0,1,1,0,0,0,0
0.628918000,1,0,1,1,1,0,1,1,0,0,1,0
0.628996000,1,0,1,1,1,0,1,1,0,0,1,1
0.629496000,1,0,1,1,1,0,1,1,0,0,1,0
0.629912000,0,0,0,0,0,0,0,0,0,0,0,0
0.629917000,0,0,1,1,1,0,1,1,0,0,0,0
0.629918000,0,1,1,1,1,0,1,1,0,0,1,0
0.629996000,0,1,1,1,1,0,1,1,0,0,1,1
0.630496000,0,1,1,1,1,0,1,1,0,0,1,0
0.630912000,0,0,0,0,0,0,0,0,0,0,0,0
0.630917000,0,0,1,0,1,0,1,1,0,0,1,0
0.630918000,1,0,1,0,1,0,1,1,0,0,1,0
0.630996000,1,0,1,0,1,0,1,1,0,0,1,1
0.631496000,1,0,1,0,1,0,1,1,0,0,1,0
0.631912000,0,0,0,0,0,0,0,0,0,0,0,0
0.631917000,0,0,1,1,1,0,1,1,0,0,1,0
0.631918000,1,1,1,1,1,0,1,1,0,0,1,0
0.631996000,1,1,1,1,1,0,1,1,0,0,1,1
0.632496000,1,1,1,1,1,0,1,1,0,0,1,0
0.632912000,0,0,0,0,0,0,0,0,0,0,0,0
0.632917000,1,1,0,0,1,0,1,1,0,0,1,0
0.632996000,1,1,0,0,1,0,1,1,0,0,1,1
0.633496000,1,1,0,0,1,0,1,1,0,0,1,0
0.633912000,0,0,0,0,0,0,0,0,0,0,0,0
0.633917000,1,1,1,0,1,0,1,1,0,0,1,0
0.633996000,1,1,1,0,1,0,1,1,0,0,1,1
0.634496000,1,1,1,0,1,0,1,1,0,0,1,0
0.634912000,0,0,0,0,0,0,0,0,0,0,0,0
0.634917000,0,0,1,1,1,0,1,1,0,0,1,0
0.634996000,0,0,1,1,1,0,1,1,0,0,1,1
0.635496000,0,0,1,1,1,0,1,1,0,0,1,0
0.635912000,0,0,0,0,0,0,0,0,0,0,0,0
0.635917000,0,0,1,0,1,0,1,1,0,0,1,0
0.635996000,0,0,1,0,1,0,1,1,0,0,1,1
0.636496000,0,0,1,0,1,0,1,1,0,0,1,0
0.636912000,0,0,0,0,0,0,0,0,0,0,0,0
0.636917000,1,0,1,0,1,0,1,1,0,0,1,0
0.636996000,1,0,1,0,1,0,1,1,0,0,1,1
0.637496000,1,0,1,0,1,0,1,1,0,0,1,0
0.637912000,0,0,0,0,0,0,0,0,0,0,0,0
0.637917000,1,1,0,0,1,0,1,1,0,0,1,0
0.637996000,1,1,0,0,1,0,1,1,0,0,1,1
0.638496000,1,1,0,0,1,0,1,1,0,0,1,0
0.638912000,0,0,0,0,0,0,0,0,0,0,0,0
0.638917000,1,0,0,0,1,0,1,1,0,0,1,0
0.638996000,1,0,0,0,1,0,1,1,0,0,1,1
0.639496000,1,0,0,0,1,0,1,1,0,0,1,0
0.639912000,0,0,0,0,0,0,0,0,0,0,0,0
0.639917000,0,0,0,1,1,0,1,1,0,0,1,0
0.639996000,0,0,0,1,1,0,1,1,0,0,1,1
0.640496000,0,0,0,1,1,0,1,1,0,0,1,0
0.640912000,0,0,0,0,0,0,0,0,0,0,0,0
0.640917000,1,1,1,1,0,0,1,1,0,0,1,0
0.640996000,1,1,1,1,0,0,1,1,0,0,1,1
0.641496000,1,1,1,1,0,0,1,1,0,0,1,0
0.641912000,0,0,0,0,0,0,0,0,0,0,0,0
0.641917000,0,0,1,0,1,0,1,1,0,0,1,0
0.641996000,0,0,1,0,1,0,1,1,0,0,1,1
0.642496000,0,0,1,0,1,0,1,1,0,0,1,0
0.642912000,0,0,0,0,0,0,0,0,0,0,0,0
0.642917000,0,1,0,1,0,0,1,1,0,0,1,0
0.642996000,0,1,0,1,0,0,1,1,0,0,1,1
0.643496000,0,1,0,1,0,0,1,1,0,0,1,0
0.643912000,0,0,0,0,0,0,0,0,0,0,0,0
0.643917000,1,1,1,1,0,0,1,1,0,0,1,0
0.643996000,1,1,1,1,0,0,1,1,0,0,1,1
0.644496000,1,1,1,1,0,0,1,1,0,0,1,0
0.644912000,0,0,0,0,0,0,0,0,0,0,0,0
0.644917000,1,0,1,0,1,0,1,1,0,0,1,0
0.644996000,1,0,1,0,1,0,1,1,0,0,1,1
0.645496000,1,0,1,0,1,0,1,1,0,0,1,0
0.645912000,0,0,0,0,0,0,0,0,0,0,0,0
0.645917000,0,0,1,1,0,0,1,1,0,0,1,0
0.645996000,0,0,1,1,0,0,1,1,0,0,1,1
0.646496000,0,0,1,1,0,0,1,1,0,0,1,0
0.646912000,0,0,0,0,0,0,0,0,0,0,0,0
0.646917000,1,1,1,0,1,0,1,1,0,0,1,0
0.646996000,1,1,1,0,1,0,1,1,0,0,1,1
0.647496000,1,1,1,0,1,0,1,1,0,0,1,0
0.647912000,0,0,0,0,0,0,0,0,0,0,0,0
0.647917000,0,0,0,1,0,0,1,1,0,0,1,0
0.647996000,0,0,0,1,0,0,1,1,0,0,1,1
0.648496000,0,0,0,1,0,0,1,1,0,0,1,0
0.648912000,0,0,0,0,0,0,0,0,0,0,0,0
0.648917000,1,1,1,1,1,1,0,1,0,0,1,0
0.648996000,1,1,1,1,1,1,0,1,0,0,1,1
0.649496000,1,1,1,1,1,1,0,1,0,0,1,0
0.649912000,0,0,0,0,0,0,0,0,0,0,0,0
0.649917000,1,1,0,0,0,0,1,1,0,0,1,0
0.649996000,1,1,0,0,0,0,1,1,0,0,1,1
0.650496000,1,1,0,0,0,0,1,1,0,0,1,0
0.650912000,0,0,0,0,0,0,0,0,0,0,0,0
0.650917000,0,1,0,0,1,0,1,1,0,0,1,0
0.650996000,0,1,0,0,1,0,1,1,0,0,1,1
0.651496000,0,1,0,0,1,0,1,1,0,0,1,0
0.651912000,0,0,0,0,0,0,0,0,0,0,0,0
0.651917000,1,1,0,1,1,1,0,1,0,0,1,0
0.651996000,1,1,0,1,1,1,0,1,0,0,1,1
0.652496000,1,1,0,1,1,1,0,1,0,0,1,0
0.652912000,0,0,0,0,0,0,0,0,0,0,0,0
0.652917000,0,1,1,1,1,1,0,1,0,0,1,0
0.652996000,0,1,1,1,1,1,0,1,0,0,1,1
0.653496000,0,1,1,1,1,1,0,1,0,0,1,0
0.653912000,0,0,0,0,0,0,0,0,0,0,0,0
0.653917000,0,0,0,1,0,0,1,1,0,0,1,0
0.653996000,0,0,0,1,0,0,1,1,0,0,1,1
0.654496000,0,0,0,1,0,0,1,1,0,0,1,0
0.654912000,0,0,0,0,0,0,0,0,0,0,0,0
0.654917000,1,1,1,1,1,1,0,1,0,0,1,0
0.654996000,1,1,1,1,1,1,0,1,0,0,1,1
0.655496000,1,1,1,1,1,1,0,1,0,0,1,0
0.655912000,0,0,0,0,0,0,0,0,0,0,0,0
0.655917000,1,1,1,1,1,1,0,1,0,0,1,0
0.655996000,1,1,1,1,1,1,0,1,0,0,1,1
0.656496000,1,1,1,1,1,1,0,1,0,0,1,0
0.656912000,0,0,0,0,0,0,0,0,0,0,0,0
0.656917000,0,1,0,1,1,1,0,1,0,0,1,0
0.656996000,0,1,0,1,1,1,0,1,0,0,1,1
0.657496000,0,1,0,1,1,1,0,1,0,0,1,0
0.657912000,0,0,0,0,0,0,0,0,0,0,0,0
0.657917000,1,1,1,1,1,1,0,1,0,0,1,0
0.657996000,1,1,1,1,1,1,0,1,0,0,1,1
0.658496000,1,1,1,1,1,1,0,1,0,0,1,0
0.658912000,0,0,0,0,0,0,0,0,0,0,0,0
0.658917000,0,0,0,0,1,0,1,1,0,0,1,0
0.658996000,0,0,0,0,1,0,1,1,0,0,1,1
0.659496000,0,0,0,0,1,0,1,1,0,0,1,0
0.659912000,0,0,0,0,0,0,0,0,0,0,0,0
0.659917000,0,1,1,1,0,1,0,1,0,0,1,0
0.659996000,0,1,1,1,0,1,0,1,0,0,1,1
0.660496000,0,1,1,1,0,1,0,1,0,0,1,0
0.660912000,0,0,0,0,0,0,0,0,0,0,0,0
0.660917000,0,0,0,1,1,1,0,1,0,0,1,0
0.660996000,0,0,0,1,1,1,0,1,0,0,1,1
0.661496000,0,0,0,1,1,1,0,1,0,0,1,0
0.661912000,0,0,0,0,0,0,0,0,0,0,0,0
0.661917000,0,1,1,1,1,1,0,1,0,0,1,0
0.661995000,0,1,1,1,1,1,0,1,0,0,1,1
0.662495000,0,1,1,1,1,1,0,1,0,0,1,0
0.662912000,0,0,0,0,0,0,0,0,0,0,0,0
0.662917000,1,1,1,1,1,1,0,1,0,0,1,0
0.662995000,1,1,1,1,1,1,0,1,0,0,1,1
0.663495000,1,1,1,1,1,1,0,1,0,0,1,0
0.663912000,0,0,0,0,0,0,0,0,0,0,0,0
0.663917000,1,0,1,0,1,1,0,1,0,0,1,0
0.663995000,1,0,1,0,1,1,0,1,0,0,1,1
0.664495000,1,0,1,0,1,1,0,1,0,0,1,0
0.664912000,0,0,0,0,0,0,0,0,0,0,0,0
0.664917000,0,1,0,1,0,0,1,1,0,0,1,0
0.664995000,0,1,0,1,0,0,1,1,0,0,1,1
0.665495000,0,1,0,1,0,0,1,1,0,0,1,0
0.665912000,0,0,0,0,0,0,0,0,0,0,0,0
0.665917000,1,0,0,1,1,1,0,1,0,0,1,0
0.665995000,1,0,0,1,1,1,0,1,0,0,1,1
0.666495000,1,0,0,1,1,1,0,1,0,0,1,0
0.666912000,0,0,0,0,0,0,0,0,0,0,0,0
0.666917000,1,1,1,1,1,1,0,1,0,0,1,0
0.666995000,1,1,1,1,1,1,0,1,0,0,1,1
0.667495000,1,1,1,1,1,1,0,1,0,0,1,0
0.667912000,0,0,0,0,0,0,0,0,0,0,0,0
0.667917000,0,1,1,1,1,1,0,1,0,0,1,0
0.667995000,0,1,1,1,1,1,0,1,0,0,1,1
0.668495000,0,1,1,1,1,1,0,1,0,0,1,0
0.668912000,0,0,0,0,0,0,0,0,0,0,0,0
0.668917000,0,0,1,1,1,1,0,1,0,0,1,0
0.668995000,0,0,1,1,1,1,0,1,0,0,1,1
0.669495000,0,0,1,1,1,1,0,1,0,0,1,0
0.669912000,0,0,0,0,0,0,0,0,0,0,0,0
0.669917000,1,1,1,0,1,1,0,1,0,0,1,0
0.669995000,1,1,1,0,1,1,0,1,0,0,1,1
0.670495000,1,1,1,0,1,1,0,1,0,0,1,0
0.670912000,0,0,0,0,0,0,0,0,0,0,0,0
0.670917000,1,1,1,1,1,1,0,1,0,0,1,0
0.670995000,1,1,1,1,1,1,0,1,0,0,1,1
0.671495000,1,1,1,1,1,1,0,1,0,0,1,0
0.671912000,0,0,0,0,0,0,0,0,0,0,0,0
0.671917000,1,1,0,1,1,1,0,1,0,0,1,0
0.671995000,1,1,0,1,1,1,0,1,0,0,1,1
0.672495000,1,1,0,1,1,1,0,1,0,0,1,0
0.672912000,0,0,0,0,0,0,0,0,0,0,0,0
0.672917000,0,1,1,1,0,1,0,1,0,0,1,0
0.672995000,0,1,1,1,0,1,0,1,0,0,1,1
0.673495000,0,1,1,1,0,1,0,1,0,0,1,0
0.673912000,0,0,0,0,0,0,0,0,0,0,0,0
0.673917000,0,1,0,1,1,1,0,1,0,0,1,0
0.673995000,0,1,0,1,1,1,0,1,0,0,1,1
0.674495000,0,1,0,1,1,1,0,1,0,0,1,0
0.674912000,0,0,0,0,0,0,0,0,0,0,0,0
0.674917000,1,1,1,1,0,1,0,1,0,0,1,0
0.674995000,1,1,1,1,0,1,0,1,0,0,1,1
0.675495000,1,1,1,1,0,1,0,1,0,0,1,0
0.675912000,0,0,0,0,0,0,0,0,0,0,0,0
0.675917000,0,0,0,1,1,1,0,1,0,0,1,0
0.675995000,0,0,0,1,1,1,0,1,0,0,1,1
0.676495000,0,0,0,1,1,1,0,1,0,0,1,0
0.676912000,0,0,0,0,0,0,0,0,0,0,0,0
0.676917000,1,1,0,1,1,1,0,1,0,0,1,0
0.676995000,1,1,0,1,1,1,0,1,0,0,1,1
0.677495000,1,1,0,1,1,1,0,1,0,0,1,0
0.677912000,0,0,0,0,0,0,0,0,0,0,0,0
0.677917000,0,1,0,1,1,1,0,1,0,0,1,0
0.677995000,0,1,0,1,1,1,0,1,0,0,1,1
0.678495000,0,1,0,1,1,1,0,1,0,0,1,0
0.678912000,0,0,0,0,0,0,0,0,0,0,0,0
0.678917000,0,1,1,1,0,1,0,1,0,0,1,0
0.678995000,0,1,1,1,0,1,0,1,0,0,1,1
0.679495000,0,1,1,1,0,1,0,1,0,0,1,0
0.679912000,0,0,0,0,0,0,0,0,0,0,0,0
0.679917000,1,1,1,0,1,1,0,1,0,0,1,0
0.679995000,1,1,1,0,1,1,0,1,0,0,1,1
0.680495000,1,1,1,0,1,1,0,1,0,0,1,0
0.680912000,0,0,0,0,0,0,0,0,0,0,0,0
0.680917000,1,1,1,0,1,1,0,1,0,0,1,0
0.680995000,1,1,1,0,1,1,0,1,0,0,1,1
0.681495000,1,1,1,0,1,1,0,1,0,0,1,0
0.681912000,0,0,0,0,0,0,0,0,0,0,0,0
0.681917000,0,0,0,1,1,1,0,1,0,0,1,0
0.681995000,0,0,0,1,1,1,0,1,0,0,1,1
0.682495000,0,0,0,1,1,1,0,1,0,0,1,0
0.682912000,0,0,0,0,0,0,0,0,0,0,0,0
0.682917000,0,1,0,1,1,1,0,1,0,0,1,0
0.682995000,0,1,0,1,1,1,0,1,0,0,1,1
0.683495000,0,1,0,1,1,1,0,1,0,0,1,0
0.683912000,0,0,0,0,0,0,0,0,0,0,0,0
0.683917000,0,0,1,1,1,1,0,1,0,0,1,0
0.683995000,0,0,1,1,1,1,0,1,0,0,1,1
0.684495000,0,0,1,1,1,1,0,1,0,0,1,0
0.684912000,0,0,0,0,0,0,0,0,0,0,0,0
0.684917000,1,1,1,1,1,1,0,1,0,0,1,0
0.684995000,1,1,1,1,1,1,0,1,0,0,1,1
0.685495000,1,1,1,1,1,1,0,1,0,0,1,0
0.685912000,0,0,0,0,0,0,0,0,0,0,0,0
0.685917000,0,1,1,1,0,1,0,1,0,0,1,0
0.685995000,0,1,1,1,0,1,0,1,0,0,1,1
0.686495000,0,1,1,1,0,1,0,1,0,0,1,0
0.686912000,0,0,0,0,0,0,0,0,0,0,0,0
0.686917000,1,1,0,1,1,1,0,1,0,0,1,0
0.686995000,1,1,0,1,1,1,0,1,0,0,1,1
0.687495000,1,1,0,1,1,1,0,1,0,0,1,0
0.687912000,0,0,0,0,0,0,0,0,0,0,0,0
0.687917000,0,0,0,0,0,0,1,1,0,0,1,0
0.687995000,0,0,0,0,0,0,1,1,0,0,1,1
0.688495000,0,0,0,0,0,0,1,1,0,0,1,0
0.688912000,0,0,0,0,0,0,0,0,0,0,0,0
0.688917000,1,1,1,1,0,1,0,1,0,0,1,0
0.688995000,1,1,1,1,0,1,0,1,0,0,1,1
0.689495000,1,1,1,1,0,1,0,1,0,0,1,0
0.689912000,0,0,0,0,0,0,0,0,0,0,0,0
0.689917000,1,1,0,1,1,1,0,1,0,0,1,0
0.689995000,1,1,0,1,1,1,0,1,0,0,1,1
0.690495000,1,1,0,1,1,1,0,1,0,0,1,0
0.690912000,0,0,0,0,0,0,0,0,0,0,0,0
0.690917000,1,1,1,1,1,1,0,1,0,0,1,0
0.690995000,1,1,1,1,1,1,0,1,0,0,1,1
0.691495000,1,1,1,1,1,1,0,1,0,0,1,0
0.691912000,0,0,0,0,0,0,0,0,0,0,0,0
0.691917000,1,1,0,1,1,1,0,1,0,0,1,0
0.691995000,1,1,0,1,1,1,0,1,0,0,1,1
0.692495000,1,1,0,1,1,1,0,1,0,0,1,0
0.692912000,0,0,0,0,0,0,0,0,0,0,0,0
0.692917000,1,1,1,1,1,1,0,1,0,0,1,0
0.692995000,1,1,1,1,1,1,0,1,0,0,1,1
0.693495000,1,1,1,1,1,1,0,1,0,0,1,0
0.693912000,0,0,0,0,0,0,0,0,0,0,0,0
0.693917000,1,1,1,0,1,1,0,1,0,0,1,0
0.693995000,1,1,1,0,1,1,0,1,0,0,1,1
0.694495000,1,1,1,0,1,1,0,1,0,0,1,0
0.694912000,0,0,0,0,0,0,0,0,0,0,0,0
0.694917000,1,0,1,1,1,1,0,1,0,0,1,0
0.694995000,1,0,1,1,1,1,0,1,0,0,1,1
0.695495000,1,0,1,1,1,1,0,1,0,0,1,0
0.695912000,0,0,0,0,0,0,0,0,0,0,0,0
0.695917000,0,0,1,1,0,0,1,1,0,0,1,0
0.695995000,0,0,1,1,0,0,1,1,0,0,1,1
0.696495000,0,0,1,1,0,0,1,1,0,0,1,0
0.696912000,0,0,0,0,0,0,0,0,0,0,0,0
0.696917000,1,1,0,1,1,1,0,1,0,0,1,0
0.696995000,1,1,0,1,1,1,0,1,0,0,1,1
0.697495000,1,1,0,1,1,1,0,1,0,0,1,0
0.697912000,0,0,0,0,0,0,0,0,0,0,0,0
0.697917000,0,1,1,1,1,1,0,1,0,0,1,0
0.697995000,0,1,1,1,1,1,0,1,0,0,1,1
0.698495000,0,1,1,1,1,1,0,1,0,0,1,0
0.698912000,0,0,0,0,0,0,0,0,0,0,0,0
0.698917000,1,0,0,1,0,0,1,1,0,0,1,0
0.698995000,1,0,0,1,0,0,1,1,0,0,1,1
0.699495000,1,0,0,1,0,0,1,1,0,0,1,0
0.699912000,0,0,0,0,0,0,0,0,0,0,0,0
0.699917000,0,1,1,1,1,1,0,1,0,0,1,0
0.699995000,0,1,1,1,1,1,0,1,0,0,1,1
0.700495000,0,1,1,1,1,1,0,1,0,0,1,0
0.700912000,0,0,0,0,0,0,0,0,0,0,0,0
0.700917000,0,0,0,0,0,0,1,1,0,0,1,0
0.700995000,0,0,0,0,0,0,1,1,0,0,1,1
0.701495000,0,0,0,0,0,0,1,1,0,0,1,0
0.701912000,0,0,0,0,0,0,0,0,0,0,0,0
0.701917000,1,1,0,1,1,1,0,1,0,0,1,0
0.701995000,1,1,0,1,1,1,0,1,0,0,1,1
0.702495000,1,1,0,1,1,1,0,1,0,0,1,0
0.702912000,0,0,0,0,0,0,0,0,0,0,0,0
0.702917000,1,1,0,1,0,0,1,1,0,0,1,0
0.702995000,1,1,0,1,0,0,1,1,0,0,1,1
0.703495000,1,1,0,1,0,0,1,1,0,0,1,0
0.703912000,0,0,0,0,0,0,0,0,0,0,0,0
0.703917000,1,1,1,0,0,0,1,1,0,0,1,0
0.703995000,1,1,1,0,0,0,1,1,0,0,1,1
0.704495000,1,1,1,0,0,0,1,1,0,0,1,0
0.704912000,0,0,0,0,0,0,0,0,0,0,0,0
0.704917000,1,1,0,1,0,0,1,1,0,0,1,0
0.704995000,1,1,0,1,0,0,1,1,0,0,1,1
0.705495000,1,1,0,1,0,0,1,1,0,0,1,0
0.705912000,0,0,0,0,0,0,0,0,0,0,0,0
0.705917000,1,0,1,0,0,0,1,1,0,0,1,0
0.705995000,1,0,1,0,0,0,1,1,0,0,1,1
0.706495000,1,0,1,0,0,0,1,1,0,0,1,0
0.706912000,0,0,0,0,0,0,0,0,0,0,0,0
0.706917000,0,1,0,1,1,0,1,1,0,0,1,0
0.706995000,0,1,0,1,1,0,1,1,0,0,1,1
0.707495000,0,1,0,1,1,0,1,1,0,0,1,0
0.707912000,0,0,0,0,0,0,0,0,0,0,0,0
0.707917000,0,1,0,0,1,0,1,1,0,0,1,0
0.707995000,0,1,0,0,1,0,1,1,0,0,1,1
0.708495000,0,1,0,0,1,0,1,1,0,0,1,0
0.708912000,0,0,0,0,0,0,0,0,0,0,0,0
0.708917000,0,0,0,1,0,0,1,1,0,0,1,0
0.708995000,0,0,0,1,0,0,1,1,0,0,1,1
0.709495000,0,0,0,1,0,0,1,1,0,0,1,0
0.709912000,0,0,0,0,0,0,0,0,0,0,0,0
0.709917000,1,0,0,1,0,0,1,1,0,0,1,0
0.709995000,1,0,0,1,0,0,1,1,0,0,1,1
0.710495000,1,0,0,1,0,0,1,1,0,0,1,0
0.710912000,0,0,0,0,0,0,0,0,0,0,0,0
0.710917000,0,1,0,0,0,0,1,1,0,0,1,0
0.710995000,0,1,0,0,0,0,1,1,0,0,1,1
0.711495000,0,1,0,0,0,0,1,1,0,0,1,0
0.711912000,0,0,0,0,0,0,0,0,0,0,0,0
0.711917000,0,1,0,0,1,0,1,1,0,0,1,0
0.711995000,0,1,0,0,1,0,1,1,0,0,1,1
0.712495000,0,1,0,0,1,0,1,1,0,0,1,0
0.712912000,0,0,0,0,0,0,0,0,0,0,0,0
0.712917000,1,1,1,0,1,0,1,1,0,0,1,0
0.712995000,1,1,1,0,1,0,1,1,0,0,1,1
0.713495000,1,1,1,0,1,0,1,1,0,0,1,0
0.713912000,0,0,0,0,0,0,0,0,0,0,0,0
0.713917000,0,0,0,1,0,0,1,1,0,0,1,0
0.713995000,0,0,0,1,0,0,1,1,0,0,1,1
0.714495000,0,0,0,1,0,0,1,1,0,0,1,0
0.714912000,0,0,0,0,0,0,0,0,0,0,0,0
0.714917000,1,1,1,0,0,0,1,1,0,0,1,0
0.714995000,1,1,1,0,0,0,1,1,0,0,1,1
0.715495000,1,1,1,0,0,0,1,1,0,0,1,0
0.715912000,0,0,0,0,0,0,0,0,0,0,0,0
0.715917000,0,0,1,0,0,1,1,1,0,0,1,0
0.715995000,0,0,1,0,0,1,1,1,0,0,1,1
0.716495000,0,0,1,0,0,1,1,1,0,0,1,0
0.716912000,0,0,0,0,0,0,0,0,0,0,0,0
0.716917000,1,0,0,1,0,0,1,1,0,0,1,0
0.716995000,1,0,0,1,0,0,1,1,0,0,1,1
0.717495000,1,0,0,1,0,0,1,1,0,0,1,0
0.717912000,0,0,0,0,0,0,0,0,0,0,0,0
0.717917000,0,1,0,1,1,0,1,1,0,0,1,0
0.717995000,0,1,0,1,1,0,1,1,0,0,1,1
0.718495000,0,1,0,1,1,0,1,1,0,0,1,0
0.718912000,0,0,0,0,0,0,0,0,0,0,0,0
0.718917000,0,0,1,0,1,0,1,1,0,0,1,0
0.718995000,0,0,1,0,1,0,1,1,0,0,1,1
0.719495000,0,0,1,0,1,0,1,1,0,0,1,0
0.719912000,0,0,0,0,0,0,0,0,0,0,0,0
0.719917000,1,0,1,1,1,0,1,1,0,0,1,0
0.719995000,1,0,1,1,1,0,1,1,0,0,1,1
0.720495000,1,0,1,1,1,0,1,1,0,0,1,0
0.720912000,0,0,0,0,0,0,0,0,0,0,0,0
0.720917000,0,0,0,1,1,0,1,1,0,0,1,0
0.720995000,0,0,0,1,1,0,1,1,0,0,1,1
0.721495000,0,0,0,1,1,0,1,1,0,0,1,0
0.721912000,0,0,0,0,0,0,0,0,0,0,0,0
0.721917000,1,0,1,0,1,0,1,1,0,0,1,0
0.721995000,1,0,1,0,1,0,1,1,0,0,1,1
0.722495000,1,0,1,0,1,0,1,1,0,0,1,0
0.722912000,0,0,0,0,0,0,0,0,0,0,0,0
0.722917000,0,1,1,1,0,0,1,1,0,0,1,0
0.722995000,0,1,1,1,0,0,1,1,0,0,1,1
0.723495000,0,1,1,1,0,0,1,1,0,0,1,0
0.723912000,0,0,0,0,0,0,0,0,0,0,0,0
0.723917000,0,1,1,1,0,0,1,1,0,0,1,0
0.723995000,0,1,1,1,0,0,1,1,0,0,1,1
0.724495000,0,1,1,1,0,0,1,1,0,0,1,0
0.724912000,0,0,0,0,0,0,0,0,0,0,0,0
0.724917000,1,1,0,0,1,0,1,1,0,0,1,0
0.724995000,1,1,0,0,1,0,1,1,0,0,1,1
0.725495000,1,1,0,0,1,0,1,1,0,0,1,0
0.725912000,0,0,0,0,0,0,0,0,0,0,0,0
0.725917000,0,1,1,1,0,0,1,1,0,0,1,0
0.725995000,0,1,1,1,0,0,1,1,0,0,1,1
0.726495000,0,1,1,1,0,0,1,1,0,0,1,0
0.726912000,0,0,0,0,0,0,0,0,0,0,0,0
0.726917000,0,0,0,1,0,1,1,1,0,0,1,0
0.726995000,0,0,0,1,0,1,1,1,0,0,1,1
0.727495000,0,0,0,1,0,1,1,1,0,0,1,0
0.727912000,0,0,0,0,0,0,0,0,0,0,0,0
0.727917000,1,1,0,0,1,0,1,1,0,0,1,0
0.727995000,1,1,0,0,1,0,1,1,0,0,1,1
0.728495000,1,1,0,0,1,0,1,1,0,0,1,0
0.728912000,0,0,0,0,0,0,0,0,0,0,0,0
0.728917000,1,1,1,0,1,0,1,1,0,0,1,0
0.728995000,1,1,1,0,1,0,1,1,0,0,1,1
0.729495000,1,1,1,0,1,0,1,1,0,0,1,0
0.729912000,0,0,0,0,0,0,0,0,0,0,0,0
0.729917000,0,0,0,0,0,0,1,1,0,0,1,0
0.729995000,0,0,0,0,0,0,1,1,0,0,1,1
0.730495000,0,0,0,0,0,0,1,1,0,0,1,0
0.730912000,0,0,0,0,0,0,0,0,0,0,0,0
0.730917000,1,1,0,1,0,0,1,1,0,0,1,0
0.730995000,1,1,0,1,0,0,1,1,0,0,1,1
0.731495000,1,1,0,1,0,0,1,1,0,0,1,0
0.731912000,0,0,0,0,0,0,0,0,0,0,0,0
0.731917000,0,1,0,0,0,0,1,1,0,0,1,0
0.731995000,0,1,0,0,0,0,1,1,0,0,1,1
0.732495000,0,1,0,0,0,0,1,1,0,0,1,0
0.732912000,0,0,0,0,0,0,0,0,0,0,0,0
0.732917000,0,0,1,0,1,0,1,1,0,0,1,0
0.732995000,0,0,1,0,1,0,1,1,0,0,1,1
0.733495000,0,0,1,0,1,0,1,1,0,0,1,0
0.733912000,0,0,0,0,0,0,0,0,0,0,0,0
0.733917000,1,1,1,0,0,0,1,1,0,0,1,0
0.733995000,1,1,1,0,0,0,1,1,0,0,1,1
0.734495000,1,1,1,0,0,0,1,1,0,0,1,0
0.734912000,0,0,0,0,0,0,0,0,0,0,0,0
0.734917000,0,0,0,1,1,0,1,1,0,0,1,0
0.734995000,0,0,0,1,1,0,1,1,0,0,1,1
0.735495000,0,0,0,1,1,0,1,1,0,0,1,0
0.735912000,0,0,0,0,0,0,0,0,0,0,0,0
0.735917000,1,1,1,1,1,1,0,1,0,0,1,0
0.735995000,1,1,1,1,1,1,0,1,0,0,1,1
0.736495000,1,1,1,1,1,1,0,1,0,0,1,0
0.736912000,0,0,0,0,0,0,0,0,0,0,0,0
0.736917000,1,0,1,1,1,1,0,1,0,0,1,0
0.736995000,1,0,1,1,1,1,0,1,0,0,1,1
0.737495000,1,0,1,1,1,1,0,1,0,0,1,0
0.737912000,0,0,0,0,0,0,0,0,0,0,0,0
0.737917000,1,1,1,0,1,0,1,1,0,0,1,0
0.737995000,1,1,1,0,1,0,1,1,0,0,1,1
0.738495000,1,1,1,0,1,0,1,1,0,0,1,0
0.738912000,0,0,0,0,0,0,0,0,0,0,0,0
0.738917000,1,1,0,0,0,0,1,1,0,0,1,0
0.738995000,1,1,0,0,0,0,1,1,0,0,1,1
0.739495000,1,1,0,0,0,0,1,1,0,0,1,0
0.739912000,0,0,0,0,0,0,0,0,0,0,0,0
0.739917000,0,1,1,0,0,0,1,1,0,0,1,0
0.739995000,0,1,1,0,0,0,1,1,0,0,1,1
0.740495000,0,1,1,0,0,0,1,1,0,0,1,0
0.740912000,0,0,0,0,0,0,0,0,0,0,0,0
0.740917000,1,1,0,1,0,0,1,1,0,0,1,0
0.740995000,1,1,0,1,0,0,1,1,0,0,1,1
0.741495000,1,1,0,1,0,0,1,1,0,0,1,0
0.741912000,0,0,0,0,0,0,0,0,0,0,0,0
0.741917000,1,1,1,1,1,1,0,1,0,0,1,0
0.741995000,1,1,1,1,1,1,0,1,0,0,1,1
0.742495000,1,1,1,1,1,1,0,1,0,0,1,0
0.742912000,0,0,0,0,0,0,0,0,0,0,0,0
0.742917000,1,0,1,1,0,0,1,1,0,0,1,0
0.742995000,1,0,1,1,0,0,1,1,0,0,1,1
0.743495000,1,0,1,1,0,0,1,1,0,0,1,0
0.743912000,0,0,0,0,0,0,0,0,0,0,0,0
0.743917000,1,0,0,0,0,0,1,1,0,0,1,0
0.743995000,1,0,0,0,0,0,1,1,0,0,1,1
0.744495000,1,0,0,0,0,0,1,1,0,0,1,0
0.744912000,0,0,0,0,0,0,0,0,0,0,0,0
0.744917000,0,1,1,0,0,0,1,1,0,0,1,0
0.744995000,0,1,1,0,0,0,1,1,0,0,1,1
0.745495000,0,1,1,0,0,0,1,1,0,0,1,0
0.745912000,0,0,0,0,0,0,0,0,0,0,0,0
0.745917000,0,0,0,0,1,0,1,1,0,0,1,0
0.745995000,0,0,0,0,1,0,1,1,0,0,1,1
0.746495000,0,0,0,0,1,0,1,1,0,0,1,0
0.746912000,0,0,0,0,0,0,0,0,0,0,0,0
0.746917000,1,1,0,0,1,1,0,1,0,0,1,0
0.746995000,1,1,0,0,1,1,0,1,0,0,1,1
0.747495000,1,1,0,0,1,1,0,1,0,0,1,0
0.747912000,0,0,0,0,0,0,0,0,0,0,0,0
0.747917000,1,0,0,1,1,1,0,1,0,0,1,0
0.747995000,1,0,0,1,1,1,0,1,0,0,1,1
0.748495000,1,0,0,1,1,1,0,1,0,0,1,0
0.748912000,0,0,0,0,0,0,0,0,0,0,0,0
0.748917000,0,0,1,0,0,0,1,1,0,0,1,0
0.748995000,0,0,1,0,0,0,1,1,0,0,1,1
0.749495000,0,0,1,0,0,0,1,1,0,0,1,0
0.749912000,0,0,0,0,0,0,0,0,0,0,0,0
0.749917000,1,1,1,1,1,1,0,1,0,0,1,0
0.749995000,1,1,1,1,1,1,0,1,0,0,1,1
0.750495000,1,1,1,1,1,1,0,1,0,0,1,0
0.750912000,0,0,0,0,0,0,0,0,0,0,0,0
0.750917000,0,1,0,1,1,1,0,1,0,0,1,0
0.750995000,0,1,0,1,1,1,0,1,0,0,1,1
0.751495000,0,1,0,1,1,1,0,1,0,0,1,0
0.751912000,0,0,0,0,0,0,0,0,0,0,0,0
0.751917000,1,1,1,1,1,1,0,1,0,0,1,0
0.751995000,1,1,1,1,1,1,0,1,0,0,1,1
0.752495000,1,1,1,1,1,1,0,1,0,0,1,0
0.752912000,0,0,0,0,0,0,0,0,0,0,0,0
0.752917000,0,1,1,1,1,1,0,1,0,0,1,0
0.752995000,0,1,1,1,1,1,0,1,0,0,1,1
0.753495000,0,1,1,1,1,1,0,1,0,0,1,0
0.753912000,0,0,0,0,0,0,0,0,0,0,0,0
0.753917000,1,1,0,1,1,1,0,1,0,0,1,0
0.753995000,1,1,0,1,1,1,0,1,0,0,1,1
0.754495000,1,1,0,1,1,1,0,1,0,0,1,0
0.754912000,0,0,0,0,0,0,0,0,0,0,0,0
0.754917000,1,0,0,1,0,0,1,1,0,0,1,0
0.754995000,1,0,0,1,0,0,1,1,0,0,1,1
0.755495000,1,0,0,1,0,0,1,1,0,0,1,0
0.755912000,0,0,0,0,0,0,0,0,0,0,0,0
0.755917000,0,0,0,0,1,0,1,1,0,0,1,0
0.755995000,0,0,0,0,1,0,1,1,0,0,1,1
0.756495000,0,0,0,0,1,0,1,1,0,0,1,0
0.756912000,0,0,0,0,0,0,0,0,0,0,0,0
0.756917000,1,1,0,1,1,1,0,1,0,0,1,0
0.756995000,1,1,0,1,1,1,0,1,0,0,1,1
0.757495000,1,1,0,1,1,1,0,1,0,0,1,0
0.757912000,0,0,0,0,0,0,0,0,0,0,0,0
0.757917000,0,1,1,0,0,0,1,1,0,0,1,0
0.757995000,0,1,1,0,0,0,1,1,0,0,1,1
0.758495000,0,1,1,0,0,0,1,1,0,0,1,0
0.758912000,0,0,0,0,0,0,0,0,0,0,0,0
0.758917000,1,0,1,0,1,1,0,1,0,0,1,0
0.758995000,1,0,1,0,1,1,0,1,0,0,1,1
0.759495000,1,0,1,0,1,1,0,1,0,0,1,0
0.759912000,0,0,0,0,0,0,0,0,0,0,0,0
0.759917000,1,0,0,1,1,1,0,1,0,0,1,0
0.759995000,1,0,0,1,1,1,0,1,0,0,1,1
0.760495000,1,0,0,1,1,1,0,1,0,0,1,0
0.760911000,1,0,0,1,1,1,0,1,0,0,0,0
0.760912000,0,0,0,0,0,0,0,0,0,0,0,0
0.760917000,1,0,1,1,1,1,0,1,0,0,1,0
0.760995000,1,0,1,1,1,1,0,1,0,0,1,1
0.761495000,1,0,1,1,1,1,0,1,0,0,1,0
0.761911000,1,0,1,1,1,1,0,1,0,0,0,0
0.761912000,0,0,0,0,0,0,0,0,0,0,0,0
0.761917000,1,1,1,0,1,1,0,1,0,0,1,0
0.761995000,1,1,1,0,1,1,0,1,0,0,1,1
0.762495000,1,1,1,0,1,1,0,1,0,0,1,0
0.762911000,1,1,1,0,1,1,0,1,0,0,0,0
0.762912000,0,0,0,0,0,0,0,0,0,0,0,0
0.762917000,1,1,1,0,1,1,0,1,0,0,1,0
0.762995000,1,1,1,0,1,1,0,1,0,0,1,1
0.763495000,1,1,1,0,1,1,0,1,0,0,1,0
0.763911000,1,1,1,0,1,1,0,1,0,0,0,0
0.763912000,0,0,0,0,0,0,0,0,0,0,0,0
0.763917000,1,1,1,0,1,1,0,1,0,0,1,0
0.763995000,1,1,1,0,1,1,0,1,0,0,1,1
0.764495000,1,1,1,0,1,1,0,1,0,0,1,0
0.764911000,1,0,0,1,1,1,0,1,1,1,1,0
0.764912000,0,0,0,0,0,0,0,0,0,0,0,0
0.764917000,0,1,0,0,1,1,0,1,0,0,1,0
0.764995000,0,1,0,0,1,1,0,1,0,0,1,1
0.765495000,0,1,0,0,1,1,0,1,0,0,1,0
0.765911000,0,0,0,0,0,0,0,0,0,0,0,0
0.765917000,1,1,0,0,0,0,1,1,0,0,1,0
0.765995000,1,1,0,0,0,0,1,1,0,0,1,1
0.766495000,1,1,0,0,0,0,1,1,0,0,1,0
0.766911000,0,0,0,0,0,0,0,0,0,0,0,0
0.766917000,0,0,1,1,1,1,0,1,0,0,1,0
0.766995000,0,0,1,1,1,1,0,1,0,0,1,1
0.767495000,0,0,1,1,1,1,0,1,0,0,1,0
0.767911000,0,0,0,0,0,0,0,0,0,0,0,0
0.767917000,1,1,1,0,1,1,0,1,0,0,1,0
0.767995000,1,1,1,0,1,1,0,1,0,0,1,1
0.768495000,1,1,1,0,1,1,0,1,0,0,1,0
0.768911000,0,0,0,0,0,0,0,0,0,0,0,0
0.768917000,1,1,1,1,1,1,0,1,0,0,1,0
0.768995000,1,1,1,1,1,1,0,1,0,0,1,1
0.769495000,1,1,1,1,1,1,0,1,0,0,1,0
0.769911000,0,0,0,0,0,0,0,0,0,0,0,0
0.769917000,1,1,1,0,0,1,0,1,0,0,1,0
0.769995000,1,1,1,0,0,1,0,1,0,0,1,1
0.770495000,1,1,1,0,0,1,0,1,0,0,1,0
0.770911000,0,0,0,0,0,0,0,0,0,0,0,0
0.770917000,1,0,1,0,1,1,0,1,0,0,1,0
0.770995000,1,0,1,0,1,1,0,1,0,0,1,1
0.771495000,1,0,1,0,1,1,0,1,0,0,1,0
0.771911000,0,0,0,0,0,0,0,0,0,0,0,0
0.771917000,1,1,1,0,1,1,0,1,0,0,1,0
0.771995000,1,1,1,0,1,1,0,1,0,0,1,1
0.772495000,1,1,1,0,1,1,0,1,0,0,1,0
0.772911000,0,0,0,0,0,0,0,0,0,0,0,0
0.772916000,0,0,1,0,1,1,0,1,0,0,0,0
0.772917000,0,0,1,0,1,1,0,1,0,0,1,0
0.772995000,0,0,1,0,1,1,0,1,0,0,1,1
0.773495000,0,0,1,0,1,1,0,1,0,0,1,0
0.773911000,0,0,0,0,0,0,0,0,0,0,0,0
0.773916000,0,0,0,0,0,1,0,1,0,0,0,0
0.773917000,1,1,1,1,0,1,0,1,0,0,1,0
0.773995000,1,1,1,1,0,1,0,1,0,0,1,1
0.774495000,1,1,1,1,0,1,0,1,0,0,1,0
0.774911000,0,0,0,0,0,0,0,0,0,0,0,0
0.774916000,0,0,1,0,1,1,0,1,0,0,0,0
0.774917000,1,0,1,0,1,1,0,1,0,0,1,0
0.774995000,1,0,1,0,1,1,0,1,0,0,1,1
0.775495000,1,0,1,0,1,1,0,1,0,0,1,0
0.775911000,0,0,0,0,0,0,0,0,0,0,0,0
0.775916000,0,1,0,1,1,1,0,1,0,0,1,0
0.775995000,0,1,0,1,1,1,0,1,0,0,1,1
0.776495000,0,1,0,1,1,1,0,1,0,0,1,0
0.776911000,0,0,0,0,0,0,0,0,0,0,0,0
0.776916000,0,1,1,0,1,1,0,1,0,0,1,0
0.776995000,0,1,1,0,1,1,0,1,0,0,1,1
0.777495000,0,1,1,0,1,1,0,1,0,0,1,0
0.777911000,0,0,0,0,0,0,0,0,0,0,0,0
0.777916000,1,1,1,0,1,1,0,1,0,0,1,0
0.777995000,1,1,1,0,1,1,0,1,0,0,1,1
0.778495000,1,1,1,0,1,1,0,1,0,0,1,0
0.778911000,0,0,0,0,0,0,0,0,0,0,0,0
0.778916000,1,1,1,0,1,1,0,1,0,0,1,0
0.778995000,1,1,1,0,1,1,0,1,0,0,1,1
0.779495000,1,1,1,0,1,1,0,1,0,0,1,0
0.779911000,0,0,0,0,0,0,0,0,0,0,0,0
0.779916000,0,0,1,1,1,1,0,1,0,0,1,0
0.779995000,0,0,1,1,1,1,0,1,0,0,1,1
0.780495000,0,0,1,1,1,1,0,1,0,0,1,0
0.780911000,0,0,0,0,0,0,0,0,0,0,0,0
0.780916000,0,1,1,1,1,1,0,1,0,0,1,0
0.780995000,0,1,1,1,1,1,0,1,0,0,1,1
0.781495000,0,1,1,1,1,1,0,1,0,0,1,0
0.781911000,0,0,0,0,0,0,0,0,0,0,0,0
0.781916000,0,0,1,1,1,1,0,1,0,0,1,0
0.781995000,0,0,1,1,1,1,0,1,0,0,1,1
0.782495000,0,0,1,1,1,1,0,1,0,0,1,0
0.782911000,0,0,0,0,0,0,0,0,0,0,0,0
0.782916000,1,1,1,0,1,1,0,1,0,0,1,0
0.782995000,1,1,1,0,1,1,0,1,0,0,1,1
0.783495000,1,1,1,0,1,1,0,1,0,0,1,0
0.783911000,0,0,0,0,0,0,0,0,0,0,0,0
0.783916000,1,1,1,1,1,1,0,1,0,0,1,0
0.783995000,1,1,1,1,1,1,0,1,0,0,1,1
0.784495000,1,1,1,1,1,1,0,1,0,0,1,0
0.784911000,0,0,0,0,0,0,0,0,0,0,0,0
0.784916000,0,1,1,0,0,0,1,1,0,0,1,0
0.784995000,0,1,1,0,0,0,1,1,0,0,1,1
0.785495000,0,1,1,0,0,0,1,1,0,0,1,0
0.785911000,0,0,0,0,0,0,0,0,0,0,0,0
0.785916000,1,0,1,1,1,1,0,1,0,0,1,0
0.785995000,1,0,1,1,1,1,0,1,0,0,1,1
0.786495000,1,0,1,1,1,1,0,1,0,0,1,0
0.786911000,0,0,0,0,0,0,0,0,0,0,0,0
0.786916000,1,1,1,0,1,1,0,1,0,0,1,0
0.786995000,1,1,1,0,1,1,0,1,0,0,1,1
0.787495000,1,1,1,0,1,1,0,1,0,0,1,0
0.787911000,0,0,0,0,0,0,0,0,0,0,0,0
0.787916000,0,1,1,1,1,1,0,1,0,0,1,0
0.787995000,0,1,1,1,1,1,0,1,0,0,1,1
0.788495000,0,1,1,1,1,1,0,1,0,0,1,0
0.788911000,0,0,0,0,0,0,0,0,0,0,0,0
0.788916000,1,0,0,0,0,0,1,1,0,0,1,0
0.788995000,1,0,0,0,0,0,1,1,0,0,1,1
0.789495000,1,0,0,0,0,0,1,1,0,0,1,0
0.789911000,0,0,0,0,0,0,0,0,0,0,0,0
0.789916000,1,1,1,1,1,1,0,1,0,0,1,0
0.789995000,1,1,1,1,1,1,0,1,0,0,1,1
0.790495000,1,1,1,1,1,1,0,1,0,0,1,0
0.790911000,0,0,0,0,0,0,0,0,0,0,0,0
0.790916000,1,0,0,1,1,1,0,1,0,0,1,0
0.790995000,1,0,0,1,1,1,0,1,0,0,1,1
0.791495000,1,0,0,1,1,1,0,1,0,0,1,0
0.791911000,0,0,0,0,0,0,0,0,0,0,0,0
0.791916000,1,1,0,0,0,0,1,1,0,0,1,0
0.791995000,1,1,0,0,0,0,1,1,0,0,1,1
0.792495000,1,1,0,0,0,0,1,1,0,0,1,0
0.792911000,0,0,0,0,0,0,0,0,0,0,0,0
0.792916000,1,1,1,1,1,1,0,1,0,0,1,0
0.792995000,1,1,1,1,1,1,0,1,0,0,1,1
0.793495000,1,1,1,1,1,1,0,1,0,0,1,0
0.793911000,0,0,0,0,0,0,0,0,0,0,0,0
0.793916000,0,0,0,0,0,0,1,1,0,0,1,0
0.793995000,0,0,0,0,0,0,1,1,0,0,1,1
0.794495000,0,0,0,0,0,0,1,1,0,0,1,0
0.794911000,0,0,0,0,0,0,0,0,0,0,0,0
0.794916000,1,0,1,1,1,1,0,1,0,0,1,0
0.794995000,1,0,1,1,1,1,0,1,0,0,1,1
0.795495000,1,0,1,1,1,1,0,1,0,0,1,0
0.795911000,0,0,0,0,0,0,0,0,0,0,0,0
0.795916000,1,0,1,1,1,1,0,1,0,0,1,0
0.795995000,1,0,1,1,1,1,0,1,0,0,1,1
0.796495000,1,0,1,1,1,1,0,1,0,0,1,0
0.796911000,0,0,0,0,0,0,0,0,0,0,0,0
0.796916000,1,1,1,0,1,1,0,1,0,0,1,0
0.796995000,1,1,1,0,1,1,0,1,0,0,1,1
0.797495000,1,1,1,0,1,1,0,1,0,0,1,0
0.797911000,0,0,0,0,0,0,0,0,0,0,0,0
0.797916000,0,0,1,1,0,0,1,1,0,0,1,0
0.797995000,0,0,1,1,0,0,1,1,0,0,1,1
0.798495000,0,0,1,1,0,0,1,1,0,0,1,0
0.798911000,0,0,0,0,0,0,0,0,0,0,0,0
0.798916000,0,0,1,0,1,0,1,1,0,0,1,0
0.798995000,0,0,1,0,1,0,1,1,0,0,1,1
0.799495000,0,0,1,0,1,0,1,1,0,0,1,0
0.799911000,0,0,0,0,0,0,0,0,0,0,0,0
0.799916000,1,1,1,1,1,1,0,1,0,0,1,0
0.799995000,1,1,1,1,1,1,0,1,0,0,1,1
0.800495000,1,1,1,1,1,1,0,1,0,0,1,0
0.800911000,0,0,0,0,0,0,0,0,0,0,0,0
0.800916000,1,1,0,0,0,0,1,1,0,0,1,0
0.800995000,1,1,0,0,0,0,1,1,0,0,1,1
0.801495000,1,1,0,0,0,0,1,1,0,0,1,0
0.801911000,0,0,0,0,0,0,0,0,0,0,0,0
0.801916000,0,1,1,0,0,0,1,1,0,0,1,0
0.801995000,0,1,1,0,0,0,1,1,0,0,1,1
0.802495000,0,1,1,0,0,0,1,1,0,0,1,0
0.802911000,0,0,0,0,0,0,0,0,0,0,0,0
0.802916000,1,1,0,0,1,0,1,1,0,0,1,0
0.802995000,1,1,0,0,1,0,1,1,0,0,1,1
0.803495000,1,1,0,0,1,0,1,1,0,0,1,0
0.803911000,0,0,0,0,0,0,0,0,0,0,0,0
0.803916000,1,1,0,1,0,0,1,1,0,0,1,0
0.803995000,1,1,0,1,0,0,1,1,0,0,1,1
0.804495000,1,1,0,1,0,0,1,1,0,0,1,0
0.804911000,0,0,0,0,0,0,0,0,0,0,0,0
0.804916000,1,0,1,1,1,1,0,1,0,0,1,0
0.804995000,1,0,1,1,1,1,0,1,0,0,1,1
0.805495000,1,0,1,1,1,1,0,1,0,0,1,0
0.805911000,0,0,0,0,0,0,0,0,0,0,0,0
0.805916000,0,0,0,1,0,0,1,1,0,0,1,0
0.805995000,0,0,0,1,0,0,1,1,0,0,1,1
0.806495000,0,0,0,1,0,0,1,1,0,0,1,0
0.806911000,0,0,0,0,0,0,0,0,0,0,0,0
0.806916000,0,1,0,0,1,0,1,1,0,0,1,0
0.806994000,0,1,0,0,1,0,1,1,0,0,1,1
0.807494000,0,1,0,0,1,0,1,1,0,0,1,0
0.807911000,0,0,0,0,0,0,0,0,0,0,0,0
0.807916000,1,0,1,1,0,0,1,1,0,0,1,0
0.807994000,1,0,1,1,0,0,1,1,0,0,1,1
0.808494000,1,0,1,1,0,0,1,1,0,0,1,0
0.808911000,0,0,0,0,0,0,0,0,0,0,0,0
0.808916000,1,1,0,1,1,0,1,1,0,0,1,0
0.808994000,1,1,0,1,1,0,1,1,0,0,1,1
0.809494000,1,1,0,1,1,0,1,1,0,0,1,0
0.809911000,0,0,0,0,0,0,0,0,0,0,0,0
0.809916000,0,0,1,1,0,0,1,1,0,0,1,0
0.809994000,0,0,1,1,0,0,1,1,0,0,1,1
0.810494000,0,0,1,1,0,0,1,1,0,0,1,0
0.810911000,0,0,0,0,0,0,0,0,0,0,0,0
0.810916000,0,1,0,1,1,0,1,1,0,0,1,0
0.810994000,0,1,0,1,1,0,1,1,0,0,1,1
0.811494000,0,1,0,1,1,0,1,1,0,0,1,0
0.811911000,0,0,0,0,0,0,0,0,0,0,0,0
0.811916000,0,0,0,0,1,0,1,1,0,0,1,0
0.811994000,0,0,0,0,1,0,1,1,0,0,1,1
0.812494000,0,0,0,0,1,0,1,1,0,0,1,0
0.812911000,0,0,0,0,0,0,0,0,0,0,0,0
0.812916000,0,0,1,0,1,0,1,1,0,0,1,0
0.812994000,0,0,1,0,1,0,1,1,0,0,1,1
0.813494000,0,0,1,0,1,0,1,1,0,0,1,0
0.813911000,0,0,0,0,0,0,0,0,0,0,0,0
0.813916000,0,1,0,1,1,0,1,1,0,0,1,0
0.813994000,0,1,0,1,1,0,1,1,0,0,1,1
0.814494000,0,1,0,1,1,0,1,1,0,0,1,0
0.814911000,0,0,0,0,0,0,0,0,0,0,0,0
0.814916000,0,1,1,1,1,1,0,1,0,0,1,0
0.814994000,0,1,1,1,1,1,0,1,0,0,1,1
0.815494000,0,1,1,1,1,1,0,1,0,0,1,0
0.815911000,0,0,0,0,0,0,0,0,0,0,0,0
0.815916000,1,1,1,1,1,0,1,1,0,0,1,0
0.815994000,1,1,1,1,1,0,1,1,0,0,1,1
0.816494000,1,1,1,1,1,0,1,1,0,0,1,0
0.816911000,0,0,0,0,0,0,0,0,0,0,0,0
0.816916000,0,0,1,0,1,0,1,1,0,0,1,0
0.816994000,0,0,1,0,1,0,1,1,0,0,1,1
0.817494000,0,0,1,0,1,0,1,1,0,0,1,0
0.817911000,0,0,0,0,0,0,0,0,0,0,0,0
0.817916000,0,1,0,1,0,0,1,1,0,0,1,0
0.817994000,0,1,0,1,0,0,1,1,0,0,1,1
0.818494000,0,1,0,1,0,0,1,1,0,0,1,0
0.818911000,0,0,0,0,0,0,0,0,0,0,0,0
0.818916000,1,1,0,1,1,0,1,1,0,0,1,0
0.818994000,1,1,0,1,1,0,1,1,0,0,1,1
0.819494000,1,1,0,1,1,0,1,1,0,0,1,0
0.819911000,0,0,0,0,0,0,0,0,0,0,0,0
0.819916000,1,0,1,0,0,0,1,1,0,0,1,0
0.819994000,1,0,1,0,0,0,1,1,0,0,1,1
0.820494000,1,0,1,0,0,0,1,1,0,0,1,0
0.820911000,0,0,0,0,0,0,0,0,0,0,0,0
0.820916000,1,1,0,1,0,0,1,1,0,0,1,0
0.820994000,1,1,0,1,0,0,1,1,0,0,1,1
0.821494000,1,1,0,1,0,0,1,1,0,0,1,0
0.821911000,0,0,0,0,0,0,0,0,0,0,0,0
0.821916000,1,1,1,1,0,0,1,1,0,0,1,0
0.821994000,1,1,1,1,0,0,1,1,0,0,1,1
0.822494000,1,1,1,1,0,0,1,1,0,0,1,0
0.822911000,0,0,0,0,0,0,0,0,0,0,0,0
0.822916000,0,1,0,1,0,0,1,1,0,0,1,0
0.822994000,0,1,0,1,0,0,1,1,0,0,1,1
0.823494000,0,1,0,1,0,0,1,1,0,0,1,0
0.823911000,0,0,0,0,0,0,0,0,0,0,0,0
0.823916000,1,1,1,1,1,0,1,1,0,0,1,0
0.823994000,1,1,1,1,1,0,1,1,0,0,1,1
0.824494000,1,1,1,1,1,0,1,1,0,0,1,0
0.824911000,0,0,0,0,0,0,0,0,0,0,0,0
0.824916000,1,1,1,0,1,0,1,1,0,0,1,0
0.824994000,1,1,1,0,1,0,1,1,0,0,1,1
0.825494000,1,1,1,0,1,0,1,1,0,0,1,0
0.825911000,0,0,0,0,0,0,0,0,0,0,0,0
0.825916000,0,0,0,0,1,0,1,1,0,0,1,0
0.825994000,0,0,0,0,1,0,1,1,0,0,1,1
0.826494000,0,0,0,0,1,0,1,1,0,0,1,0
0.826911000,0,0,0,0,0,0,0,0,0,0,0,0
0.826916000,1,1,1,0,1,0,1,1,0,0,1,0
0.826994000,1,1,1,0,1,0,1,1,0,0,1,1
0.827494000,1,1,1,0,1,0,1,1,0,0,1,0
0.827911000,0,0,0,0,0,0,0,0,0,0,0,0
0.827916000,0,1,1,1,0,0,1,1,0,0,1,0
0.827994000,0,1,1,1,0,0,1,1,0,0,1,1
0.828494000,0,1,1,1,0,0,1,1,0,0,1,0
0.828911000,0,0,0,0,0,0,0,0,0,0,0,0
0.828916000,0,1,1,0,0,0,1,1,0,0,1,0
0.828994000,0,1,1,0,0,0,1,1,0,0,1,1
0.829494000,0,1,1,0,0,0,1,1,0,0,1,0
0.829911000,0,0,0,0,0,0,0,0,0,0,0,0
0.829916000,0,1,0,0,1,0,1,1,0,0,1,0
0.829994000,0,1,0,0,1,0,1,1,0,0,1,1
0.830494000,0,1,0,0,1,0,1,1,0,0,1,0
0.830911000,0,0,0,0,0,0,0,0,0,0,0,0
0.830916000,1,0,1,0,1,0,1,1,0,0,1,0
0.830994000,1,0,1,0,1,0,1,1,0,0,1,1
0.831494000,1,0,1,0,1,0,1,1,0,0,1,0
0.831911000,0,0,0,0,0,0,0,0,0,0,0,0
0.831916000,1,1,0,1,0,0,1,1,0,0,1,0
0.831994000,1,1,0,1,0,0,1,1,0,0,1,1
0.832494000,1,1,0,1,0,0,1,1,0,0,1,0
0.832911000,0,0,0,0,0,0,0,0,0,0,0,0
0.832916000,1,1,1,1,0,0,1,1,0,0,1,0
0.832994000,1,1,1,1,0,0,1,1,0,0,1,1
0.833494000,1,1,1,1,0,0,1,1,0,0,1,0
0.833911000,0,0,0,0,0,0,0,0,0,0,0,0
0.833916000,0,1,0,1,0,0,1,1,0,0,1,0
0.833994000,0,1,0,1,0,0,1,1,0,0,1,1
0.834494000,0,1,0,1,0,0,1,1,0,0,1,0
0.834911000,0,0,0,0,0,0,0,0,0,0,0,0
0.834916000,0,0,1,0,0,0,1,1,0,0,1,0
0.834994000,0,0,1,0,0,0,1,1,0,0,1,1
0.835494000,0,0,1,0,0,0,1,1,0,0,1,0
0.835911000,0,0,0,0,0,0,0,0,0,0,0,0
0.835916000,1,0,1,1,0,0,1,1,0,0,1,0
0.835994000,1,0,1,1,0,0,1,1,0,0,1,1
0.836494000,1,0,1,1,0,0,1,1,0,0,1,0
0.836911000,0,0,0,0,0,0,0,0,0,0,0,0
0.836916000,1,1,0,0,1,0,1,1,0,0,1,0
0.836994000,1,1,0,0,1,0,1,1,0,0,1,1
0.837494000,1,1,0,0,1,0,1,1,0,0,1,0
0.837911000,0,0,0,0,0,0,0,0,0,0,0,0
0.837916000,1,1,1,1,1,1,0,1,0,0,1,0
0.837994000,1,1,1,1,1,1,0,1,0,0,1,1
0.838494000,1,1,1,1,1,1,0,1,0,0,1,0
0.838911000,0,0,0,0,0,0,0,0,0,0,0,0
0.838916000,0,1,1,0,1,0,1,1,0,0,1,0
0.838994000,0,1,1,0,1,0,1,1,0,0,1,1
0.839494000,0,1,1,0,1,0,1,1,0,0,1,0
0.839911000,0,0,0,0,0,0,0,0,0,0,0,0
0.839916000,1,1,1,1,1,1,0,1,0,0,1,0
0.839994000,1,1,1,1,1,1,0,1,0,0,1,1
0.840494000,1,1,1,1,1,1,0,1,0,0,1,0
0.840911000,0,0,0,0,0,0,0,0,0,0,0,0
0.840916000,1,1,1,1,1,1,0,1,0,0,1,0
0.840994000,1,1,1,1,1,1,0,1,0,0,1,1
0.841494000,1,1,1,1,1,1,0,1,0,0,1,0
0.841911000,0,0,0,0,0,0,0,0,0,0,0,0
0.841916000,1,1,1,1,1,1,0,1,0,0,1,0
0.841994000,1,1,1,1,1,1,0,1,0,0,1,1
0.842494000,1,1,1,1,1,1,0,1,0,0,1,0
0.842911000,0,0,0,0,0,0,0,0,0,0,0,0
0.842916000,0,0,0,1,0,0,1,1,0,0,1,0
0.842994000,0,0,0,1,0,0,1,1,0,0,1,1
0.843494000,0,0,0,1,0,0,1,1,0,0,1,0
0.843911000,0,0,0,0,0,0,0,0,0,0,0,0
0.843916000,1,0,1,1,1,1,0,1,0,0,1,0
0.843994000,1,0,1,1,1,1,0,1,0,0,1,1
0.844494000,1,0,1,1,1,1,0,1,0,0,1,0
0.844911000,0,0,0,0,0,0,0,0,0,0,0,0
0.844916000,1,0,1,1,1,1,0,1,0,0,1,0
0.844994000,1,0,1,1,1,1,0,1,0,0,1,1
0.845494000,1,0,1,1,1,1,0,1,0,0,1,0
0.845911000,0,0,0,0,0,0,0,0,0,0,0,0
0.845916000,0,0,0,0,1,0,1,1,0,0,1,0
0.845994000,0,0,0,0,1,0,1,1,0,0,1,1
0.846494000,0,0,0,0,1,0,1,1,0,0,1,0
0.846911000,0,0,0,0,0,0,0,0,0,0,0,0
0.846916000,1,1,0,1,0,0,1,1,0,0,1,0
0.846994000,1,1,0,1,0,0,1,1,0,0,1,1
0.847494000,1,1,0,1,0,0,1,1,0,0,1,0
0.847911000,0,0,0,0,0,0,0,0,0,0,0,0
0.847916000,1,1,1,0,1,1,0,1,0,0,1,0
0.847994000,1,1,1,0,1,1,0,1,0,0,1,1
0.848494000,1,1,1,0,1,1,0,1,0,0,1,0
0.848911000,0,0,0,0,0,0,0,0,0,0,0,0
0.848916000,0,0,0,0,0,0,1,1,0,0,1,0
0.848994000,0,0,0,0,0,0,1,1,0,0,1,1
0.849494000,0,0,0,0,0,0,1,1,0,0,1,0
0.849911000,0,0,0,0,0,0,0,0,0,0,0,0
0.849916000,0,0,1,0,1,1,0,1,0,0,1,0
0.849994000,0,0,1,0,1,1,0,1,0,0,1,1
0.850494000,0,0,1,0,1,1,0,1,0,0,1,0
0.850911000,0,0,0,0,0,0,0,0,0,0,0,0
0.850916000,0,0,0,1,1,1,0,1,0,0,1,0
0.850994000,0,0,0,1,1,1,0,1,0,0,1,1
0.851494000,0,0,0,1,1,1,0,1,0,0,1,0
0.851911000,0,0,0,0,0,0,0,0,0,0,0,0
0.851916000,1,1,1,1,1,1,0,1,0,0,1,0
0.851994000,1,1,1,1,1,1,0,1,0,0,1,1
0.852494000,1,1,1,1,1,1,0,1,0,0,1,0
0.852911000,0,0,0,0,0,0,0,0,0,0,0,0
0.852916000,1,0,0,1,0,0,1,1,0,0,1,0
0.852994000,1,0,0,1,0,0,1,1,0,0,1,1
0.853494000,1,0,0,1,0,0,1,1,0,0,1,0
0.853911000,0,0,0,0,0,0,0,0,0,0,0,0
0.853916000,1,1,1,1,1,1,0,1,0,0,1,0
0.853994000,1,1,1,1,1,1,0,1,0,0,1,1
0.854494000,1,1,1,1,1,1,0,1,0,0,1,0
0.854911000,0,0,0,0,0,0,0,0,0,0,0,0
0.854916000,1,1,1,1,1,1,0,1,0,0,1,0
0.854994000,1,1,1,1,1,1,0,1,0,0,1,1
0.855494000,1,1,1,1,1,1,0,1,0,0,1,0
0.855911000,0,0,0,0,0,0,0,0,0,0,0,0
0.855916000,0,0,1,1,1,1,0,1,0,0,1,0
0.855994000,0,0,1,1,1,1,0,1,0,0,1,1
0.856494000,0,0,1,1,1,1,0,1,0,0,1,0
0.856911000,0,0,0,0,0,0,0,0,0,0,0,0
0.856916000,0,0,0,0,1,0,1,1,0,0,1,0
0.856994000,0,0,0,0,1,0,1,1,0,0,1,1
0.857494000,0,0,0,0,1,0,1,1,0,0,1,0
0.857911000,0,0,0,0,0,0,0,0,0,0,0,0
0.857916000,1,1,1,1,0,1,0,1,0,0,1,0
0.857994000,1,1,1,1,0,1,0,1,0,0,1,1
0.858494000,1,1,1,1,0,1,0,1,0,0,1,0
0.858911000,0,0,0,0,0,0,0,0,0,0,0,0
0.858916000,1,1,1,0,1,1,0,1,0,0,1,0
0.858994000,1,1,1,0,1,1,0,1,0,0,1,1
0.859494000,1,1,1,0,1,1,0,1,0,0,1,0
0.859911000,0,0,0,0,0,0,0,0,0,0,0,0
0.859916000,0,1,1,1,1,1,0,1,0,0,1,0
0.859994000,0,1,1,1,1,1,0,1,0,0,1,1
0.860494000,0,1,1,1,1,1,0,1,0,0,1,0
0.860911000,0,0,0,0,0,0,0,0,0,0,0,0
0.860916000,0,0,1,0,0,0,1,1,0,0,1,0
0.860994000,0,0,1,0,0,0,1,1,0,0,1,1
0.861494000,0,0,1,0,0,0,1,1,0,0,1,0
0.861911000,0,0,0,0,0,0,0,0,0,0,0,0
0.861916000,1,1,1,1,1,1,0,1,0,0,1,0
0.861994000,1,1,1,1,1,1,0,1,0,0,1,1
0.862494000,1,1,1,1,1,1,0,1,0,0,1,0
0.862911000,0,0,0,0,0,0,0,0,0,0,0,0
0.862916000,0,0,0,1,0,1,0,1,0,0,1,0
0.862994000,0,0,0,1,0,1,0,1,0,0,1,1
0.863494000,0,0,0,1,0,1,0,1,0,0,1,0
0.863911000,0,0,0,0,0,0,0,0,0,0,0,0
0.863916000,0,0,1,1,0,0,1,1,0,0,1,0
0.863994000,0,0,1,1,0,0,1,1,0,0,1,1
0.864494000,0,0,1,1,0,0,1,1,0,0,1,0
0.864911000,0,0,0,0,0,0,0,0,0,0,0,0
0.864916000,1,1,0,1,1,1,0,1,0,0,1,0
0.864994000,1,1,0,1,1,1,0,1,0,0,1,1
0.865494000,1,1,0,1,1,1,0,1,0,0,1,0
0.865911000,0,0,0,0,0,0,0,0,0,0,0,0
0.865916000,0,0,1,1,1,1,0,1,0,0,1,0
0.865994000,0,0,1,1,1,1,0,1,0,0,1,1
0.866494000,0,0,1,1,1,1,0,1,0,0,1,0
0.866911000,0,0,0,0,0,0,0,0,0,0,0,0
0.866916000,1,0,1,1,1,1,0,1,0,0,1,0
0.866994000,1,0,1,1,1,1,0,1,0,0,1,1
0.867494000,1,0,1,1,1,1,0,1,0,0,1,0
0.867911000,0,0,0,0,0,0,0,0,0,0,0,0
0.867916000,1,1,0,1,1,1,0,1,0,0,1,0
0.867994000,1,1,0,1,1,1,0,1,0,0,1,1
0.868494000,1,1,0,1,1,1,0,1,0,0,1,0
0.868911000,0,0,0,0,0,0,0,0,0,0,0,0
0.868916000,1,1,0,1,1,1,0,1,0,0,1,0
0.868994000,1,1,0,1,1,1,0,1,0,0,1,1
0.869494000,1,1,0,1,1,1,0,1,0,0,1,0
0.869911000,0,0,0,0,0,0,0,0,0,0,0,0
0.869916000,0,1,0,0,0,0,1,1,0,0,1,0
0.869994000,0,1,0,0,0,0,1,1,0,0,1,1
0.870494000,0,1,0,0,0,0,1,1,0,0,1,0
0.870911000,0,0,0,0,0,0,0,0,0,0,0,0
0.870916000,1,1,0,1,1,1,0,1,0,0,1,0
0.870994000,1,1,0,1,1,1,0,1,0,0,1,1
0.871494000,1,1,0,1,1,1,0,1,0,0,1,0
0.871911000,0,0,0,0,0,0,0,0,0,0,0,0
0.871916000,1,1,1,1,1,1,0,1,0,0,1,0
0.871994000,1,1,1,1,1,1,0,1,0,0,1,1
0.872494000,1,1,1,1,1,1,0,1,0,0,1,0
0.872911000,0,0,0,0,0,0,0,0,0,0,0,0
0.872916000,1,0,0,0,1,0,1,1,0,0,1,0
0.872994000,1,0,0,0,1,0,1,1,0,0,1,1
0.873494000,1,0,0,0,1,0,1,1,0,0,1,0
0.873911000,0,0,0,0,0,0,0,0,0,0,0,0
0.873916000,1,1,1,1,1,1,0,1,0,0,1,0
0.873994000,1,1,1,1,1,1,0,1,0,0,1,1
0.874494000,1,1,1,1,1,1,0,1,0,0,1,0
0.874911000,0,0,0,0,0,0,0,0,0,0,0,0
0.874916000,0,1,0,1,0,0,1,1,0,0,1,0
0.874994000,0,1,0,1,0,0,1,1,0,0,1,1
0.875494000,0,1,0,1,0,0,1,1,0,0,1,0
0.875911000,0,0,0,0,0,0,0,0,0,0,0,0
0.875916000,1,1,1,1,1,1,0,1,0,0,1,0
0.875994000,1,1,1,1,1,1,0,1,0,0,1,1
0.876494000,1,1,1,1,1,1,0,1,0,0,1,0
0.876911000,0,0,0,0,0,0,0,0,0,0,0,0
0.876916000,1,1,1,1,1,1,0,1,0,0,1,0
0.876994000,1,1,1,1,1,1,0,1,0,0,1,1
0.877494000,1,1,1,1,1,1,0,1,0,0,1,0
0.877911000,0,0,0,0,0,0,0,0,0,0,0,0
0.877916000,1,1,1,1,1,1,0,1,0,0,1,0
0.877994000,1,1,1,1,1,1,0,1,0,0,1,1
0.878494000,1,1,1,1,1,1,0,1,0,0,1,0
0.878911000,0,0,0,0,0,0,0,0,0,0,0,0
0.878916000,0,0,1,1,1,1,0,1,0,0,1,0
0.878994000,0,0,1,1,1,1,0,1,0,0,1,1
0.879494000,0,0,1,1,1,1,0,1,0,0,1,0
0.879911000,0,0,0,0,0,0,0,0,0,0,0,0
0.879916000,0,1,1,0,1,1,0,1,0,0,1,0
0.879994000,0,1,1,0,1,1,0,1,0,0,1,1
0.880494000,0,1,1,0,1,1,0,1,0,0,1,0
0.880911000,0,0,0,0,0,0,0,0,0,0,0,0
0.880916000,0,1,0,1,1,1,0,1,0,0,1,0
0.880994000,0,1,0,1,1,1,0,1,0,0,1,1
0.881494000,0,1,0,1,1,1,0,1,0,0,1,0
0.881911000,0,0,0,0,0,0,0,0,0,0,0,0
0.881916000,1,1,1,1,1,1,0,1,0,0,1,0
0.881994000,1,1,1,1,1,1,0,1,0,0,1,1
0.882494000,1,1,1,1,1,1,0,1,0,0,1,0
0.882911000,0,0,0,0,0,0,0,0,0,0,0,0
0.882916000,0,1,1,0,1,1,0,1,0,0,1,0
0.882994000,0,1,1,0,1,1,0,1,0,0,1,1
0.883494000,0,1,1,0,1,1,0,1,0,0,1,0
0.883911000,0,0,0,0,0,0,0,0,0,0,0,0
0.883916000,1,0,0,0,0,0,1,1,0,0,1,0
0.883994000,1,0,0,0,0,0,1,1,0,0,1,1
0.884494000,1,0,0,0,0,0,1,1,0,0,1,0
0.884911000,0,0,0,0,0,0,0,0,0,0,0,0
0.884916000,0,1,0,0,0,0,1,1,0,0,1,0
0.884994000,0,1,0,0,0,0,1,1,0,0,1,1
0.885494000,0,1,0,0,0,0,1,1,0,0,1,0
0.885911000,0,0,0,0,0,0,0,0,0,0,0,0
0.885916000,0,0,0,0,1,0,1,1,0,0,1,0
0.885994000,0,0,0,0,1,0,1,1,0,0,1,1
0.886494000,0,0,0,0,1,0,1,1,0,0,1,0
0.886911000,0,0,0,0,0,0,0,0,0,0,0,0
0.886916000,0,0,0,1,0,0,1,1,0,0,1,0
0.886994000,0,0,0,1,0,0,1,1,0,0,1,1
0.887494000,0,0,0,1,0,0,1,1,0,0,1,0
0.887911000,0,0,0,0,0,0,0,0,0,0,0,0
0.887916000,1,1,1,1,1,1,0,1,0,0,1,0
0.887994000,1,1,1,1,1,1,0,1,0,0,1,1
0.888494000,1,1,1,1,1,1,0,1,0,0,1,0
0.888911000,0,0,0,0,0,0,0,0,0,0,0,0
0.888916000,1,1,1,1,1,1,0,1,0,0,1,0
0.888994000,1,1,1,1,1,1,0,1,0,0,1,1
0.889494000,1,1,1,1,1,1,0,1,0,0,1,0
0.889911000,0,0,0,0,0,0,0,0,0,0,0,0
0.889916000,1,0,1,1,1,1,0,1,0,0,1,0
0.889994000,1,0,1,1,1,1,0,1,0,0,1,1
0.890494000,1,0,1,1,1,1,0,1,0,0,1,0
0.890911000,0,0,0,0,0,0,0,0,0,0,0,0
0.890916000,0,0,1,1,0,1,0,1,0,0,1,0
0.890994000,0,0,1,1,0,1,0,1,0,0,1,1
0.891494000,0,0,1,1,0,1,0,1,0,0,1,0
0.891911000,0,0,0,0,0,0,0,0,0,0,0,0
0.891916000,0,1,1,0,0,0,1,1,0,0,1,0
0.891994000,0,1,1,0,0,0,1,1,0,0,1,1
0.892494000,0,1,1,0,0,0,1,1,0,0,1,0
0.892911000,0,0,0,0,0,0,0,0,0,0,0,0
0.892916000,1,1,0,0,1,0,1,1,0,0,1,0
0.892994000,1,1,0,0,1,0,1,1,0,0,1,1
0.893494000,1,1,0,0,1,0,1,1,0,0,1,0
0.893911000,0,0,0,0,0,0,0,0,0,0,0,0
0.893916000,1,1,1,1,0,0,1,1,0,0,1,0
0.893994000,1,1,1,1,0,0,1,1,0,0,1,1
0.894494000,1,1,1,1,0,0,1,1,0,0,1,0
0.894911000,0,0,0,0,0,0,0,0,0,0,0,0
0.894916000,1,1,0,1,0,0,1,1,0,0,1,0
0.894994000,1,1,0,1,0,0,1,1,0,0,1,1
0.895494000,1,1,0,1,0,0,1,1,0,0,1,0
0.895911000,0,0,0,0,0,0,0,0,0,0,0,0
0.895916000,1,0,0,0,1,0,1,1,0,0,1,0
0.895994000,1,0,0,0,1,0,1,1,0,0,1,1
0.896494000,1,0,0,0,1,0,1,1,0,0,1,0
0.896911000,0,0,0,0,0,0,0,0,0,0,0,0
0.896916000,0,0,0,0,1,0,1,1,0,0,1,0
0.896994000,0,0,0,0,1,0,1,1,0,0,1,1
0.897494000,0,0,0,0,1,0,1,1,0,0,1,0
0.897911000,0,0,0,0,0,0,0,0,0,0,0,0
0.897916000,0,1,1,0,1,0,1,1,0,0,1,0
0.897994000,0,1,1,0,1,0,1,1,0,0,1,1
0.898494000,0,1,1,0,1,0,1,1,0,0,1,0
0.898911000,0,0,0,0,0,0,0,0,0,0,0,0
0.898916000,1,0,0,0,1,0,1,1,0,0,1,0
0.898994000,1,0,0,0,1,0,1,1,0,0,1,1
0.899494000,1,0,0,0,1,0,1,1,0,0,1,0
0.899911000,0,0,0,0,0,0,0,0,0,0,0,0
0.899916000,0,0,0,1,0,0,1,1,0,0,1,0
0.899994000,0,0,0,1,0,0,1,1,0,0,1,1
0.900494000,0,0,0,1,0,0,1,1,0,0,1,0
0.900911000,0,0,0,0,0,0,0,0,0,0,0,0
0.900916000,1,0,0,1,1,1,0,1,0,0,1,0
0.900994000,1,0,0,1,1,1,0,1,0,0,1,1
0.901494000,1,0,0,1,1,1,0,1,0,0,1,0
0.901911000,0,0,0,0,0,0,0,0,0,0,0,0
0.901916000,0,1,1,1,0,0,1,1,0,0,1,0
0.901994000,0,1,1,1,0,0,1,1,0,0,1,1
0.902494000,0,1,1,1,0,0,1,1,0,0,1,0
0.902911000,0,0,0,0,0,0,0,0,0,0,0,0
0.902916000,0,0,1,0,1,0,1,1,0,0,1,0
0.902994000,0,0,1,0,1,0,1,1,0,0,1,1
0.903494000,0,0,1,0,1,0,1,1,0,0,1,0
0.903911000,0,0,0,0,0,0,0,0,0,0,0,0
0.903916000,0,0,1,1,0,0,1,1,0,0,1,0
0.903994000,0,0,1,1,0,0,1,1,0,0,1,1
0.904494000,0,0,1,1,0,0,1,1,0,0,1,0
0.904911000,0,0,0,0,0,0,0,0,0,0,0,0
0.904916000,0,1,0,0,1,0,1,1,0,0,1,0
0.904994000,0,1,0,0,1,0,1,1,0,0,1,1
0.905494000,0,1,0,0,1,0,1,1,0,0,1,0
0.905910000,0,1,0,0,1,0,1,1,0,0,0,0
0.905911000,0,0,0,0,0,0,0,0,0,0,0,0
0.905916000,0,0,0,0,1,0,1,1,0,0,1,0
0.905994000,0,0,0,0,1,0,1,1,0,0,1,1
0.906494000,0,0,0,0,1,0,1,1,0,0,1,0
0.906910000,0,0,0,0,1,0,1,1,0,0,0,0
0.906911000,0,0,0,0,0,0,0,0,0,0,0,0
0.906916000,0,0,1,0,1,0,1,1,0,0,1,0
0.906994000,0,0,1,0,1,0,1,1,0,0,1,1
0.907494000,0,0,1,0,1,0,1,1,0,0,1,0
0.907910000,0,0,1,0,1,0,1,1,0,0,0,0
0.907911000,0,0,0,0,0,0,0,0,0,0,0,0
0.907916000,0,1,0,0,0,0,1,1,0,0,1,0
0.907994000,0,1,0,0,0,0,1,1,0,0,1,1
0.908494000,0,1,0,0,0,0,1,1,0,0,1,0
0.908910000,0,1,0,0,0,0,1,1,0,0,0,0
0.908911000,0,0,0,0,0,0,0,0,0,0,0,0
0.908916000,0,1,0,0,1,0,1,1,0,0,1,0
0.908994000,0,1,0,0,1,0,1,1,0,0,1,1
0.909494000,0,1,0,0,1,0,1,1,0,0,1,0
0.909910000,0,1,0,0,0,0,0,0,0,0,0,0
0.909911000,0,0,0,0,0,0,0,0,0,0,0,0
0.909916000,1,1,1,1,1,1,0,1,0,0,1,0
0.909994000,1,1,1,1,1,1,0,1,0,0,1,1
0.910494000,1,1,1,1,1,1,0,1,0,0,1,0
0.910910000,0,0,0,0,0,0,0,0,0,0,0,0
0.910916000,0,1,0,0,1,0,1,1,0,0,1,0
0.910994000,0,1,0,0,1,0,1,1,0,0,1,1
0.911494000,0,1,0,0,1,0,1,1,0,0,1,0
0.911910000,0,0,0,0,0,0,0,0,0,0,0,0
0.911916000,0,1,1,0,0,0,1,1,0,0,1,0
0.911994000,0,1,1,0,0,0,1,1,0,0,1,1
0.912494000,0,1,1,0,0,0,1,1,0,0,1,0
0.912910000,0,0,0,0,0,0,0,0,0,0,0,0
0.912916000,1,1,0,1,1,0,1,1,0,0,1,0
0.912994000,1,1,0,1,1,0,1,1,0,0,1,1
0.913494000,1,1,0,1,1,0,1,1,0,0,1,0
0.913910000,0,0,0,0,0,0,0,0,0,0,0,0
0.913916000,0,0,1,0,1,0,1,1,0,0,1,0
0.913994000,0,0,1,0,1,0,1,1,0,0,1,1
0.914494000,0,0,1,0,1,0,1,1,0,0,1,0
0.914910000,0,0,0,0,0,0,0,0,0,0,0,0
0.914916000,0,1,1,0,1,0,1,1,0,0,1,0
0.914994000,0,1,1,0,1,0,1,1,0,0,1,1
0.915494000,0,1,1,0,1,0,1,1,0,0,1,0
0.915910000,0,0,0,0,0,0,0,0,0,0,0,0
0.915916000,0,1,1,1,0,0,1,1,0,0,1,0
0.915994000,0,1,1,1,0,0,1,1,0,0,1,1
0.916494000,0,1,1,1,0,0,1,1,0,0,1,0
0.916910000,0,0,0,0,0,0,0,0,0,0,0,0
0.916915000,0,0,0,0,0,0,1,1,0,0,0,0
0.916916000,0,1,1,0,0,0,1,1,0,0,1,0
0.916994000,0,1,1,0,0,0,1,1,0,0,1,1
0.917494000,0,1,1,0,0,0,1,1,0,0,1,0
0.917910000,0,0,0,0,0,0,0,0,0,0,0,0
0.917915000,0,0,0,0,0,0,1,1,0,0,0,0
0.917916000,0,1,1,1,0,0,1,1,0,0,1,0
0.917994000,0,1,1,1,0,0,1,1,0,0,1,1
0.918494000,0,1,1,1,0,0,1,1,0,0,1,0
0.918910000,0,0,0,0,0,0,0,0,0,0,0,0
0.918915000,0,0,0,1,0,0,1,1,0,0,1,0
0.918994000,0,0,0,1,0,0,1,1,0,0,1,1
0.919494000,0,0,0,1,0,0,1,1,0,0,1,0
0.919910000,0,0,0,0,0,0,0,0,0,0,0,0
0.919915000,0,0,0,0,1,0,1,1,0,0,1,0
0.919916000,1,1,0,0,1,0,1,1,0,0,1,0
0.919994000,1,1,0,0,1,0,1,1,0,0,1,1
0.920494000,1,1,0,0,1,0,1,1,0,0,1,0
0.920910000,0,0,0,0,0,0,0,0,0,0,0,0
0.920915000,0,0,1,0,1,0,1,1,0,0,1,0
0.920994000,0,0,1,0,1,0,1,1,0,0,1,1
0.921494000,0,0,1,0,1,0,1,1,0,0,1,0
0.921910000,0,0,0,0,0,0,0,0,0,0,0,0
0.921915000,0,1,0,0,1,0,1,1,0,0,1,0
0.921994000,0,1,0,0,1,0,1,1,0,0,1,1
0.922494000,0,1,0,0,1,0,1,1,0,0,1,0
0.922910000,0,0,0,0,0,0,0,0,0,0,0,0
0.922915000,0,1,1,1,1,0,1,1,0,0,1,0
0.922916000,1,1,1,1,1,0,1,1,0,0,1,0
0.922994000,1,1,1,1,1,0,1,1,0,0,1,1
0.923494000,1,1,1,1,1,0,1,1,0,0,1,0
0.923910000,0,0,0,0,0,0,0,0,0,0,0,0
0.923915000,1,0,1,1,0,0,1,1,0,0,1,0
0.923994000,1,0,1,1,0,0,1,1,0,0,1,1
0.924494000,1,0,1,1,0,0,1,1,0,0,1,0
0.924910000,0,0,0,0,0,0,0,0,0,0,0,0
0.924915000,1,1,1,1,1,1,0,1,0,0,1,0
0.924994000,1,1,1,1,1,1,0,1,0,0,1,1
0.925494000,1,1,1,1,1,1,0,1,0,0,1,0
0.925910000,0,0,0,0,0,0,0,0,0,0,0,0
0.925915000,0,0,1,0,1,1,0,1,0,0,1,0
0.925994000,0,0,1,0,1,1,0,1,0,0,1,1
0.926494000,0,0,1,0,1,1,0,1,0,0,1,0
0.926910000,0,0,0,0,0,0,0,0,0,0,0,0
0.926915000,0,1,0,1,1,1,0,1,0,0,1,0
0.926994000,0,1,0,1,1,1,0,1,0,0,1,1
0.927494000,0,1,0,1,1,1,0,1,0,0,1,0
0.927910000,0,0,0,0,0,0,0,0,0,0,0,0
0.927915000,0,0,0,0,1,0,1,1,0,0,1,0
0.927994000,0,0,0,0,1,0,1,1,0,0,1,1
0.928494000,0,0,0,0,1,0,1,1,0,0,1,0
0.928910000,0,0,0,0,0,0,0,0,0,0,0,0
0.928915000,1,1,1,1,1,1,0,1,0,0,1,0
0.928994000,1,1,1,1,1,1,0,1,0,0,1,1
0.929494000,1,1,1,1,1,1,0,1,0,0,1,0
0.929910000,0,0,0,0,0,0,0,0,0,0,0,0
0.929915000,0,0,0,0,1,0,1,1,0,0,1,0
0.929994000,0,0,0,0,1,0,1,1,0,0,1,1
0.930494000,0,0,0,0,1,0,1,1,0,0,1,0
0.930910000,0,0,0,0,0,0,0,0,0,0,0,0
0.930915000,1,1,1,1,1,0,1,1,0,0,1,0
0.930994000,1,1,1,1,1,0,1,1,0,0,1,1
0.931494000,1,1,1,1,1,0,1,1,0,0,1,0
0.931910000,0,0,0,0,0,0,0,0,0,0,0,0
0.931915000,0,0,1,0,1,0,1,1,0,0,1,0
0.931994000,0,0,1,0,1,0,1,1,0,0,1,1
0.932494000,0,0,1,0,1,0,1,1,0,0,1,0
0.932910000,0,0,0,0,0,0,0,0,0,0,0,0
0.932915000,0,0,0,0,0,0,1,1,0,0,1,0
0.932994000,0,0,0,0,0,0,1,1,0,0,1,1
0.933494000,0,0,0,0,0,0,1,1,0,0,1,0
0.933910000,0,0,0,0,0,0,0,0,0,0,0,0
0.933915000,0,0,0,1,0,0,1,1,0,0,1,0
0.933994000,0,0,0,1,0,0,1,1,0,0,1,1
0.934494000,0,0,0,1,0,0,1,1,0,0,1,0
0.934910000,0,0,0,0,0,0,0,0,0,0,0,0
0.934915000,0,0,0,0,1,0,1,1,0,0,1,0
0.934994000,0,0,0,0,1,0,1,1,0,0,1,1
0.935494000,0,0,0,0,1,0,1,1,0,0,1,0
0.935910000,0,0,0,0,0,0,0,0,0,0,0,0
0.935915000,1,0,1,0,0,0,1,1,0,0,1,0
0.935994000,1,0,1,0,0,0,1,1,0,0,1,1
0.936494000,1,0,1,0,0,0,1,1,0,0,1,0
0.936910000,0,0,0,0,0,0,0,0,0,0,0,0
0.936915000,1,0,1,0,1,1,0,1,0,0,1,0
0.936994000,1,0,1,0,1,1,0,1,0,0,1,1
0.937494000,1,0,1,0,1,1,0,1,0,0,1,0
0.937910000,0,0,0,0,0,0,0,0,0,0,0,0
0.937915000,1,1,0,1,1,1,0,1,0,0,1,0
0.937994000,1,1,0,1,1,1,0,1,0,0,1,1
0.938494000,1,1,0,1,1,1,0,1,0,0,1,0
0.938910000,0,0,0,0,0,0,0,0,0,0,0,0
0.938915000,1,0,0,0,0,0,1,1,0,0,1,0
0.938994000,1,0,0,0,0,0,1,1,0,0,1,1
0.939494000,1,0,0,0,0,0,1,1,0,0,1,0
0.939910000,0,0,0,0,0,0,0,0,0,0,0,0
0.939915000,1,0,1,1,1,1,0,1,0,0,1,0
0.939994000,1,0,1,1,1,1,0,1,0,0,1,1
0.940494000,1,0,1,1,1,1,0,1,0,0,1,0
0.940910000,0,0,0,0,0,0,0,0,0,0,0,0
0.940915000,1,0,0,0,0,0,1,1,0,0,1,0
0.940994000,1,0,0,0,0,0,1,1,0,0,1,1
0.941494000,1,0,0,0,0,0,1,1,0,0,1,0
0.941910000,0,0,0,0,0,0,0,0,0,0,0,0
0.941915000,1,1,1,1,1,1,0,1,0,0,1,0
0.941994000,1,1,1,1,1,1,0,1,0,0,1,1
0.942494000,1,1,1,1,1,1,0,1,0,0,1,0
0.942910000,0,0,0,0,0,0,0,0,0,0,0,0
0.942915000,0,0,0,0,0,0,1,1,0,0,1,0
0.942994000,0,0,0,0,0,0,1,1,0,0,1,1
0.943494000,0,0,0,0,0,0,1,1,0,0,1,0
0.943910000,0,0,0,0,0,0,0,0,0,0,0,0
0.943915000,1,1,1,1,1,1,0,1,0,0,1,0
0.943994000,1,1,1,1,1,1,0,1,0,0,1,1
0.944494000,1,1,1,1,1,1,0,1,0,0,1,0
0.944910000,0,0,0,0,0,0,0,0,0,0,0,0
0.944915000,1,1,1,0,1,1,0,1,0,0,1,0
0.944994000,1,1,1,0,1,1,0,1,0,0,1,1
0.945494000,1,1,1,0,1,1,0,1,0,0,1,0
0.945910000,0,0,0,0,0,0,0,0,0,0,0,0
0.945915000,1,1,1,0,1,1,0,1,0,0,1,0
0.945994000,1,1,1,0,1,1,0,1,0,0,1,1
0.946494000,1,1,1,0,1,1,0,1,0,0,1,0
0.946910000,0,0,0,0,0,0,0,0,0,0,0,0
0.946915000,1,1,1,0,1,1,0,1,0,0,1,0
0.946994000,1,1,1,0,1,1,0,1,0,0,1,1
0.947494000,1,1,1,0,1,1,0,1,0,0,1,0
0.947910000,0,0,0,0,0,0,0,0,0,0,0,0
0.947915000,0,0,1,0,0,0,1,1,0,0,1,0
0.947994000,0,0,1,0,0,0,1,1,0,0,1,1
0.948494000,0,0,1,0,0,0,1,1,0,0,1,0
0.948910000,0,0,0,0,0,0,0,0,0,0,0,0
0.948915000,1,1,0,1,1,1,0,1,0,0,1,0
0.948994000,1,1,0,1,1,1,0,1,0,0,1,1
0.949494000,1,1,0,1,1,1,0,1,0,0,1,0
0.949910000,0,0,0,0,0,0,0,0,0,0,0,0
0.949915000,1,1,1,1,1,1,0,1,0,0,1,0
0.949994000,1,1,1,1,1,1,0,1,0,0,1,1
0.950494000,1,1,1,1,1,1,0,1,0,0,1,0
0.950910000,0,0,0,0,0,0,0,0,0,0,0,0
0.950915000,1,0,0,0,0,0,1,1,0,0,1,0
0.950994000,1,0,0,0,0,0,1,1,0,0,1,1
0.951494000,1,0,0,0,0,0,1,1,0,0,1,0
0.951910000,0,0,0,0,0,0,0,0,0,0,0,0
0.951915000,1,1,1,0,1,1,0,1,0,0,1,0
0.951993000,1,1,1,0,1,1,0,1,0,0,1,1
0.952493000,1,1,1,0,1,1,0,1,0,0,1,0
0.952910000,0,0,0,0,0,0,0,0,0,0,0,0
0.952915000,1,1,1,1,1,1,0,1,0,0,1,0
0.952993000,1,1,1,1,1,1,0,1,0,0,1,1
0.953493000,1,1,1,1,1,1,0,1,0,0,1,0
0.953910000,0,0,0,0,0,0,0,0,0,0,0,0
0.953915000,0,0,0,0,0,0,1,1,0,0,1,0
0.953993000,0,0,0,0,0,0,1,1,0,0,1,1
0.954493000,0,0,0,0,0,0,1,1,0,0,1,0
0.954910000,0,0,0,0,0,0,0,0,0,0,0,0
0.954915000,1,1,1,0,1,1,0,1,0,0,1,0
0.954993000,1,1,1,0,1,1,0,1,0,0,1,1
0.955493000,1,1,1,0,1,1,0,1,0,0,1,0
0.955910000,0,0,0,0,0,0,0,0,0,0,0,0
0.955915000,0,0,1,1,0,0,1,1,0,0,1,0
0.955993000,0,0,1,1,0,0,1,1,0,0,1,1
0.956493000,0,0,1,1,0,0,1,1,0,0,1,0
0.956910000,0,0,0,0,0,0,0,0,0,0,0,0
0.956915000,1,1,0,1,1,1,0,1,0,0,1,0
0.956993000,1,1,0,1,1,1,0,1,0,0,1,1
0.957493000,1,1,0,1,1,1,0,1,0,0,1,0
0.957910000,0,0,0,0,0,0,0,0,0,0,0,0
0.957915000,1,0,1,1,0,1,0,1,0,0,1,0
0.957993000,1,0,1,1,0,1,0,1,0,0,1,1
0.958493000,1,0,1,1,0,1,0,1,0,0,1,0
0.958910000,0,0,0,0,0,0,0,0,0,0,0,0
0.958915000,1,1,1,1,1,1,0,1,0,0,1,0
0.958993000,1,1,1,1,1,1,0,1,0,0,1,1
0.959493000,1,1,1,1,1,1,0,1,0,0,1,0
0.959910000,0,0,0,0,0,0,0,0,0,0,0,0
0.959915000,1,1,1,0,0,1,0,1,0,0,1,0
0.959993000,1,1,1,0,0,1,0,1,0,0,1,1
0.960493000,1,1,1,0,0,1,0,1,0,0,1,0
0.960910000,0,0,0,0,0,0,0,0,0,0,0,0
0.960915000,0,1,1,1,1,1,0,1,0,0,1,0
0.960993000,0,1,1,1,1,1,0,1,0,0,1,1
0.961493000,0,1,1,1,1,1,0,1,0,0,1,0
0.961910000,0,0,0,0,0,0,0,0,0,0,0,0
0.961915000,1,1,1,0,0,0,1,1,0,0,1,0
0.961993000,1,1,1,0,0,0,1,1,0,0,1,1
0.962493000,1,1,1,0,0,0,1,1,0,0,1,0
0.962910000,0,0,0,0,0,0,0,0,0,0,0,0
0.962915000,1,1,1,0,1,1,0,1,0,0,1,0
0.962993000,1,1,1,0,1,1,0,1,0,0,1,1
0.963493000,1,1,1,0,1,1,0,1,0,0,1,0
0.963910000,0,0,0,0,0,0,0,0,0,0,0,0
0.963915000,1,1,0,1,1,1,0,1,0,0,1,0
0.963993000,1,1,0,1,1,1,0,1,0,0,1,1
0.964493000,1,1,0,1,1,1,0,1,0,0,1,0
0.964910000,0,0,0,0,0,0,0,0,0,0,0,0
0.964915000,1,1,1,1,1,1,0,1,0,0,1,0
0.964993000,1,1,1,1,1,1,0,1,0,0,1,1
0.965493000,1,1,1,1,1,1,0,1,0,0,1,0
0.965910000,0,0,0,0,0,0,0,0,0,0,0,0
0.965915000,1,1,0,1,1,1,0,1,0,0,1,0
0.965993000,1,1,0,1,1,1,0,1,0,0,1,1
0.966493000,1,1,0,1,1,1,0,1,0,0,1,0
0.966910000,0,0,0,0,0,0,0,0,0,0,0,0
0.966915000,0,0,0,1,1,1,0,1,0,0,1,0
0.966993000,0,0,0,1,1,1,0,1,0,0,1,1
0.967493000,0,0,0,1,1,1,0,1,0,0,1,0
0.967910000,0,0,0,0,0,0,0,0,0,0,0,0
0.967915000,0,0,0,0,0,0,1,1,0,0,1,0
0.967993000,0,0,0,0,0,0,1,1,0,0,1,1
0.968493000,0,0,0,0,0,0,1,1,0,0,1,0
0.968910000,0,0,0,0,0,0,0,0,0,0,0,0
0.968915000,1,1,1,1,1,1,0,1,0,0,1,0
0.968993000,1,1,1,1,1,1,0,1,0,0,1,1
0.969493000,1,1,1,1,1,1,0,1,0,0,1,0
0.969910000,0,0,0,0,0,0,0,0,0,0,0,0
0.969915000,1,0,1,0,0,0,1,1,0,0,1,0
0.969993000,1,0,1,0,0,0,1,1,0,0,1,1
0.970493000,1,0,1,0,0,0,1,1,0,0,1,0
0.970910000,0,0,0,0,0,0,0,0,0,0,0,0
0.970915000,1,0,0,1,0,0,1,1,0,0,1,0
0.970993000,1,0,0,1,0,0,1,1,0,0,1,1
0.971493000,1,0,0,1,0,0,1,1,0,0,1,0
0.971910000,0,0,0,0,0,0,0,0,0,0,0,0
0.971915000,1,1,1,1,0,0,1,1,0,0,1,0
0.971993000,1,1,1,1,0,0,1,1,0,0,1,1
0.972493000,1,1,1,1,0,0,1,1,0,0,1,0
0.972910000,0,0,0,0,0,0,0,0,0,0,0,0
0.972915000,0,0,0,0,0,0,1,1,0,0,1,0
0.972993000,0,0,0,0,0,0,1,1,0,0,1,1
0.973493000,0,0,0,0,0,0,1,1,0,0,1,0
0.973910000,0,0,0,0,0,0,0,0,0,0,0,0
0.973915000,1,1,1,1,1,1,0,1,0,0,1,0
0.973993000,1,1,1,1,1,1,0,1,0,0,1,1
0.974493000,1,1,1,1,1,1,0,1,0,0,1,0
0.974910000,0,0,0,0,0,0,0,0,0,0,0,0
0.974915000,1,1,1,0,1,1,0,1,0,0,1,0
0.974993000,1,1,1,0,1,1,0,1,0,0,1,1
0.975493000,1,1,1,0,1,1,0,1,0,0,1,0
0.975910000,0,0,0,0,0,0,0,0,0,0,0,0
0.975915000,1,1,1,0,1,0,1,1,0,0,1,0
0.975993000,1,1,1,0,1,0,1,1,0,0,1,1
0.976493000,1,1,1,0,1,0,1,1,0,0,1,0
0.976910000,0,0,0,0,0,0,0,0,0,0,0,0
0.976915000,0,1,1,1,1,1,0,1,0,0,1,0
0.976993000,0,1,1,1,1,1,0,1,0,0,1,1
0.977493000,0,1,1,1,1,1,0,1,0,0,1,0
0.977910000,0,0,0,0,0,0,0,0,0,0,0,0
0.977915000,1,1,1,0,1,1,0,1,0,0,1,0
0.977993000,1,1,1,0,1,1,0,1,0,0,1,1
0.978493000,1,1,1,0,1,1,0,1,0,0,1,0
0.978910000,0,0,0,0,0,0,0,0,0,0,0,0
0.978915000,1,0,0,0,0,0,1,1,0,0,1,0
0.978993000,1,0,0,0,0,0,1,1,0,0,1,1
0.979493000,1,0,0,0,0,0,1,1,0,0,1,0
0.979910000,0,0,0,0,0,0,0,0,0,0,0,0
0.979915000,0,1,1,1,1,1,0,1,0,0,1,0
0.979993000,0,1,1,1,1,1,0,1,0,0,1,1
0.980493000,0,1,1,1,1,1,0,1,0,0,1,0
0.980910000,0,0,0,0,0,0,0,0,0,0,0,0
0.980915000,0,0,0,1,1,0,1,1,0,0,1,0
0.980993000,0,0,0,1,1,0,1,1,0,0,1,1
0.981493000,0,0,0,1,1,0,1,1,0,0,1,0
0.981910000,0,0,0,0,0,0,0,0,0,0,0,0
0.981915000,1,0,0,0,1,0,1,1,0,0,1,0
0.981993000,1,0,0,0,1,0,1,1,0,0,1,1
0.982493000,1,0,0,0,1,0,1,1,0,0,1,0
0.982910000,0,0,0,0,0,0,0,0,0,0,0,0
0.982915000,0,1,1,1,0,0,1,1,0,0,1,0
0.982993000,0,1,1,1,0,0,1,1,0,0,1,1
0.983493000,0,1,1,1,0,0,1,1,0,0,1,0
0.983910000,0,0,0,0,0,0,0,0,0,0,0,0
0.983915000,0,0,1,0,1,0,1,1,0,0,1,0
0.983993000,0,0,1,0,1,0,1,1,0,0,1,1
0.984493000,0,0,1,0,1,0,1,1,0,0,1,0
0.984910000,0,0,0,0,0,0,0,0,0,0,0,0
0.984915000,1,0,1,1,1,1,0,1,0,0,1,0
0.984993000,1,0,1,1,1,1,0,1,0,0,1,1
0.985493000,1,0,1,1,1,1,0,1,0,0,1,0
0.985910000,0,0,0,0,0,0,0,0,0,0,0,0
0.985915000,1,1,1,1,1,1,0,1,0,0,1,0
0.985993000,1,1,1,1,1,1,0,1,0,0,1,1
0.986493000,1,1,1,1,1,1,0,1,0,0,1,0
0.986910000,0,0,0,0,0,0,0,0,0,0,0,0
0.986915000,1,1,0,0,0,0,1,1,0,0,1,0
0.986993000,1,1,0,0,0,0,1,1,0,0,1,1
0.987493000,1,1,0,0,0,0,1,1,0,0,1,0
0.987910000,0,0,0,0,0,0,0,0,0,0,0,0
0.987915000,0,0,1,0,0,0,1,1,0,0,1,0
0.987993000,0,0,1,0,0,0,1,1,0,0,1,1
0.988493000,0,0,1,0,0,0,1,1,0,0,1,0
0.988910000,0,0,0,0,0,0,0,0,0,0,0,0
0.988915000,0,1,1,0,0,0,1,1,0,0,1,0
0.988993000,0,1,1,0,0,0,1,1,0,0,1,1
0.989493000,0,1,1,0,0,0,1,1,0,0,1,0
0.989910000,0,0,0,0,0,0,0,0,0,0,0,0
0.989915000,1,0,0,1,0,0,1,1,0,0,1,0
0.989993000,1,0,0,1,0,0,1,1,0,0,1,1
0.990493000,1,0,0,1,0,0,1,1,0,0,1,0
0.990910000,0,0,0,0,0,0,0,0,0,0,0,0
0.990915000,0,1,1,1,1,0,1,1,0,0,1,0
0.990993000,0,1,1,1,1,0,1,1,0,0,1,1
0.991493000,0,1,1,1,1,0,1,1,0,0,1,0
0.991910000,0,0,0,0,0,0,0,0,0,0,0,0
0.991915000,1,1,1,1,1,1,0,1,0,0,1,0
0.991993000,1,1,1,1,1,1,0,1,0,0,1,1
0.992493000,1,1,1,1,1,1,0,1,0,0,1,0
0.992910000,0,0,0,0,0,0,0,0,0,0,0,0
0.992915000,0,1,0,1,1,0,1,1,0,0,1,0
0.992993000,0,1,0,1,1,0,1,1,0,0,1,1
0.993493000,0,1,0,1,1,0,1,1,0,0,1,0
0.993910000,0,0,0,0,0,0,0,0,0,0,0,0
0.993915000,1,1,0,1,0,0,1,1,0,0,1,0
0.993993000,1,1,0,1,0,0,1,1,0,0,1,1
0.994493000,1,1,0,1,0,0,1,1,0,0,1,0
0.994910000,0,0,0,0,0,0,0,0,0,0,0,0
0.994915000,0,1,0,1,1,1,0,1,0,0,1,0
0.994993000,0,1,0,1,1,1,0,1,0,0,1,1
0.995493000,0,1,0,1,1,1,0,1,0,0,1,0
0.995910000,0,0,0,0,0,0,0,0,0,0,0,0
0.995915000,1,1,0,1,1,1,0,1,0,0,1,0
0.995993000,1,1,0,1,1,1,0,1,0,0,1,1
0.996493000,1,1,0,1,1,1,0,1,0,0,1,0
0.996910000,0,0,0,0,0,0,0,0,0,0,0,0
0.996915000,1,1,1,1,1,1,0,1,0,0,1,0
0.996993000,1,1,1,1,1,1,0,1,0,0,1,1
0.997493000,1,1,1,1,1,1,0,1,0,0,1,0
0.997910000,0,0,0,0,0,0,0,0,0,0,0,0
0.997915000,0,1,1,0,0,0,1,1,0,0,1,0
0.997993000,0,1,1,0,0,0,1,1,0,0,1,1
0.998493000,0,1,1,0,0,0,1,1,0,0,1,0
0.998910000,0,0,0,0,0,0,0,0,0,0,0,0
0.998915000,0,0,0,0,1,0,1,1,0,0,1,0
0.998993000,0,0,0,0,1,0,1,1,0,0,1,1
0.999493000,0,0,0,0,1,0,1,1,0,0,1,0
0.999910000,0,0,0,0,0,0,0,0,0,0,0,0
0.999915000,1,1,0,1,0,0,1,1,0,0,1,0
0.999993000,1,1,0,1,0,0,1,1,0,0,1,1
1.000493000,1,1,0,1,0,0,1,1,0,0,1,0
1.000910000,0,0,0,0,0,0,0,0,0,0,0,0
1.000915000,0,0,1,1,0,0,1,1,0,0,1,0
1.000993000,0,0,1,1,0,0,1,1,0,0,1,1
1.001493000,0,0,1,1,0,0,1,1,0,0,1,0
1.001910000,0,0,0,0,0,0,0,0,0,0,0,0
1.001915000,0,0,1,1,1,1,0,1,0,0,1,0
1.001993000,0,0,1,1,1,1,0,1,0,0,1,1
1.002493000,0,0,1,1,1,1,0,1,0,0,1,0
1.002910000,0,0,0,0,0,0,0,0,0,0,0,0
1.002915000,0,0,0,1,0,0,1,1,0,0,1,0
1.002993000,0,0,0,1,0,0,1,1,0,0,1,1
1.003493000,0,0,0,1,0,0,1,1,0,0,1,0
1.003910000,0,0,0,0,0,0,0,0,0,0,0,0
1.003915000,1,0,1,0,0,0,1,1,0,0,1,0
1.003993000,1,0,1,0,0,0,1,1,0,0,1,1
1.004493000,1,0,1,0,0,0,1,1,0,0,1,0
1.004910000,0,0,0,0,0,0,0,0,0,0,0,0
1.004915000,1,1,1,1,0,0,1,1,0,0,1,0
1.004993000,1,1,1,1,0,0,1,1,0,0,1,1
1.005493000,1,1,1,1,0,0,1,1,0,0,1,0
1.005910000,0,0,0,0,0,0,0,0,0,0,0,0
1.005915000,1,0,1,0,0,0,1,1,0,0,1,0
1.005993000,1,0,1,0,0,0,1,1,0,0,1,1
1.006493000,1,0,1,0,0,0,1,1,0,0,1,0
1.006910000,0,0,0,0,0,0,0,0,0,0,0,0
1.006915000,0,0,0,0,0,0,1,1,0,0,1,0
1.006993000,0,0,0,0,0,0,1,1,0,0,1,1
1.007493000,0,0,0,0,0,0,1,1,0,0,1,0
1.007910000,0,0,0,0,0,0,0,0,0,0,0,0
1.007915000,1,1,1,0,0,0,1,1,0,0,1,0
1.007993000,1,1,1,0,0,0,1,1,0,0,1,1
1.008493000,1,1,1,0,0,0,1,1,0,0,1,0
1.008910000,0,0,0,0,0,0,0,0,0,0,0,0
1.008915000,1,0,1,1,1,1,0,1,0,0,1,0
1.008993000,1,0,1,1,1,1,0,1,0,0,1,1
1.009493000,1,0,1,1,1,1,0,1,0,0,1,0
1.009910000,0,0,0,0,0,0,0,0,0,0,0,0
1.009915000,0,1,1,0,0,0,1,1,0,0,1,0
1.009993000,0,1,1,0,0,0,1,1,0,0,1,1
1.010493000,0,1,1,0,0,0,1,1,0,0,1,0
1.010910000,0,0,0,0,0,0,0,0,0,0,0,0
1.010915000,1,0,1,1,1,1,0,1,0,0,1,0
1.010993000,1,0,1,1,1,1,0,1,0,0,1,1
1.011493000,1,0,1,1,1,1,0,1,0,0,1,0
1.011910000,0,0,0,0,0,0,0,0,0,0,0,0
1.011915000,0,1,1,0,0,0,1,1,0,0,1,0
1.011993000,0,1,1,0,0,0,1,1,0,0,1,1
1.012493000,0,1,1,0,0,0,1,1,0,0,1,0
1.012910000,0,0,0,0,0,0,0,0,0,0,0,0
1.012915000,0,0,0,1,1,1,0,1,0,0,1,0
1.012993000,0,0,0,1,1,1,0,1,0,0,1,1
1.013493000,0,0,0,1,1,1,0,1,0,0,1,0
1.013910000,0,0,0,0,0,0,0,0,0,0,0,0
1.013915000,1,0,1,0,0,0,1,1,0,0,1,0
1.013993000,1,0,1,0,0,0,1,1,0,0,1,1
1.014493000,1,0,1,0,0,0,1,1,0,0,1,0
1.014910000,0,0,0,0,0,0,0,0,0,0,0,0
1.014915000,1,1,1,0,0,0,1,1,0,0,1,0
1.014993000,1,1,1,0,0,0,1,1,0,0,1,1
1.015493000,1,1,1,0,0,0,1,1,0,0,1,0
1.015910000,0,0,0,0,0,0,0,0,0,0,0,0
1.015915000,0,1,1,1,0,0,1,1,0,0,1,0
1.015993000,0,1,1,1,0,0,1,1,0,0,1,1
1.016493000,0,1,1,1,0,0,1,1,0,0,1,0
1.016910000,0,0,0,0,0,0,0,0,0,0,0,0
1.016915000,1,1,1,0,0,0,1,1,0,0,1,0
1.016993000,1,1,1,0,0,0,1,1,0,0,1,1
1.017493000,1,1,1,0,0,0,1,1,0,0,1,0
1.017910000,0,0,0,0,0,0,0,0,0,0,0,0
1.017915000,0,1,1,0,0,0,1,1,0,0,1,0
1.017993000,0,1,1,0,0,0,1,1,0,0,1,1
1.018493000,0,1,1,0,0,0,1,1,0,0,1,0
1.018910000,0,0,0,0,0,0,0,0,0,0,0,0
1.018915000,1,0,1,0,0,0,1,1,0,0,1,0
1.018993000,1,0,1,0,0,0,1,1,0,0,1,1
1.019493000,1,0,1,0,0,0,1,1,0,0,1,0
1.019910000,0,0,0,0,0,0,0,0,0,0,0,0
1.019915000,0,1,1,1,1,1,0,1,0,0,1,0
1.019993000,0,1,1,1,1,1,0,1,0,0,1,1
1.020493000,0,1,1,1,1,1,0,1,0,0,1,0
1.020910000,0,0,0,0,0,0,0,0,0,0,0,0
1.020915000,1,1,1,1,1,1,0,1,0,0,1,0
1.020993000,1,1,1,1,1,1,0,1,0,0,1,1
1.021493000,1,1,1,1,1,1,0,1,0,0,1,0
1.021910000,0,0,0,0,0,0,0,0,0,0,0,0
1.021915000,1,1,1,1,1,1,0,1,0,0,1,0
1.021993000,1,1,1,1,1,1,0,1,0,0,1,1
1.022493000,1,1,1,1,1,1,0,1,0,0,1,0
1.022910000,0,0,0,0,0,0,0,0,0,0,0,0
1.022915000,0,0,0,0,1,0,1,1,0,0,1,0
1.022993000,0,0,0,0,1,0,1,1,0,0,1,1
1.023493000,0,0,0,0,1,0,1,1,0,0,1,0
1.023910000,0,0,0,0,0,0,0,0,0,0,0,0
1.023915000,1,1,1,1,0,0,1,1,0,0,1,0
1.023993000,1,1,1,1,0,0,1,1,0,0,1,1
1.024493000,1,1,1,1,0,0,1,1,0,0,1,0
1.024910000,0,0,0,0,0,0,0,0,0,0,0,0
1.024915000,0,1,0,0,0,0,1,1,0,0,1,0
1.024993000,0,1,0,0,0,0,1,1,0,0,1,1
1.025493000,0,1,0,0,0,0,1,1,0,0,1,0
1.025910000,0,0,0,0,0,0,0,0,0,0,0,0
1.025915000,1,0,1,0,0,0,1,1,0,0,1,0
1.025993000,1,0,1,0,0,0,1,1,0,0,1,1
1.026493000,1,0,1,0,0,0,1,1,0,0,1,0
1.026910000,0,0,0,0,0,0,0,0,0,0,0,0
1.026915000,1,0,1,1,1,1,0,1,0,0,1,0
1.026993000,1,0,1,1,1,1,0,1,0,0,1,1
1.027493000,1,0,1,1,1,1,0,1,0,0,1,0
1.027910000,0,0,0,0,0,0,0,0,0,0,0,0
1.027915000,1,1,1,1,1,1,0,1,0,0,1,0
1.027993000,1,1,1,1,1,1,0,1,0,0,1,1
1.028493000,1,1,1,1,1,1,0,1,0,0,1,0
1.028910000,0,0,0,0,0,0,0,0,0,0,0,0
1.028915000,1,1,1,1,0,1,0,1,0,0,1,0
1.028993000,1,1,1,1,0,1,0,1,0,0,1,1
1.029493000,1,1,1,1,0,1,0,1,0,0,1,0
1.029910000,0,0,0,0,0,0,0,0,0,0,0,0
1.029915000,0,0,1,0,0,0,1,1,0,0,1,0
1.029993000,0,0,1,0,0,0,1,1,0,0,1,1
1.030493000,0,0,1,0,0,0,1,1,0,0,1,0
1.030910000,0,0,0,0,0,0,0,0,0,0,0,0
1.030915000,1,1,1,1,1,1,0,1,0,0,1,0
1.030993000,1,1,1,1,1,1,0,1,0,0,1,1
1.031493000,1,1,1,1,1,1,0,1,0,0,1,0
1.031910000,0,0,0,0,0,0,0,0,0,0,0,0
1.031915000,1,1,1,1,1,1,0,1,0,0,1,0
1.031993000,1,1,1,1,1,1,0,1,0,0,1,1
1.032493000,1,1,1,1,1,1,0,1,0,0,1,0
1.032910000,0,0,0,0,0,0,0,0,0,0,0,0
1.032915000,1,0,0,0,1,0,1,1,0,0,1,0
1.032993000,1,0,0,0,1,0,1,1,0,0,1,1
1.033493000,1,0,0,0,1,0,1,1,0,0,1,0
1.033910000,0,0,0,0,0,0,0,0,0,0,0,0
1.033915000,0,0,0,0,0,0,1,1,0,0,1,0
1.033993000,0,0,0,0,0,0,1,1,0,0,1,1
1.034493000,0,0,0,0,0,0,1,1,0,0,1,0
1.034910000,0,0,0,0,0,0,0,0,0,0,0,0
1.034915000,0,0,1,0,1,0,1,1,0,0,1,0
1.034993000,0,0,1,0,1,0,1,1,0,0,1,1
1.035493000,0,0,1,0,1,0,1,1,0,0,1,0
1.035910000,0,0,0,0,0,0,0,0,0,0,0,0
1.035915000,0,0,1,0,0,0,1,1,0,0,1,0
1.035993000,0,0,1,0,0,0,1,1,0,0,1,1
1.036493000,0,0,1,0,0,0,1,1,0,0,1,0
1.036910000,0,0,0,0,0,0,0,0,0,0,0,0
1.036915000,1,1,1,1,1,1,0,1,0,0,1,0
1.036993000,1,1,1,1,1,1,0,1,0,0,1,1
1.037493000,1,1,1,1,1,1,0,1,0,0,1,0
1.037910000,0,0,0,0,0,0,0,0,0,0,0,0
1.037915000,0,0,0,0,0,0,1,1,0,0,1,0
1.037993000,0,0,0,0,0,0,1,1,0,0,1,1
1.038493000,0,0,0,0,0,0,1,1,0,0,1,0
1.038910000,0,0,0,0,0,0,0,0,0,0,0,0
1.038915000,1,0,0,1,0,0,1,1,0,0,1,0
1.038993000,1,0,0,1,0,0,1,1,0,0,1,1
1.039493000,1,0,0,1,0,0,1,1,0,0,1,0
1.039910000,0,0,0,0,0,0,0,0,0,0,0,0
1.039915000,0,0,1,0,0,0,1,1,0,0,1,0
1.039993000,0,0,1,0,0,0,1,1,0,0,1,1
1.040493000,0,0,1,0,0,0,1,1,0,0,1,0
1.040910000,0,0,0,0,0,0,0,0,0,0,0,0
1.040915000,1,0,1,0,0,0,1,1,0,0,1,0
1.040993000,1,0,1,0,0,0,1,1,0,0,1,1
1.041493000,1,0,1,0,0,0,1,1,0,0,1,0
1.041910000,0,0,0,0,0,0,0,0,0,0,0,0
1.041915000,1,0,0,0,0,0,1,1,0,0,1,0
1.041993000,1,0,0,0,0,0,1,1,0,0,1,1
1.042493000,1,0,0,0,0,0,1,1,0,0,1,0
1.042910000,0,0,0,0,0,0,0,0,0,0,0,0
1.042915000,0,1,0,0,0,0,1,1,0,0,1,0
1.042993000,0,1,0,0,0,0,1,1,0,0,1,1
1.043493000,0,1,0,0,0,0,1,1,0,0,1,0
1.043910000,0,0,0,0,0,0,0,0,0,0,0,0
1.043915000,1,0,1,0,0,0,1,1,0,0,1,0
1.043993000,1,0,1,0,0,0,1,1,0,0,1,1
1.044493000,1,0,1,0,0,0,1,1,0,0,1,0
1.044910000,0,0,0,0,0,0,0,0,0,0,0,0
1.044915000,1,0,0,1,0,0,1,1,0,0,1,0
1.044993000,1,0,0,1,0,0,1,1,0,0,1,1
1.045493000,1,0,0,1,0,0,1,1,0,0,1,0
1.045910000,0,0,0,0,0,0,0,0,0,0,0,0
1.045915000,1,0,1,1,0,0,1,1,0,0,1,0
1.045993000,1,0,1,1,0,0,1,1,0,0,1,1
1.046493000,1,0,1,1,0,0,1,1,0,0,1,0
1.046910000,0,0,0,0,0,0,0,0,0,0,0,0
1.046915000,0,0,1,1,0,0,1,1,0,0,1,0
1.046993000,0,0,1,1,0,0,1,1,0,0,1,1
1.047493000,0,0,1,1,0,0,1,1,0,0,1,0
1.047910000,0,0,0,0,0,0,0,0,0,0,0,0
1.047915000,0,0,0,0,0,0,1,1,0,0,1,0
1.047993000,0,0,0,0,0,0,1,1,0,0,1,1
1.048493000,0,0,0,0,0,0,1,1,0,0,1,0
1.048910000,0,0,0,0,0,0,0,0,0,0,0,0
1.048915000,0,0,0,1,0,0,1,1,0,0,1,0
1.048993000,0,0,0,1,0,0,1,1,0,0,1,1
1.049493000,0,0,0,1,0,0,1,1,0,0,1,0
1.049910000,0,0,0,0,0,0,0,0,0,0,0,0
1.049915000,0,1,1,1,1,1,0,1,0,0,1,0
1.049993000,0,1,1,1,1,1,0,1,0,0,1,1
1.050493000,0,1,1,1,1,1,0,1,0,0,1,0
1.050909000,0,1,1,1,1,1,0,1,0,0,0,0
1.050910000,0,0,0,0,0,0,0,0,0,0,0,0
1.050915000,1,1,1,1,1,1,0,1,0,0,1,0
1.050993000,1,1,1,1,1,1,0,1,0,0,1,1
1.051493000,1,1,1,1,1,1,0,1,0,0,1,0
1.051909000,1,1,1,1,1,1,0,1,0,0,0,0
1.051910000,0,0,0,0,0,0,0,0,0,0,0,0
1.051915000,1,0,1,1,0,0,1,1,0,0,1,0
1.051993000,1,0,1,1,0,0,1,1,0,0,1,1
1.052493000,1,0,1,1,0,0,1,1,0,0,1,0
1.052909000,1,0,1,1,0,0,1,1,0,0,0,0
1.052910000,0,0,0,0,0,0,0,0,0,0,0,0
1.052915000,0,0,0,0,1,0,1,1,0,0,1,0
1.052993000,0,0,0,0,1,0,1,1,0,0,1,1
1.053493000,0,0,0,0,1,0,1,1,0,0,1,0
1.053909000,0,0,0,0,1,0,1,1,0,0,0,0
1.053910000,0,0,0,0,0,0,0,0,0,0,0,0
1.053915000,0,0,1,1,0,0,1,1,0,0,1,0
1.053993000,0,0,1,1,0,0,1,1,0,0,1,1
1.054493000,0,0,1,1,0,0,1,1,0,0,1,0
1.054909000,0,0,0,0,0,0,0,1,0,0,1,0
1.054910000,0,0,0,0,0,0,0,0,0,0,0,0
1.054915000,1,0,1,1,0,0,1,1,0,0,1,0
1.054993000,1,0,1,1,0,0,1,1,0,0,1,1
1.055493000,1,0,1,1,0,0,1,1,0,0,1,0
1.055909000,0,0,0,0,0,0,0,0,0,0,0,0
1.055915000,1,1,1,0,1,1,0,1,0,0,1,0
1.055993000,1,1,1,0,1,1,0,1,0,0,1,1
1.056493000,1,1,1,0,1,1,0,1,0,0,1,0
1.056909000,0,0,0,0,0,0,0,0,0,0,0,0
1.056915000,0,0,0,0,0,0,1,1,0,0,1,0
1.056993000,0,0,0,0,0,0,1,1,0,0,1,1
1.057493000,0,0,0,0,0,0,1,1,0,0,1,0
1.057909000,0,0,0,0,0,0,0,0,0,0,0,0
1.057915000,0,1,1,1,1,1,0,1,0,0,1,0
1.057993000,0,1,1,1,1,1,0,1,0,0,1,1
1.058493000,0,1,1,1,1,1,0,1,0,0,1,0
1.058909000,0,0,0,0,0,0,0,0,0,0,0,0
1.058915000,1,1,1,1,1,1,0,1,0,0,1,0
1.058993000,1,1,1,1,1,1,0,1,0,0,1,1
1.059493000,1,1,1,1,1,1,0,1,0,0,1,0
1.059909000,0,0,0,0,0,0,0,0,0,0,0,0
1.059915000,0,0,0,0,1,0,1,1,0,0,1,0
1.059993000,0,0,0,0,1,0,1,1,0,0,1,1
1.060493000,0,0,0,0,1,0,1,1,0,0,1,0
1.060909000,0,0,0,0,0,0,0,0,0,0,0,0
1.060915000,1,1,1,1,1,1,0,1,0,0,1,0
1.060993000,1,1,1,1,1,1,0,1,0,0,1,1
1.061493000,1,1,1,1,1,1,0,1,0,0,1,0
1.061909000,0,0,0,0,0,0,0,0,0,0,0,0
1.061915000,1,1,1,1,1,1,0,1,0,0,1,0
1.061993000,1,1,1,1,1,1,0,1,0,0,1,1
1.062493000,1,1,1,1,1,1,0,1,0,0,1,0
1.062909000,1,0,1,1,1,0,0,1,0,0,0,0
1.062910000,0,0,0,0,0,0,0,0,0,0,0,0
1.062914000,0,0,0,0,1,0,1,1,0,0,0,0
1.062915000,0,1,0,0,1,0,1,1,0,0,1,0
1.062993000,0,1,0,0,1,0,1,1,0,0,1,1
1.063493000,0,1,0,0,1,0,1,1,0,0,1,0
1.063909000,0,0,0,0,0,0,0,0,0,0,0,0
1.063914000,0,1,0,0,0,0,1,1,0,0,1,0
1.063993000,0,1,0,0,0,0,1,1,0,0,1,1
1.064493000,0,1,0,0,0,0,1,1,0,0,1,0
1.064909000,0,0,0,0,0,0,0,0,0,0,0,0
1.064914000,0,0,1,0,0,0,1,1,0,0,1,0
1.064915000,0,1,1,0,0,0,1,1,0,0,1,0
1.064993000,0,1,1,0,0,0,1,1,0,0,1,1
1.065493000,0,1,1,0,0,0,1,1,0,0,1,0
1.065909000,0,0,0,0,0,0,0,0,0,0,0,0
1.065914000,1,0,0,1,0,0,1,1,0,0,1,0
1.065993000,1,0,0,1,0,0,1,1,0,0,1,1
1.066493000,1,0,0,1,0,0,1,1,0,0,1,0
1.066909000,0,0,0,0,0,0,0,0,0,0,0,0
1.066914000,0,1,0,0,0,0,1,1,0,0,1,0
1.066993000,0,1,0,0,0,0,1,1,0,0,1,1
1.067493000,0,1,0,0,0,0,1,1,0,0,1,0
1.067909000,0,0,0,0,0,0,0,0,0,0,0,0
1.067914000,1,0,0,1,0,0,1,1,0,0,1,0
1.067993000,1,0,0,1,0,0,1,1,0,0,1,1
1.068493000,1,0,0,1,0,0,1,1,0,0,1,0
1.068909000,0,0,0,0,0,0,0,0,0,0,0,0
1.068914000,1,1,1,1,1,1,0,1,0,0,1,0
1.068993000,1,1,1,1,1,1,0,1,0,0,1,1
1.069493000,1,1,1,1,1,1,0,1,0,0,1,0
1.069909000,0,0,0,0,0,0,0,0,0,0,0,0
1.069914000,0,0,0,0,0,0,1,1,0,0,1,0
1.069993000,0,0,0,0,0,0,1,1,0,0,1,1
1.070493000,0,0,0,0,0,0,1,1,0,0,1,0
1.070909000,0,0,0,0,0,0,0,0,0,0,0,0
1.070914000,0,0,0,1,0,0,1,1,0,0,1,0
1.070993000,0,0,0,1,0,0,1,1,0,0,1,1
1.071493000,0,0,0,1,0,0,1,1,0,0,1,0
1.071909000,0,0,0,0,0,0,0,0,0,0,0,0
1.071914000,1,1,1,1,1,1,0,1,0,0,1,0
1.071993000,1,1,1,1,1,1,0,1,0,0,1,1
1.072493000,1,1,1,1,1,1,0,1,0,0,1,0
1.072909000,0,0,0,0,0,0,0,0,0,0,0,0
1.072914000,0,0,0,0,1,0,1,1,0,0,1,0
1.072993000,0,0,0,0,1,0,1,1,0,0,1,1
1.073493000,0,0,0,0,1,0,1,1,0,0,1,0
1.073909000,0,0,0,0,0,0,0,0,0,0,0,0
1.073914000,1,1,1,1,1,1,0,1,0,0,1,0
1.073993000,1,1,1,1,1,1,0,1,0,0,1,1
1.074493000,1,1,1,1,1,1,0,1,0,0,1,0
1.074909000,0,0,0,0,0,0,0,0,0,0,0,0
1.074914000,1,1,1,0,0,0,1,1,0,0,1,0
1.074993000,1,1,1,0,0,0,1,1,0,0,1,1
1.075493000,1,1,1,0,0,0,1,1,0,0,1,0
1.075909000,0,0,0,0,0,0,0,0,0,0,0,0
1.075914000,1,1,1,1,1,1,0,1,0,0,1,0
1.075993000,1,1,1,1,1,1,0,1,0,0,1,1
1.076493000,1,1,1,1,1,1,0,1,0,0,1,0
1.076909000,0,0,0,0,0,0,0,0,0,0,0,0
1.076914000,0,1,0,1,0,0,1,1,0,0,1,0
1.076993000,0,1,0,1,0,0,1,1,0,0,1,1
1.077493000,0,1,0,1,0,0,1,1,0,0,1,0
1.077909000,0,0,0,0,0,0,0,0,0,0,0,0
1.077914000,0,0,0,0,1,0,1,1,0,0,1,0
1.077993000,0,0,0,0,1,0,1,1,0,0,1,1
1.078493000,0,0,0,0,1,0,1,1,0,0,1,0
1.078909000,0,0,0,0,0,0,0,0,0,0,0,0
1.078914000,0,0,1,0,1,0,1,1,0,0,1,0
1.078993000,0,0,1,0,1,0,1,1,0,0,1,1
1.079493000,0,0,1,0,1,0,1,1,0,0,1,0
1.079909000,0,0,0,0,0,0,0,0,0,0,0,0
1.079914000,1,0,1,1,1,1,0,1,0,0,1,0
1.079993000,1,0,1,1,1,1,0,1,0,0,1,1
1.080493000,1,0,1,1,1,1,0,1,0,0,1,0
1.080909000,0,0,0,0,0,0,0,0,0,0,0,0
1.080914000,1,1,1,1,1,1,0,1,0,0,1,0
1.080993000,1,1,1,1,1,1,0,1,0,0,1,1
1.081493000,1,1,1,1,1,1,0,1,0,0,1,0
1.081909000,0,0,0,0,0,0,0,0,0,0,0,0
1.081914000,1,1,1,1,1,1,0,1,0,0,1,0
1.081993000,1,1,1,1,1,1,0,1,0,0,1,1
1.082493000,1,1,1,1,1,1,0,1,0,0,1,0
1.082909000,0,0,0,0,0,0,0,0,0,0,0,0
1.082914000,1,0,0,1,0,0,1,1,0,0,1,0
1.082993000,1,0,0,1,0,0,1,1,0,0,1,1
1.083493000,1,0,0,1,0,0,1,1,0,0,1,0
1.083909000,0,0,0,0,0,0,0,0,0,0,0,0
1.083914000,0,1,0,0,0,0,1,1,0,0,1,0
1.083993000,0,1,0,0,0,0,1,1,0,0,1,1
1.084493000,0,1,0,0,0,0,1,1,0,0,1,0
1.084909000,0,0,0,0,0,0,0,0,0,0,0,0
1.084914000,1,0,1,1,1,1,0,1,0,0,1,0
1.084993000,1,0,1,1,1,1,0,1,0,0,1,1
1.085493000,1,0,1,1,1,1,0,1,0,0,1,0
1.085909000,0,0,0,0,0,0,0,0,0,0,0,0
1.085914000,0,1,0,0,0,0,1,1,0,0,1,0
1.085993000,0,1,0,0,0,0,1,1,0,0,1,1
1.086493000,0,1,0,0,0,0,1,1,0,0,1,0
1.086909000,0,0,0,0,0,0,0,0,0,0,0,0
1.086914000,1,1,1,0,0,0,1,1,0,0,1,0
1.086993000,1,1,1,0,0,0,1,1,0,0,1,1
1.087493000,1,1,1,0,0,0,1,1,0,0,1,0
1.087909000,0,0,0,0,0,0,0,0,0,0,0,0
1.087914000,0,0,0,1,0,0,1,1,0,0,1,0
1.087993000,0,0,0,1,0,0,1,1,0,0,1,1
1.088493000,0,0,0,1,0,0,1,1,0,0,1,0
1.088909000,0,0,0,0,0,0,0,0,0,0,0,0
1.088914000,0,0,0,0,1,0,1,1,0,0,1,0
1.088993000,0,0,0,0,1,0,1,1,0,0,1,1
1.089493000,0,0,0,0,1,0,1,1,0,0,1,0
1.089909000,0,0,0,0,0,0,0,0,0,0,0,0
1.089914000,1,0,0,1,0,0,1,1,0,0,1,0
1.089993000,1,0,0,1,0,0,1,1,0,0,1,1
1.090493000,1,0,0,1,0,0,1,1,0,0,1,0
1.090909000,0,0,0,0,0,0,0,0,0,0,0,0
1.090914000,0,0,1,1,1,1,0,1,0,0,1,0
1.090993000,0,0,1,1,1,1,0,1,0,0,1,1
1.091493000,0,0,1,1,1,1,0,1,0,0,1,0
1.091909000,0,0,0,0,0,0,0,0,0,0,0,0
1.091914000,0,1,1,0,1,0,1,1,0,0,1,0
1.091993000,0,1,1,0,1,0,1,1,0,0,1,1
1.092493000,0,1,1,0,1,0,1,1,0,0,1,0
1.092909000,0,0,0,0,0,0,0,0,0,0,0,0
1.092914000,1,0,1,1,0,0,1,1,0,0,1,0
1.092993000,1,0,1,1,0,0,1,1,0,0,1,1
1.093493000,1,0,1,1,0,0,1,1,0,0,1,0
1.093909000,0,0,0,0,0,0,0,0,0,0,0,0
1.093914000,1,1,1,1,1,1,0,1,0,0,1,0
1.093993000,1,1,1,1,1,1,0,1,0,0,1,1
1.094493000,1,1,1,1,1,1,0,1,0,0,1,0
1.094909000,0,0,0,0,0,0,0,0,0,0,0,0
1.094914000,0,1,1,1,0,0,1,1,0,0,1,0
1.094993000,0,1,1,1,0,0,1,1,0,0,1,1
1.095493000,0,1,1,1,0,0,1,1,0,0,1,0
1.095909000,0,0,0,0,0,0,0,0,0,0,0,0
1.095914000,0,0,1,0,1,0,1,1,0,0,1,0
1.095993000,0,0,1,0,1,0,1,1,0,0,1,1
1.096493000,0,0,1,0,1,0,1,1,0,0,1,0
1.096909000,0,0,0,0,0,0,0,0,0,0,0,0
1.096914000,0,0,0,1,0,0,1,1,0,0,1,0
1.096992000,0,0,0,1,0,0,1,1,0,0,1,1
1.097492000,0,0,0,1,0,0,1,1,0,0,1,0
1.097909000,0,0,0,0,0,0,0,0,0,0,0,0
1.097914000,1,0,1,0,0,0,1,1,0,0,1,0
1.097992000,1,0,1,0,0,0,1,1,0,0,1,1
1.098492000,1,0,1,0,0,0,1,1,0,0,1,0
1.098909000,0,0,0,0,0,0,0,0,0,0,0,0
1.098914000,0,1,1,1,1,1,0,1,0,0,1,0
1.098992000,0,1,1,1,1,1,0,1,0,0,1,1
1.099492000,0,1,1,1,1,1,0,1,0,0,1,0
1.099909000,0,0,0,0,0,0,0,0,0,0,0,0
1.099914000,0,1,0,1,0,0,1,1,0,0,1,0
1.099992000,0,1,0,1,0,0,1,1,0,0,1,1
1.100492000,0,1,0,1,0,0,1,1,0,0,1,0
1.100909000,0,0,0,0,0,0,0,0,0,0,0,0
1.100914000,1,1,1,0,0,0,1,1,0,0,1,0
1.100992000,1,1,1,0,0,0,1,1,0,0,1,1
1.101492000,1,1,1,0,0,0,1,1,0,0,1,0
1.101909000,0,0,0,0,0,0,0,0,0,0,0,0
1.101914000,1,1,1,1,0,0,1,1,0,0,1,0
1.101992000,1,1,1,1,0,0,1,1,0,0,1,1
1.102492000,1,1,1,1,0,0,1,1,0,0,1,0
1.102909000,0,0,0,0,0,0,0,0,0,0,0,0
1.102914000,1,1,1,1,1,1,0,1,0,0,1,0
1.102992000,1,1,1,1,1,1,0,1,0,0,1,1
1.103492000,1,1,1,1,1,1,0,1,0,0,1,0
1.103909000,0,0,0,0,0,0,0,0,0,0,0,0
1.103914000,1,0,0,1,0,0,1,1,0,0,1,0
1.103992000,1,0,0,1,0,0,1,1,0,0,1,1
1.104492000,1,0,0,1,0,0,1,1,0,0,1,0
1.104909000,0,0,0,0,0,0,0,0,0,0,0,0
1.104914000,1,1,0,0,1,0,1,1,0,0,1,0
1.104992000,1,1,0,0,1,0,1,1,0,0,1,1
1.105492000,1,1,0,0,1,0,1,1,0,0,1,0
1.105909000,0,0,0,0,0,0,0,0,0,0,0,0
1.105914000,1,1,1,1,1,0,1,1,0,0,1,0
1.105992000,1,1,1,1,1,0,1,1,0,0,1,1
1.106492000,1,1,1,1,1,0,1,1,0,0,1,0
1.106909000,0,0,0,0,0,0,0,0,0,0,0,0
1.106914000,1,1,1,1,1,1,0,1,0,0,1,0
1.106992000,1,1,1,1,1,1,0,1,0,0,1,1
1.107492000,1,1,1,1,1,1,0,1,0,0,1,0
1.107909000,0,0,0,0,0,0,0,0,0,0,0,0
1.107914000,0,0,1,1,1,1,0,1,0,0,1,0
1.107992000,0,0,1,1,1,1,0,1,0,0,1,1
1.108492000,0,0,1,1,1,1,0,1,0,0,1,0
1.108909000,0,0,0,0,0,0,0,0,0,0,0,0
1.108914000,1,1,0,1,1,1,0,1,0,0,1,0
1.108992000,1,1,0,1,1,1,0,1,0,0,1,1
1.109492000,1,1,0,1,1,1,0,1,0,0,1,0
1.109909000,0,0,0,0,0,0,0,0,0,0,0,0
1.109914000,0,0,0,0,1,0,1,1,0,0,1,0
1.109992000,0,0,0,0,1,0,1,1,0,0,1,1
1.110492000,0,0,0,0,1,0,1,1,0,0,1,0
1.110909000,0,0,0,0,0,0,0,0,0,0,0,0
1.110914000,0,1,1,1,1,1,0,1,0,0,1,0
1.110992000,0,1,1,1,1,1,0,1,0,0,1,1
1.111492000,0,1,1,1,1,1,0,1,0,0,1,0
1.111909000,0,0,0,0,0,0,0,0,0,0,0,0
1.111914000,1,0,1,0,1,0,1,1,0,0,1,0
1.111992000,1,0,1,0,1,0,1,1,0,0,1,1
1.112492000,1,0,1,0,1,0,1,1,0,0,1,0
1.112909000,0,0,0,0,0,0,0,0,0,0,0,0
1.112914000,1,1,1,1,1,1,0,1,0,0,1,0
1.112992000,1,1,1,1,1,1,0,1,0,0,1,1
1.113492000,1,1,1,1,1,1,0,1,0,0,1,0
1.113909000,0,0,0,0,0,0,0,0,0,0,0,0
1.113914000,0,1,1,0,0,0,1,1,0,0,1,0
1.113992000,0,1,1,0,0,0,1,1,0,0,1,1
1.114492000,0,1,1,0,0,0,1,1,0,0,1,0
1.114909000,0,0,0,0,0,0,0,0,0,0,0,0
1.114914000,1,1,1,1,0,0,1,1,0,0,1,0
1.114992000,1,1,1,1,0,0,1,1,0,0,1,1
1.115492000,1,1,1,1,0,0,1,1,0,0,1,0
1.115909000,0,0,0,0,0,0,0,0,0,0,0,0
1.115914000,1,1,1,1,0,0,1,1,0,0,1,0
1.115992000,1,1,1,1,0,0,1,1,0,0,1,1
1.116492000,1,1,1,1,0,0,1,1,0,0,1,0
1.116909000,0,0,0,0,0,0,0,0,0,0,0,0
1.116914000,0,0,1,0,0,0,1,1,0,0,1,0
1.116992000,0,0,1,0,0,0,1,1,0,0,1,1
1.117492000,0,0,1,0,0,0,1,1,0,0,1,0
1.117909000,0,0,0,0,0,0,0,0,0,0,0,0
1.117914000,1,1,0,1,1,1,0,1,0,0,1,0
1.117992000,1,1,0,1,1,1,0,1,0,0,1,1
1.118492000,1,1,0,1,1,1,0,1,0,0,1,0
1.118909000,0,0,0,0,0,0,0,0,0,0,0,0
1.118914000,0,1,1,0,0,0,1,1,0,0,1,0
1.118992000,0,1,1,0,0,0,1,1,0,0,1,1
1.119492000,0,1,1,0,0,0,1,1,0,0,1,0
1.119909000,0,0,0,0,0,0,0,0,0,0,0,0
1.119914000,0,0,1,0,0,0,1,1,0,0,1,0
1.119992000,0,0,1,0,0,0,1,1,0,0,1,1
1.120492000,0,0,1,0,0,0,1,1,0,0,1,0
1.120909000,0,0,0,0,0,0,0,0,0,0,0,0
1.120914000,1,1,0,1,0,0,1,1,0,0,1,0
1.120992000,1,1,0,1,0,0,1,1,0,0,1,1
1.121492000,1,1,0,1,0,0,1,1,0,0,1,0
1.121909000,0,0,0,0,0,0,0,0,0,0,0,0
1.121914000,0,1,1,1,1,1,0,1,0,0,1,0
1.121992000,0,1,1,1,1,1,0,1,0,0,1,1
1.122492000,0,1,1,1,1,1,0,1,0,0,1,0
1.122909000,0,0,0,0,0,0,0,0,0,0,0,0
1.122914000,1,1,0,0,1,1,0,1,0,0,1,0
1.122992000,1,1,0,0,1,1,0,1,0,0,1,1
1.123492000,1,1,0,0,1,1,0,1,0,0,1,0
1.123909000,0,0,0,0,0,0,0,0,0,0,0,0
1.123914000,0,0,1,1,0,1,0,1,0,0,1,0
1.123992000,0,0,1,1,0,1,0,1,0,0,1,1
1.124492000,0,0,1,1,0,1,0,1,0,0,1,0
1.124909000,0,0,0,0,0,0,0,0,0,0,0,0
1.124914000,1,0,1,0,1,1,0,1,0,0,1,0
1.124992000,1,0,1,0,1,1,0,1,0,0,1,1
1.125492000,1,0,1,0,1,1,0,1,0,0,1,0
1.125909000,0,0,0,0,0,0,0,0,0,0,0,0
1.125914000,1,1,1,1,0,1,0,1,0,0,1,0
1.125992000,1,1,1,1,0,1,0,1,0,0,1,1
1.126492000,1,1,1,1,0,1,0,1,0,0,1,0
1.126909000,0,0,0,0,0,0,0,0,0,0,0,0
1.126914000,1,1,1,1,0,1,0,1,0,0,1,0
1.126992000,1,1,1,1,0,1,0,1,0,0,1,1
1.127492000,1,1,1,1,0,1,0,1,0,0,1,0
1.127909000,0,0,0,0,0,0,0,0,0,0,0,0
1.127914000,0,0,0,0,1,1,0,1,0,0,1,0
1.127992000,0,0,0,0,1,1,0,1,0,0,1,1
1.128492000,0,0,0,0,1,1,0,1,0,0,1,0
1.128909000,0,0,0,0,0,0,0,0,0,0,0,0
1.128914000,1,0,0,0,1,1,0,1,0,0,1,0
1.128992000,1,0,0,0,1,1,0,1,0,0,1,1
1.129492000,1,0,0,0,1,1,0,1,0,0,1,0
1.129909000,0,0,0,0,0,0,0,0,0,0,0,0
1.129914000,1,0,1,1,0,1,0,1,0,0,1,0
1.129992000,1,0,1,1,0,1,0,1,0,0,1,1
1.130492000,1,0,1,1,0,1,0,1,0,0,1,0
1.130909000,0,0,0,0,0,0,0,0,0,0,0,0
1.130914000,0,1,1,0,0,1,0,1,0,0,1,0
1.130992000,0,1,1,0,0,1,0,1,0,0,1,1
1.131492000,0,1,1,0,0,1,0,1,0,0,1,0
1.131909000,0,0,0,0,0,0,0,0,0,0,0,0
1.131914000,1,0,1,0,1,1,0,1,0,0,1,0
1.131992000,1,0,1,0,1,1,0,1,0,0,1,1
1.132492000,1,0,1,0,1,1,0,1,0,0,1,0
1.132909000,0,0,0,0,0,0,0,0,0,0,0,0
1.132914000,0,0,1,0,1,1,0,1,0,0,1,0
1.132992000,0,0,1,0,1,1,0,1,0,0,1,1
1.133492000,0,0,1,0,1,1,0,1,0,0,1,0
1.133909000,0,0,0,0,0,0,0,0,0,0,0,0
1.133914000,0,0,1,0,0,1,0,1,0,0,1,0
1.133992000,0,0,1,0,0,1,0,1,0,0,1,1
1.134492000,0,0,1,0,0,1,0,1,0,0,1,0
1.134909000,0,0,0,0,0,0,0,0,0,0,0,0
1.134914000,0,1,1,1,0,1,0,1,0,0,1,0
1.134992000,0,1,1,1,0,1,0,1,0,0,1,1
1.135492000,0,1,1,1,0,1,0,1,0,0,1,0
1.135909000,0,0,0,0,0,0,0,0,0,0,0,0
1.135914000,0,1,1,1,0,1,0,1,0,0,1,0
1.135992000,0,1,1,1,0,1,0,1,0,0,1,1
1.136492000,0,1,1,1,0,1,0,1,0,0,1,0
1.136909000,0,0,0,0,0,0,0,0,0,0,0,0
1.136914000,0,0,0,1,0,1,0,1,0,0,1,0
1.136992000,0,0,0,1,0,1,0,1,0,0,1,1
1.137492000,0,0,0,1,0,1,0,1,0,0,1,0
1.137909000,0,0,0,0,0,0,0,0,0,0,0,0
1.137914000,0,1,1,1,0,1,0,1,0,0,1,0
1.137992000,0,1,1,1,0,1,0,1,0,0,1,1
1.138492000,0,1,1,1,0,1,0,1,0,0,1,0
1.138909000,0,0,0,0,0,0,0,0,0,0,0,0
1.138914000,0,1,0,0,0,1,0,1,0,0,1,0
1.138992000,0,1,0,0,0,1,0,1,0,0,1,1
1.139492000,0,1,0,0,0,1,0,1,0,0,1,0
1.139909000,0,0,0,0,0,0,0,0,0,0,0,0
1.139914000,0,1,0,1,0,1,0,1,0,0,1,0
1.139992000,0,1,0,1,0,1,0,1,0,0,1,1
1.140492000,0,1,0,1,0,1,0,1,0,0,1,0
1.140909000,0,0,0,0,0,0,0,0,0,0,0,0
1.140914000,0,0,0,1,0,1,0,1,0,0,1,0
1.140992000,0,0,0,1,0,1,0,1,0,0,1,1
1.141492000,0,0,0,1,0,1,0,1,0,0,1,0
1.141909000,0,0,0,0,0,0,0,0,0,0,0,0
1.141914000,0,1,1,1,1,1,0,1,0,0,1,0
1.141992000,0,1,1,1,1,1,0,1,0,0,1,1
1.142492000,0,1,1,1,1,1,0,1,0,0,1,0
1.142909000,0,0,0,0,0,0,0,0,0,0,0,0
1.142914000,1,0,0,1,0,1,0,1,0,0,1,0
1.142992000,1,0,0,1,0,1,0,1,0,0,1,1
1.143492000,1,0,0,1,0,1,0,1,0,0,1,0
1.143909000,0,0,0,0,0,0,0,0,0,0,0,0
1.143914000,0,0,1,0,1,1,0,1,0,0,1,0
1.143992000,0,0,1,0,1,1,0,1,0,0,1,1
1.144492000,0,0,1,0,1,1,0,1,0,0,1,0
1.144909000,0,0,0,0,0,0,0,0,0,0,0,0
1.144914000,1,1,0,1,0,1,0,1,0,0,1,0
1.144992000,1,1,0,1,0,1,0,1,0,0,1,1
1.145492000,1,1,0,1,0,1,0,1,0,0,1,0
1.145909000,0,0,0,0,0,0,0,0,0,0,0,0
1.145914000,1,0,0,0,0,1,0,1,0,0,1,0
1.145992000,1,0,0,0,0,1,0,1,0,0,1,1
1.146492000,1,0,0,0,0,1,0,1,0,0,1,0
1.146909000,0,0,0,0,0,0,0,0,0,0,0,0
1.146914000,0,1,0,0,0,1,0,1,0,0,1,0
1.146992000,0,1,0,0,0,1,0,1,0,0,1,1
1.147492000,0,1,0,0,0,1,0,1,0,0,1,0
1.147909000,0,0,0,0,0,0,0,0,0,0,0,0
1.147914000,1,1,0,1,1,0,0,1,0,0,1,0
1.147992000,1,1,0,1,1,0,0,1,0,0,1,1
1.148492000,1,1,0,1,1,0,0,1,0,0,1,0
1.148909000,0,0,0,0,0,0,0,0,0,0,0,0
1.148914000,1,1,0,0,0,1,0,1,0,0,1,0
1.148992000,1,1,0,0,0,1,0,1,0,0,1,1
1.149492000,1,1,0,0,0,1,0,1,0,0,1,0
1.149909000,0,0,0,0,0,0,0,0,0,0,0,0
1.149914000,1,1,0,1,0,1,0,1,0,0,1,0
1.149992000,1,1,0,1,0,1,0,1,0,0,1,1
1.150492000,1,1,0,1,0,1,0,1,0,0,1,0
1.150909000,0,0,0,0,0,0,0,0,0,0,0,0
1.150914000,1,1,1,1,0,1,0,1,0,0,1,0
1.150992000,1,1,1,1,0,1,0,1,0,0,1,1
1.151492000,1,1,1,1,0,1,0,1,0,0,1,0
1.151909000,0,0,0,0,0,0,0,0,0,0,0,0
1.151914000,0,1,1,1,0,1,0,1,0,0,1,0
1.151992000,0,1,1,1,0,1,0,1,0,0,1,1
1.152492000,0,1,1,1,0,1,0,1,0,0,1,0
1.152909000,0,0,0,0,0,0,0,0,0,0,0,0
1.152914000,1,0,1,1,0,1,0,1,0,0,1,0
1.152992000,1,0,1,1,0,1,0,1,0,0,1,1
1.153492000,1,0,1,1,0,1,0,1,0,0,1,0
1.153909000,0,0,0,0,0,0,0,0,0,0,0,0
1.153914000,1,1,0,1,1,0,0,1,0,0,1,0
1.153992000,1,1,0,1,1,0,0,1,0,0,1,1
1.154492000,1,1,0,1,1,0,0,1,0,0,1,0
1.154909000,0,0,0,0,0,0,0,0,0,0,0,0
1.154914000,0,1,0,1,1,0,0,1,0,0,1,0
1.154992000,0,1,0,1,1,0,0,1,0,0,1,1
1.155492000,0,1,0,1,1,0,0,1,0,0,1,0
1.155909000,0,0,0,0,0,0,0,0,0,0,0,0
1.155914000,1,0,0,1,1,0,0,1,0,0,1,0
1.155992000,1,0,0,1,1,0,0,1,0,0,1,1
1.156492000,1,0,0,1,1,0,0,1,0,0,1,0
1.156909000,0,0,0,0,0,0,0,0,0,0,0,0
1.156914000,1,1,1,0,0,1,0,1,0,0,1,0
1.156992000,1,1,1,0,0,1,0,1,0,0,1,1
1.157492000,1,1,1,0,0,1,0,1,0,0,1,0
1.157909000,0,0,0,0,0,0,0,0,0,0,0,0
1.157914000,1,1,0,1,0,1,0,1,0,0,1,0
1.157992000,1,1,0,1,0,1,0,1,0,0,1,1
1.158492000,1,1,0,1,0,1,0,1,0,0,1,0
1.158909000,0,0,0,0,0,0,0,0,0,0,0,0
1.158914000,0,0,1,1,1,0,0,1,0,0,1,0
1.158992000,0,0,1,1,1,0,0,1,0,0,1,1
1.159492000,0,0,1,1,1,0,0,1,0,0,1,0
1.159909000,0,0,0,0,0,0,0,0,0,0,0,0
1.159914000,1,1,1,0,0,1,0,1,0,0,1,0
1.159992000,1,1,1,0,0,1,0,1,0,0,1,1
1.160492000,1,1,1,0,0,1,0,1,0,0,1,0
1.160909000,0,0,0,0,0,0,0,0,0,0,0,0
1.160914000,0,1,1,0,1,1,0,1,0,0,1,0
1.160992000,0,1,1,0,1,1,0,1,0,0,1,1
1.161492000,0,1,1,0,1,1,0,1,0,0,1,0
1.161909000,0,0,0,0,0,0,0,0,0,0,0,0
1.161914000,1,1,0,1,0,1,0,1,0,0,1,0
1.161992000,1,1,0,1,0,1,0,1,0,0,1,1
1.162492000,1,1,0,1,0,1,0,1,0,0,1,0
1.162909000,0,0,0,0,0,0,0,0,0,0,0,0
1.162914000,0,0,0,0,0,1,0,1,0,0,1,0
1.162992000,0,0,0,0,0,1,0,1,0,0,1,1
1.163492000,0,0,0,0,0,1,0,1,0,0,1,0
1.163909000,0,0,0,0,0,0,0,0,0,0,0,0
1.163914000,1,1,1,1,0,1,0,1,0,0,1,0
1.163992000,1,1,1,1,0,1,0,1,0,0,1,1
1.164492000,1,1,1,1,0,1,0,1,0,0,1,0
1.164909000,0,0,0,0,0,0,0,0,0,0,0,0
1.164914000,1,0,1,1,0,1,0,1,0,0,1,0
1.164992000,1,0,1,1,0,1,0,1,0,0,1,1
1.165492000,1,0,1,1,0,1,0,1,0,0,1,0
1.165909000,0,0,0,0,0,0,0,0,0,0,0,0
1.165914000,1,1,1,1,0,1,0,1,0,0,1,0
1.165992000,1,1,1,1,0,1,0,1,0,0,1,1
1.166492000,1,1,1,1,0,1,0,1,0,0,1,0
1.166909000,0,0,0,0,0,0,0,0,0,0,0,0
1.166914000,0,1,1,1,0,1,0,1,0,0,1,0
1.166992000,0,1,1,1,0,1,0,1,0,0,1,1
1.167492000,0,1,1,1,0,1,0,1,0,0,1,0
1.167909000,0,0,0,0,0,0,0,0,0,0,0,0
1.167914000,0,0,1,0,1,1,0,1,0,0,1,0
1.167992000,0,0,1,0,1,1,0,1,0,0,1,1
1.168492000,0,0,1,0,1,1,0,1,0,0,1,0
1.168909000,0,0,0,0,0,0,0,0,0,0,0,0
1.168914000,0,0,1,1,1,1,0,1,0,0,1,0
1.168992000,0,0,1,1,1,1,0,1,0,0,1,1
1.169492000,0,0,1,1,1,1,0,1,0,0,1,0
1.169909000,0,0,0,0,0,0,0,0,0,0,0,0
1.169914000,1,1,1,1,1,1,0,1,0,0,1,0
1.169992000,1,1,1,1,1,1,0,1,0,0,1,1
1.170492000,1,1,1,1,1,1,0,1,0,0,1,0
1.170909000,0,0,0,0,0,0,0,0,0,0,0,0
1.170914000,1,0,0,0,0,0,1,1,0,0,1,0
1.170992000,1,0,0,0,0,0,1,1,0,0,1,1
1.171492000,1,0,0,0,0,0,1,1,0,0,1,0
1.171909000,0,0,0,0,0,0,0,0,0,0,0,0
1.171914000,0,0,0,0,1,1,0,1,0,0,1,0
1.171992000,0,0,0,0,1,1,0,1,0,0,1,1
1.172492000,0,0,0,0,1,1,0,1,0,0,1,0
1.172909000,0,0,0,0,0,0,0,0,0,0,0,0
1.172914000,0,1,0,1,1,1,0,1,0,0,1,0
1.172992000,0,1,0,1,1,1,0,1,0,0,1,1
1.173492000,0,1,0,1,1,1,0,1,0,0,1,0
1.173909000,0,0,0,0,0,0,0,0,0,0,0,0
1.173914000,0,1,1,0,1,1,0,1,0,0,1,0
1.173992000,0,1,1,0,1,1,0,1,0,0,1,1
1.174492000,0,1,1,0,1,1,0,1,0,0,1,0
1.174909000,0,0,0,0,0,0,0,0,0,0,0,0
1.174914000,1,1,1,1,1,1,0,1,0,0,1,0
1.174992000,1,1,1,1,1,1,0,1,0,0,1,1
1.175492000,1,1,1,1,1,1,0,1,0,0,1,0
1.175909000,0,0,0,0,0,0,0,0,0,0,0,0
1.175914000,1,1,1,1,0,1,0,1,0,0,1,0
1.175992000,1,1,1,1,0,1,0,1,0,0,1,1
1.176492000,1,1,1,1,0,1,0,1,0,0,1,0
1.176909000,0,0,0,0,0,0,0,0,0,0,0,0
1.176914000,1,1,1,0,0,0,1,1,0,0,1,0
1.176992000,1,1,1,0,0,0,1,1,0,0,1,1
1.177492000,1,1,1,0,0,0,1,1,0,0,1,0
1.177909000,0,0,0,0,0,0,0,0,0,0,0,0
1.177914000,1,1,1,1,1,1,0,1,0,0,1,0
1.177992000,1,1,1,1,1,1,0,1,0,0,1,1
1.178492000,1,1,1,1,1,1,0,1,0,0,1,0
1.178909000,0,0,0,0,0,0,0,0,0,0,0,0
1.178914000,0,0,0,1,0,0,1,1,0,0,1,0
1.178992000,0,0,0,1,0,0,1,1,0,0,1,1
1.179492000,0,0,0,1,0,0,1,1,0,0,1,0
1.179909000,0,0,0,0,0,0,0,0,0,0,0,0
1.179914000,1,1,1,1,1,1,0,1,0,0,1,0
1.179992000,1,1,1,1,1,1,0,1,0,0,1,1
1.180492000,1,1,1,1,1,1,0,1,0,0,1,0
1.180909000,0,0,0,0,0,0,0,0,0,0,0,0
1.180914000,1,1,0,0,0,0,1,1,0,0,1,0
1.180992000,1,1,0,0,0,0,1,1,0,0,1,1
1.181492000,1,1,0,0,0,0,1,1,0,0,1,0
1.181909000,0,0,0,0,0,0,0,0,0,0,0,0
1.181914000,1,1,1,1,1,0,1,1,0,0,1,0
1.181992000,1,1,1,1,1,0,1,1,0,0,1,1
1.182492000,1,1,1,1,1,0,1,1,0,0,1,0
1.182909000,0,0,0,0,0,0,0,0,0,0,0,0
1.182914000,1,0,1,0,0,0,1,1,0,0,1,0
1.182992000,1,0,1,0,0,0,1,1,0,0,1,1
1.183492000,1,0,1,0,0,0,1,1,0,0,1,0
1.183909000,0,0,0,0,0,0,0,0,0,0,0,0
1.183914000,1,0,1,0,1,0,1,1,0,0,1,0
1.183992000,1,0,1,0,1,0,1,1,0,0,1,1
1.184492000,1,0,1,0,1,0,1,1,0,0,1,0
1.184909000,0,0,0,0,0,0,0,0,0,0,0,0
1.184914000,0,0,1,1,1,0,1,1,0,0,1,0
1.184992000,0,0,1,1,1,0,1,1,0,0,1,1
1.185492000,0,0,1,1,1,0,1,1,0,0,1,0
1.185909000,0,0,0,0,0,0,0,0,0,0,0,0
1.185914000,0,1,1,1,1,0,1,1,0,0,1,0
1.185992000,0,1,1,1,1,0,1,1,0,0,1,1
1.186492000,0,1,1,1,1,0,1,1,0,0,1,0
1.186909000,0,0,0,0,0,0,0,0,0,0,0,0
1.186914000,1,0,1,0,1,0,1,1,0,0,1,0
1.186992000,1,0,1,0,1,0,1,1,0,0,1,1
1.187492000,1,0,1,0,1,0,1,1,0,0,1,0
1.187909000,0,0,0,0,0,0,0,0,0,0,0,0
1.187914000,0,0,1,1,0,0,1,1,0,0,1,0
1.187992000,0,0,1,1,0,0,1,1,0,0,1,1
1.188492000,0,0,1,1,0,0,1,1,0,0,1,0
1.188909000,0,0,0,0,0,0,0,0,0,0,0,0
1.188914000,0,0,1,0,1,0,1,1,0,0,1,0
1.188992000,0,0,1,0,1,0,1,1,0,0,1,1
1.189492000,0,0,1,0,1,0,1,1,0,0,1,0
1.189909000,0,0,0,0,0,0,0,0,0,0,0,0
1.189914000,0,0,0,1,1,0,1,1,0,0,1,0
1.189992000,0,0,0,1,1,0,1,1,0,0,1,1
1.190492000,0,0,0,1,1,0,1,1,0,0,1,0
1.190909000,0,0,0,0,0,0,0,0,0,0,0,0
1.190914000,0,1,1,1,0,0,1,1,0,0,1,0
1.190992000,0,1,1,1,0,0,1,1,0,0,1,1
1.191492000,0,1,1,1,0,0,1,1,0,0,1,0
1.191909000,0,0,0,0,0,0,0,0,0,0,0,0
1.191914000,1,1,1,1,1,0,1,1,0,0,1,0
1.191992000,1,1,1,1,1,0,1,1,0,0,1,1
1.192492000,1,1,1,1,1,0,1,1,0,0,1,0
1.192909000,0,0,0,0,0,0,0,0,0,0,0,0
1.192914000,1,1,1,1,1,0,1,1,0,0,1,0
1.192992000,1,1,1,1,1,0,1,1,0,0,1,1
1.193492000,1,1,1,1,1,0,1,1,0,0,1,0
1.193909000,0,0,0,0,0,0,0,0,0,0,0,0
1.193914000,1,0,0,1,1,0,1,1,0,0,1,0
1.193992000,1,0,0,1,1,0,1,1,0,0,1,1
1.194492000,1,0,0,1,1,0,1,1,0,0,1,0
1.194909000,0,0,0,0,0,0,0,0,0,0,0,0
1.194914000,1,1,0,1,1,0,1,1,0,0,1,0
1.194992000,1,1,0,1,1,0,1,1,0,0,1,1
1.195492000,1,1,0,1,1,0,1,1,0,0,1,0
1.195908000,1,1,0,1,1,0,1,1,0,0,0,0
1.195909000,0,0,0,0,0,0,0,0,0,0,0,0
1.195914000,1,1,1,1,1,0,1,1,0,0,1,0
1.195992000,1,1,1,1,1,0,1,1,0,0,1,1
1.196492000,1,1,1,1,1,0,1,1,0,0,1,0
1.196908000,1,1,1,1,1,0,1,1,0,0,0,0
1.196909000,0,0,0,0,0,0,0,0,0,0,0,0
1.196914000,0,1,0,1,1,0,1,1,0,0,1,0
1.196992000,0,1,0,1,1,0,1,1,0,0,1,1
1.197492000,0,1,0,1,1,0,1,1,0,0,1,0
1.197908000,0,1,0,1,1,0,1,1,0,0,0,0
1.197909000,0,0,0,0,0,0,0,0,0,0,0,0
1.197914000,0,0,0,1,1,0,1,1,0,0,1,0
1.197992000,0,0,0,1,1,0,1,1,0,0,1,1
1.198492000,0,0,0,1,1,0,1,1,0,0,1,0
1.198908000,0,0,0,1,1,0,1,1,0,0,0,0
1.198909000,0,0,0,0,0,0,0,0,0,0,0,0
1.198914000,0,0,0,1,1,0,1,1,0,0,1,0
1.198992000,0,0,0,1,1,0,1,1,0,0,1,1
1.199492000,0,0,0,1,1,0,1,1,0,0,1,0
1.199908000,0,0,0,0,0,0,0,1,0,0,1,0
1.199909000,0,0,0,0,0,0,0,0,0,0,0,0
1.199914000,1,0,1,1,0,1,1,1,0,0,1,0
1.199992000,1,0,1,1,0,1,1,1,0,0,1,1
1.200492000,1,0,1,1,0,1,1,1,0,0,1,0
1.200908000,0,0,0,0,0,0,0,0,0,0,0,0
1.200914000,1,1,1,0,1,0,1,1,0,0,1,0
1.200992000,1,1,1,0,1,0,1,1,0,0,1,1
1.201492000,1,1,1,0,1,0,1,1,0,0,1,0
1.201908000,0,0,0,0,0,0,0,0,0,0,0,0
1.201914000,1,1,0,1,0,1,1,1,0,0,1,0
1.201992000,1,1,0,1,0,1,1,1,0,0,1,1
1.202492000,1,1,0,1,0,1,1,1,0,0,1,0
1.202908000,0,0,0,0,0,0,0,0,0,0,0,0
1.202914000,0,1,1,1,1,0,1,1,0,0,1,0
1.202992000,0,1,1,1,1,0,1,1,0,0,1,1
1.203492000,0,1,1,1,1,0,1,1,0,0,1,0
1.203908000,0,0,0,0,0,0,0,0,0,0,0,0
1.203914000,0,1,0,1,0,1,1,1,0,0,1,0
1.203992000,0,1,0,1,0,1,1,1,0,0,1,1
1.204492000,0,1,0,1,0,1,1,1,0,0,1,0
1.204908000,0,0,0,0,0,0,0,0,0,0,0,0
1.204914000,1,1,1,1,0,0,1,1,0,0,1,0
1.204992000,1,1,1,1,0,0,1,1,0,0,1,1
1.205492000,1,1,1,1,0,0,1,1,0,0,1,0
1.205908000,0,0,0,0,0,0,0,0,0,0,0,0
1.205913000,0,0,0,0,0,0,1,0,0,0,0,0
1.205914000,1,0,1,0,0,1,1,1,0,0,1,0
1.205992000,1,0,1,0,0,1,1,1,0,0,1,1
1.206492000,1,0,1,0,0,1,1,1,0,0,1,0
1.206908000,0,0,0,0,0,0,0,0,0,0,0,0
1.206913000,0,0,0,0,0,0,1,1,0,0,0,0
1.206914000,1,1,0,1,0,1,1,1,0,0,1,0
1.206992000,1,1,0,1,0,1,1,1,0,0,1,1
1.207492000,1,1,0,1,0,1,1,1,0,0,1,0
1.207908000,0,0,0,0,0,0,1,0,0,0,0,0
1.207909000,0,0,0,0,0,0,0,0,0,0,0,0
1.207913000,0,0,0,0,0,0,1,1,0,0,0,0
1.207914000,1,1,1,1,1,0,1,1,0,0,1,0
1.207992000,1,1,1,1,1,0,1,1,0,0,1,1
1.208492000,1,1,1,1,1,0,1,1,0,0,1,0
1.208908000,1,0,1,1,1,0,1,1,0,0,0,0
1.208909000,0,0,0,0,0,0,0,0,0,0,0,0
1.208913000,0,0,0,1,0,1,1,1,0,0,0,0
1.208914000,1,0,0,1,0,1,1,1,0,0,1,0
1.208992000,1,0,0,1,0,1,1,1,0,0,1,1
1.209492000,1,0,0,1,0,1,1,1,0,0,1,0
1.209908000,0,0,0,0,0,0,0,0,0,0,0,0
1.209913000,0,0,1,1,1,0,1,1,0,0,0,0
1.209914000,1,0,1,1,1,0,1,1,0,0,1,0
1.209992000,1,0,1,1,1,0,1,1,0,0,1,1
1.210492000,1,0,1,1,1,0,1,1,0,0,1,0
1.210908000,0,0,0,0,0,0,0,0,0,0,0,0
1.210913000,0,0,1,1,1,0,1,1,0,0,1,0
1.210914000,1,1,1,1,1,0,1,1,0,0,1,0
1.210992000,1,1,1,1,1,0,1,1,0,0,1,1
1.211492000,1,1,1,1,1,0,1,1,0,0,1,0
1.211908000,0,0,0,0,0,0,0,0,0,0,0,0
1.211913000,0,0,1,1,1,0,1,1,0,0,1,0
1.211914000,1,1,1,1,1,0,1,1,0,0,1,0
1.211992000,1,1,1,1,1,0,1,1,0,0,1,1
1.212492000,1,1,1,1,1,0,1,1,0,0,1,0
1.212908000,0,0,0,0,0,0,0,0,0,0,0,0
1.212913000,1,0,1,0,0,0,1,1,0,0,1,0
1.212992000,1,0,1,0,0,0,1,1,0,0,1,1
1.213492000,1,0,1,0,0,0,1,1,0,0,1,0
1.213908000,0,0,0,0,0,0,0,0,0,0,0,0
1.213913000,1,0,0,0,1,0,1,1,0,0,1,0
1.213992000,1,0,0,0,1,0,1,1,0,0,1,1
1.214492000,1,0,0,0,1,0,1,1,0,0,1,0
1.214908000,0,0,0,0,0,0,0,0,0,0,0,0
1.214913000,1,0,1,1,1,0,1,1,0,0,1,0
1.214992000,1,0,1,1,1,0,1,1,0,0,1,1
1.215492000,1,0,1,1,1,0,1,1,0,0,1,0
1.215908000,0,0,0,0,0,0,0,0,0,0,0,0
1.215913000,0,0,0,0,1,0,1,1,0,0,1,0
1.215992000,0,0,0,0,1,0,1,1,0,0,1,1
1.216492000,0,0,0,0,1,0,1,1,0,0,1,0
1.216908000,0,0,0,0,0,0,0,0,0,0,0,0
1.216913000,1,1,1,1,1,1,0,1,0,0,1,0
1.216992000,1,1,1,1,1,1,0,1,0,0,1,1
1.217492000,1,1,1,1,1,1,0,1,0,0,1,0
1.217908000,0,0,0,0,0,0,0,0,0,0,0,0
1.217913000,0,0,0,0,1,0,1,1,0,0,1,0
1.217992000,0,0,0,0,1,0,1,1,0,0,1,1
1.218492000,0,0,0,0,1,0,1,1,0,0,1,0
1.218908000,0,0,0,0,0,0,0,0,0,0,0,0
1.218913000,1,1,0,1,1,1,0,1,0,0,1,0
1.218992000,1,1,0,1,1,1,0,1,0,0,1,1
1.219492000,1,1,0,1,1,1,0,1,0,0,1,0
1.219908000,0,0,0,0,0,0,0,0,0,0,0,0
1.219913000,0,0,1,0,0,0,1,1,0,0,1,0
1.219992000,0,0,1,0,0,0,1,1,0,0,1,1
1.220492000,0,0,1,0,0,0,1,1,0,0,1,0
1.220908000,0,0,0,0,0,0,0,0,0,0,0,0
1.220913000,1,0,0,0,1,0,1,1,0,0,1,0
1.220992000,1,0,0,0,1,0,1,1,0,0,1,1
1.221492000,1,0,0,0,1,0,1,1,0,0,1,0
1.221908000,0,0,0,0,0,0,0,0,0,0,0,0
1.221913000,0,0,1,1,0,0,1,1,0,0,1,0
1.221992000,0,0,1,1,0,0,1,1,0,0,1,1
1.222492000,0,0,1,1,0,0,1,1,0,0,1,0
1.222908000,0,0,0,0,0,0,0,0,0,0,0,0
1.222913000,1,0,1,0,0,0,1,1,0,0,1,0
1.222992000,1,0,1,0,0,0,1,1,0,0,1,1
1.223492000,1,0,1,0,0,0,1,1,0,0,1,0
1.223908000,0,0,0,0,0,0,0,0,0,0,0,0
1.223913000,1,1,1,1,1,1,0,1,0,0,1,0
1.223992000,1,1,1,1,1,1,0,1,0,0,1,1
1.224492000,1,1,1,1,1,1,0,1,0,0,1,0
1.224908000,0,0,0,0,0,0,0,0,0,0,0,0
1.224913000,0,0,0,1,0,0,1,1,0,0,1,0
1.224992000,0,0,0,1,0,0,1,1,0,0,1,1
1.225492000,0,0,0,1,0,0,1,1,0,0,1,0
1.225908000,0,0,0,0,0,0,0,0,0,0,0,0
1.225913000,0,1,1,0,0,0,1,1,0,0,1,0
1.225992000,0,1,1,0,0,0,1,1,0,0,1,1
1.226492000,0,1,1,0,0,0,1,1,0,0,1,0
1.226908000,0,0,0,0,0,0,0,0,0,0,0,0
1.226913000,0,0,0,0,0,0,1,1,0,0,1,0
1.226992000,0,0,0,0,0,0,1,1,0,0,1,1
1.227492000,0,0,0,0,0,0,1,1,0,0,1,0
1.227908000,0,0,0,0,0,0,0,0,0,0,0,0
1.227913000,0,1,0,1,1,1,0,1,0,0,1,0
1.227992000,0,1,0,1,1,1,0,1,0,0,1,1
1.228492000,0,1,0,1,1,1,0,1,0,0,1,0
1.228908000,0,0,0,0,0,0,0,0,0,0,0,0
1.228913000,0,1,0,1,0,0,1,1,0,0,1,0
1.228992000,0,1,0,1,0,0,1,1,0,0,1,1
1.229492000,0,1,0,1,0,0,1,1,0,0,1,0
1.229908000,0,0,0,0,0,0,0,0,0,0,0,0
1.229913000,0,0,0,0,0,0,1,1,0,0,1,0
1.229992000,0,0,0,0,0,0,1,1,0,0,1,1
1.230492000,0,0,0,0,0,0,1,1,0,0,1,0
1.230908000,0,0,0,0,0,0,0,0,0,0,0,0
1.230913000,1,1,1,0,1,1,0,1,0,0,1,0
1.230992000,1,1,1,0,1,1,0,1,0,0,1,1
1.231492000,1,1,1,0,1,1,0,1,0,0,1,0
1.231908000,0,0,0,0,0,0,0,0,0,0,0,0
1.231913000,0,1,1,0,1,1,0,1,0,0,1,0
1.231992000,0,1,1,0,1,1,0,1,0,0,1,1
1.232492000,0,1,1,0,1,1,0,1,0,0,1,0
1.232908000,0,0,0,0,0,0,0,0,0,0,0,0
1.232913000,1,1,0,1,1,1,0,1,0,0,1,0
1.232992000,1,1,0,1,1,1,0,1,0,0,1,1
1.233492000,1,1,0,1,1,1,0,1,0,0,1,0
1.233908000,0,0,0,0,0,0,0,0,0,0,0,0
1.233913000,0,0,1,0,0,0,1,1,0,0,1,0
1.233992000,0,0,1,0,0,0,1,1,0,0,1,1
1.234492000,0,0,1,0,0,0,1,1,0,0,1,0
1.234908000,0,0,0,0,0,0,0,0,0,0,0,0
1.234913000,1,1,1,0,0,1,0,1,0,0,1,0
1.234992000,1,1,1,0,0,1,0,1,0,0,1,1
1.235492000,1,1,1,0,0,1,0,1,0,0,1,0
1.235908000,0,0,0,0,0,0,0,0,0,0,0,0
1.235913000,1,0,1,1,1,1,0,1,0,0,1,0
1.235992000,1,0,1,1,1,1,0,1,0,0,1,1
1.236492000,1,0,1,1,1,1,0,1,0,0,1,0
1.236908000,0,0,0,0,0,0,0,0,0,0,0,0
1.236913000,1,1,1,1,0,1,0,1,0,0,1,0
1.236992000,1,1,1,1,0,1,0,1,0,0,1,1
1.237492000,1,1,1,1,0,1,0,1,0,0,1,0
1.237908000,0,0,0,0,0,0,0,0,0,0,0,0
1.237913000,1,1,0,0,1,1,0,1,0,0,1,0
1.237992000,1,1,0,0,1,1,0,1,0,0,1,1
1.238492000,1,1,0,0,1,1,0,1,0,0,1,0
1.238908000,0,0,0,0,0,0,0,0,0,0,0,0
1.238913000,1,1,1,1,0,1,0,1,0,0,1,0
1.238992000,1,1,1,1,0,1,0,1,0,0,1,1
1.239492000,1,1,1,1,0,1,0,1,0,0,1,0
1.239908000,0,0,0,0,0,0,0,0,0,0,0,0
1.239913000,0,1,0,1,1,1,0,1,0,0,1,0
1.239992000,0,1,0,1,1,1,0,1,0,0,1,1
1.240492000,0,1,0,1,1,1,0,1,0,0,1,0
1.240908000,0,0,0,0,0,0,0,0,0,0,0,0
1.240913000,0,1,1,1,0,1,0,1,0,0,1,0
1.240992000,0,1,1,1,0,1,0,1,0,0,1,1
1.241492000,0,1,1,1,0,1,0,1,0,0,1,0
1.241908000,0,0,0,0,0,0,0,0,0,0,0,0
1.241913000,0,0,1,1,1,1,0,1,0,0,1,0
1.241991000,0,0,1,1,1,1,0,1,0,0,1,1
1.242491000,0,0,1,1,1,1,0,1,0,0,1,0
1.242908000,0,0,0,0,0,0,0,0,0,0,0,0
1.242913000,1,0,0,0,1,1,0,1,0,0,1,0
1.242991000,1,0,0,0,1,1,0,1,0,0,1,1
1.243491000,1,0,0,0,1,1,0,1,0,0,1,0
1.243908000,0,0,0,0,0,0,0,0,0,0,0,0
1.243913000,1,0,1,0,0,1,0,1,0,0,1,0
1.243991000,1,0,1,0,0,1,0,1,0,0,1,1
1.244491000,1,0,1,0,0,1,0,1,0,0,1,0
1.244908000,0,0,0,0,0,0,0,0,0,0,0,0
1.244913000,0,1,0,0,1,1,0,1,0,0,1,0
1.244991000,0,1,0,0,1,1,0,1,0,0,1,1
1.245491000,0,1,0,0,1,1,0,1,0,0,1,0
1.245908000,0,0,0,0,0,0,0,0,0,0,0,0
1.245913000,0,1,0,1,0,1,0,1,0,0,1,0
1.245991000,0,1,0,1,0,1,0,1,0,0,1,1
1.246491000,0,1,0,1,0,1,0,1,0,0,1,0
1.246908000,0,0,0,0,0,0,0,0,0,0,0,0
1.246913000,1,0,1,0,1,1,0,1,0,0,1,0
1.246991000,1,0,1,0,1,1,0,1,0,0,1,1
1.247491000,1,0,1,0,1,1,0,1,0,0,1,0
1.247908000,0,0,0,0,0,0,0,0,0,0,0,0
1.247913000,1,1,1,0,0,1,0,1,0,0,1,0
1.247991000,1,1,1,0,0,1,0,1,0,0,1,1
1.248491000,1,1,1,0,0,1,0,1,0,0,1,0
1.248908000,0,0,0,0,0,0,0,0,0,0,0,0
1.248913000,0,0,0,0,1,1,0,1,0,0,1,0
1.248991000,0,0,0,0,1,1,0,1,0,0,1,1
1.249491000,0,0,0,0,1,1,0,1,0,0,1,0
1.249908000,0,0,0,0,0,0,0,0,0,0,0,0
1.249913000,0,1,1,1,0,1,0,1,0,0,1,0
1.249991000,0,1,1,1,0,1,0,1,0,0,1,1
1.250491000,0,1,1,1,0,1,0,1,0,0,1,0
1.250908000,0,0,0,0,0,0,0,0,0,0,0,0
1.250913000,0,1,1,1,1,1,0,1,0,0,1,0
1.250991000,0,1,1,1,1,1,0,1,0,0,1,1
1.251491000,0,1,1,1,1,1,0,1,0,0,1,0
1.251908000,0,0,0,0,0,0,0,0,0,0,0,0
1.251913000,0,0,1,1,0,1,0,1,0,0,1,0
1.251991000,0,0,1,1,0,1,0,1,0,0,1,1
1.252491000,0,0,1,1,0,1,0,1,0,0,1,0
1.252908000,0,0,0,0,0,0,0,0,0,0,0,0
1.252913000,1,1,0,1,1,1,0,1,0,0,1,0
1.252991000,1,1,0,1,1,1,0,1,0,0,1,1
1.253491000,1,1,0,1,1,1,0,1,0,0,1,0
1.253908000,0,0,0,0,0,0,0,0,0,0,0,0
1.253913000,1,0,0,1,1,1,0,1,0,0,1,0
1.253991000,1,0,0,1,1,1,0,1,0,0,1,1
1.254491000,1,0,0,1,1,1,0,1,0,0,1,0
1.254908000,0,0,0,0,0,0,0,0,0,0,0,0
1.254913000,0,1,1,1,1,1,0,1,0,0,1,0
1.254991000,0,1,1,1,1,1,0,1,0,0,1,1
1.255491000,0,1,1,1,1,1,0,1,0,0,1,0
1.255908000,0,0,0,0,0,0,0,0,0,0,0,0
1.255913000,1,1,1,1,1,1,0,1,0,0,1,0
1.255991000,1,1,1,1,1,1,0,1,0,0,1,1
1.256491000,1,1,1,1,1,1,0,1,0,0,1,0
1.256908000,0,0,0,0,0,0,0,0,0,0,0,0
1.256913000,1,1,1,1,0,1,0,1,0,0,1,0
1.256991000,1,1,1,1,0,1,0,1,0,0,1,1
1.257491000,1,1,1,1,0,1,0,1,0,0,1,0
1.257908000,0,0,0,0,0,0,0,0,0,0,0,0
1.257913000,1,1,0,1,1,1,0,1,0,0,1,0
1.257991000,1,1,0,1,1,1,0,1,0,0,1,1
1.258491000,1,1,0,1,1,1,0,1,0,0,1,0
1.258908000,0,0,0,0,0,0,0,0,0,0,0,0
1.258913000,1,0,0,0,1,1,0,1,0,0,1,0
1.258991000,1,0,0,0,1,1,0,1,0,0,1,1
1.259491000,1,0,0,0,1,1,0,1,0,0,1,0
1.259908000,0,0,0,0,0,0,0,0,0,0,0,0
1.259913000,0,0,1,0,0,0,1,1,0,0,1,0
1.259991000,0,0,1,0,0,0,1,1,0,0,1,1
1.260491000,0,0,1,0,0,0,1,1,0,0,1,0
1.260908000,0,0,0,0,0,0,0,0,0,0,0,0
1.260913000,1,1,1,1,1,1,0,1,0,0,1,0
1.260991000,1,1,1,1,1,1,0,1,0,0,1,1
1.261491000,1,1,1,1,1,1,0,1,0,0,1,0
1.261908000,0,0,0,0,0,0,0,0,0,0,0,0
1.261913000,0,0,1,1,1,1,0,1,0,0,1,0
1.261991000,0,0,1,1,1,1,0,1,0,0,1,1
1.262491000,0,0,1,1,1,1,0,1,0,0,1,0
1.262908000,0,0,0,0,0,0,0,0,0,0,0,0
1.262913000,1,1,1,1,0,1,0,1,0,0,1,0
1.262991000,1,1,1,1,0,1,0,1,0,0,1,1
1.263491000,1,1,1,1,0,1,0,1,0,0,1,0
1.263908000,0,0,0,0,0,0,0,0,0,0,0,0
1.263913000,1,0,0,1,0,0,1,1,0,0,1,0
1.263991000,1,0,0,1,0,0,1,1,0,0,1,1
1.264491000,1,0,0,1,0,0,1,1,0,0,1,0
1.264908000,0,0,0,0,0,0,0,0,0,0,0,0
1.264913000,1,1,0,1,0,1,0,1,0,0,1,0
1.264991000,1,1,0,1,0,1,0,1,0,0,1,1
1.265491000,1,1,0,1,0,1,0,1,0,0,1,0
1.265908000,0,0,0,0,0,0,0,0,0,0,0,0
1.265913000,1,1,1,1,1,1,0,1,0,0,1,0
1.265991000,1,1,1,1,1,1,0,1,0,0,1,1
1.266491000,1,1,1,1,1,1,0,1,0,0,1,0
1.266908000,0,0,0,0,0,0,0,0,0,0,0,0
1.266913000,0,0,0,1,0,0,1,1,0,0,1,0
1.266991000,0,0,0,1,0,0,1,1,0,0,1,1
1.267491000,0,0,0,1,0,0,1,1,0,0,1,0
1.267908000,0,0,0,0,0,0,0,0,0,0,0,0
1.267913000,0,0,1,1,1,1,0,1,0,0,1,0
1.267991000,0,0,1,1,1,1,0,1,0,0,1,1
1.268491000,0,0,1,1,1,1,0,1,0,0,1,0
1.268908000,0,0,0,0,0,0,0,0,0,0,0,0
1.268913000,0,1,1,1,1,1,0,1,0,0,1,0
1.268991000,0,1,1,1,1,1,0,1,0,0,1,1
1.269491000,0,1,1,1,1,1,0,1,0,0,1,0
1.269908000,0,0,0,0,0,0,0,0,0,0,0,0
1.269913000,0,1,1,0,0,0,1,1,0,0,1,0
1.269991000,0,1,1,0,0,0,1,1,0,0,1,1
1.270491000,0,1,1,0,0,0,1,1,0,0,1,0
1.270908000,0,0,0,0,0,0,0,0,0,0,0,0
1.270913000,0,0,0,0,0,0,1,1,0,0,1,0
1.270991000,0,0,0,0,0,0,1,1,0,0,1,1
1.271491000,0,0,0,0,0,0,1,1,0,0,1,0
1.271908000,0,0,0,0,0,0,0,0,0,0,0,0
1.271913000,0,1,0,1,0,0,1,1,0,0,1,0
1.271991000,0,1,0,1,0,0,1,1,0,0,1,1
1.272491000,0,1,0,1,0,0,1,1,0,0,1,0
1.272908000,0,0,0,0,0,0,0,0,0,0,0,0
1.272913000,1,1,1,0,0,0,1,1,0,0,1,0
1.272991000,1,1,1,0,0,0,1,1,0,0,1,1
1.273491000,1,1,1,0,0,0,1,1,0,0,1,0
1.273908000,0,0,0,0,0,0,0,0,0,0,0,0
1.273913000,0,0,0,0,0,1,1,1,0,0,1,0
1.273991000,0,0,0,0,0,1,1,1,0,0,1,1
1.274491000,0,0,0,0,0,1,1,1,0,0,1,0
1.274908000,0,0,0,0,0,0,0,0,0,0,0,0
1.274913000,0,1,0,0,1,0,1,1,0,0,1,0
1.274991000,0,1,0,0,1,0,1,1,0,0,1,1
1.275491000,0,1,0,0,1,0,1,1,0,0,1,0
1.275908000,0,0,0,0,0,0,0,0,0,0,0,0
1.275913000,0,0,1,0,1,0,1,1,0,0,1,0
1.275991000,0,0,1,0,1,0,1,1,0,0,1,1
1.276491000,0,0,1,0,1,0,1,1,0,0,1,0
1.276908000,0,0,0,0,0,0,0,0,0,0,0,0
1.276913000,1,1,1,1,0,0,1,1,0,0,1,0
1.276991000,1,1,1,1,0,0,1,1,0,0,1,1
1.277491000,1,1,1,1,0,0,1,1,0,0,1,0
1.277908000,0,0,0,0,0,0,0,0,0,0,0,0
1.277913000,0,0,1,0,1,0,1,1,0,0,1,0
1.277991000,0,0,1,0,1,0,1,1,0,0,1,1
1.278491000,0,0,1,0,1,0,1,1,0,0,1,0
1.278908000,0,0,0,0,0,0,0,0,0,0,0,0
1.278913000,1,1,0,1,0,1,1,1,0,0,1,0
1.278991000,1,1,0,1,0,1,1,1,0,0,1,1
1.279491000,1,1,0,1,0,1,1,1,0,0,1,0
1.279908000,0,0,0,0,0,0,0,0,0,0,0,0
1.279913000,1,1,1,0,1,0,1,1,0,0,1,0
1.279991000,1,1,1,0,1,0,1,1,0,0,1,1
1.280491000,1,1,1,0,1,0,1,1,0,0,1,0
1.280908000,0,0,0,0,0,0,0,0,0,0,0,0
1.280913000,1,0,0,1,1,0,1,1,0,0,1,0
1.280991000,1,0,0,1,1,0,1,1,0,0,1,1
1.281491000,1,0,0,1,1,0,1,1,0,0,1,0
1.281908000,0,0,0,0,0,0,0,0,0,0,0,0
1.281913000,1,1,0,1,1,0,1,1,0,0,1,0
1.281991000,1,1,0,1,1,0,1,1,0,0,1,1
1.282491000,1,1,0,1,1,0,1,1,0,0,1,0
1.282908000,0,0,0,0,0,0,0,0,0,0,0,0
1.282913000,1,1,1,0,1,0,1,1,0,0,1,0
1.282991000,1,1,1,0,1,0,1,1,0,0,1,1
1.283491000,1,1,1,0,1,0,1,1,0,0,1,0
1.283908000,0,0,0,0,0,0,0,0,0,0,0,0
1.283913000,1,1,0,1,1,0,1,1,0,0,1,0
1.283991000,1,1,0,1,1,0,1,1,0,0,1,1
1.284491000,1,1,0,1,1,0,1,1,0,0,1,0
1.284908000,0,0,0,0,0,0,0,0,0,0,0,0
1.284913000,1,0,1,0,1,0,1,1,0,0,1,0
1.284991000,1,0,1,0,1,0,1,1,0,0,1,1
1.285491000,1,0,1,0,1,0,1,1,0,0,1,0
1.285908000,0,0,0,0,0,0,0,0,0,0,0,0
1.285913000,0,1,1,1,1,0,1,1,0,0,1,0
1.285991000,0,1,1,1,1,0,1,1,0,0,1,1
1.286491000,0,1,1,1,1,0,1,1,0,0,1,0
1.286908000,0,0,0,0,0,0,0,0,0,0,0,0
1.286913000,1,1,1,0,1,0,1,1,0,0,1,0
1.286991000,1,1,1,0,1,0,1,1,0,0,1,1
1.287491000,1,1,1,0,1,0,1,1,0,0,1,0
1.287908000,0,0,0,0,0,0,0,0,0,0,0,0
1.287913000,0,0,1,1,0,0,1,1,0,0,1,0
1.287991000,0,0,1,1,0,0,1,1,0,0,1,1
1.288491000,0,0,1,1,0,0,1,1,0,0,1,0
1.288908000,0,0,0,0,0,0,0,0,0,0,0,0
1.288913000,1,0,0,0,1,0,1,1,0,0,1,0
1.288991000,1,0,0,0,1,0,1,1,0,0,1,1
1.289491000,1,0,0,0,1,0,1,1,0,0,1,0
1.289908000,0,0,0,0,0,0,0,0,0,0,0,0
1.289913000,1,0,1,0,0,1,1,1,0,0,1,0
1.289991000,1,0,1,0,0,1,1,1,0,0,1,1
1.290491000,1,0,1,0,0,1,1,1,0,0,1,0
1.290908000,0,0,0,0,0,0,0,0,0,0,0,0
1.290913000,1,1,1,1,1,0,1,1,0,0,1,0
1.290991000,1,1,1,1,1,0,1,1,0,0,1,1
1.291491000,1,1,1,1,1,0,1,1,0,0,1,0
1.291908000,0,0,0,0,0,0,0,0,0,0,0,0
1.291913000,1,1,1,0,1,0,1,1,0,0,1,0
1.291991000,1,1,1,0,1,0,1,1,0,0,1,1
1.292491000,1,1,1,0,1,0,1,1,0,0,1,0
1.292908000,0,0,0,0,0,0,0,0,0,0,0,0
1.292913000,0,0,0,0,1,0,1,1,0,0,1,0
1.292991000,0,0,0,0,1,0,1,1,0,0,1,1
1.293491000,0,0,0,0,1,0,1,1,0,0,1,0
1.293908000,0,0,0,0,0,0,0,0,0,0,0,0
1.293913000,1,0,1,0,1,0,1,1,0,0,1,0
1.293991000,1,0,1,0,1,0,1,1,0,0,1,1
1.294491000,1,0,1,0,1,0,1,1,0,0,1,0
1.294908000,0,0,0,0,0,0,0,0,0,0,0,0
1.294913000,1,1,1,1,1,0,1,1,0,0,1,0
1.294991000,1,1,1,1,1,0,1,1,0,0,1,1
1.295491000,1,1,1,1,1,0,1,1,0,0,1,0
1.295908000,0,0,0,0,0,0,0,0,0,0,0,0
1.295913000,0,1,1,0,1,0,1,1,0,0,1,0
1.295991000,0,1,1,0,1,0,1,1,0,0,1,1
1.296491000,0,1,1,0,1,0,1,1,0,0,1,0
1.296908000,0,0,0,0,0,0,0,0,0,0,0,0
1.296913000,0,1,1,0,1,0,1,1,0,0,1,0
1.296991000,0,1,1,0,1,0,1,1,0,0,1,1
1.297491000,0,1,1,0,1,0,1,1,0,0,1,0
1.297908000,0,0,0,0,0,0,0,0,0,0,0,0
1.297913000,1,1,1,1,1,0,1,1,0,0,1,0
1.297991000,1,1,1,1,1,0,1,1,0,0,1,1
1.298491000,1,1,1,1,1,0,1,1,0,0,1,0
1.298908000,0,0,0,0,0,0,0,0,0,0,0,0
1.298913000,0,1,1,1,1,0,1,1,0,0,1,0
1.298991000,0,1,1,1,1,0,1,1,0,0,1,1
1.299491000,0,1,1,1,1,0,1,1,0,0,1,0
1.299908000,0,0,0,0,0,0,0,0,0,0,0,0
1.299913000,1,1,1,1,0,0,1,1,0,0,1,0
1.299991000,1,1,1,1,0,0,1,1,0,0,1,1
1.300491000,1,1,1,1,0,0,1,1,0,0,1,0
1.300908000,0,0,0,0,0,0,0,0,0,0,0,0
1.300913000,0,0,0,0,1,0,1,1,0,0,1,0
1.300991000,0,0,0,0,1,0,1,1,0,0,1,1
1.301491000,0,0,0,0,1,0,1,1,0,0,1,0
1.301908000,0,0,0,0,0,0,0,0,0,0,0,0
1.301913000,1,1,1,1,1,1,0,1,0,0,1,0
1.301991000,1,1,1,1,1,1,0,1,0,0,1,1
1.302491000,1,1,1,1,1,1,0,1,0,0,1,0
1.302908000,0,0,0,0,0,0,0,0,0,0,0,0
1.302913000,0,0,0,1,1,0,1,1,0,0,1,0
1.302991000,0,0,0,1,1,0,1,1,0,0,1,1
1.303491000,0,0,0,1,1,0,1,1,0,0,1,0
1.303908000,0,0,0,0,0,0,0,0,0,0,0,0
1.303913000,1,0,1,0,1,0,1,1,0,0,1,0
1.303991000,1,0,1,0,1,0,1,1,0,0,1,1
1.304491000,1,0,1,0,1,0,1,1,0,0,1,0
1.304908000,0,0,0,0,0,0,0,0,0,0,0,0
1.304913000,0,1,1,0,1,0,1,1,0,0,1,0
1.304991000,0,1,1,0,1,0,1,1,0,0,1,1
1.305491000,0,1,1,0,1,0,1,1,0,0,1,0
1.305908000,0,0,0,0,0,0,0,0,0,0,0,0
1.305913000,1,1,1,1,1,0,1,1,0,0,1,0
1.305991000,1,1,1,1,1,0,1,1,0,0,1,1
1.306491000,1,1,1,1,1,0,1,1,0,0,1,0
1.306908000,0,0,0,0,0,0,0,0,0,0,0,0
1.306913000,1,0,1,1,1,1,0,1,0,0,1,0
1.306991000,1,0,1,1,1,1,0,1,0,0,1,1
1.307491000,1,0,1,1,1,1,0,1,0,0,1,0
1.307908000,0,0,0,0,0,0,0,0,0,0,0,0
1.307913000,1,0,0,1,1,0,1,1,0,0,1,0
1.307991000,1,0,0,1,1,0,1,1,0,0,1,1
1.308491000,1,0,0,1,1,0,1,1,0,0,1,0
1.308908000,0,0,0,0,0,0,0,0,0,0,0,0
1.308913000,1,1,0,1,0,0,1,1,0,0,1,0
1.308991000,1,1,0,1,0,0,1,1,0,0,1,1
1.309491000,1,1,0,1,0,0,1,1,0,0,1,0
1.309908000,0,0,0,0,0,0,0,0,0,0,0,0
1.309913000,1,1,1,1,1,1,0,1,0,0,1,0
1.309991000,1,1,1,1,1,1,0,1,0,0,1,1
1.310491000,1,1,1,1,1,1,0,1,0,0,1,0
1.310908000,0,0,0,0,0,0,0,0,0,0,0,0
1.310913000,1,1,1,1,1,1,0,1,0,0,1,0
1.310991000,1,1,1,1,1,1,0,1,0,0,1,1
1.311491000,1,1,1,1,1,1,0,1,0,0,1,0
1.311908000,0,0,0,0,0,0,0,0,0,0,0,0
1.311913000,1,1,1,1,1,1,0,1,0,0,1,0
1.311991000,1,1,1,1,1,1,0,1,0,0,1,1
1.312491000,1,1,1,1,1,1,0,1,0,0,1,0
1.312908000,0,0,0,0,0,0,0,0,0,0,0,0
1.312913000,1,0,0,1,0,0,1,1,0,0,1,0
1.312991000,1,0,0,1,0,0,1,1,0,0,1,1
1.313491000,1,0,0,1,0,0,1,1,0,0,1,0
1.313908000,0,0,0,0,0,0,0,0,0,0,0,0
1.313913000,1,1,1,1,1,1,0,1,0,0,1,0
1.313991000,1,1,1,1,1,1,0,1,0,0,1,1
1.314491000,1,1,1,1,1,1,0,1,0,0,1,0
1.314908000,0,0,0,0,0,0,0,0,0,0,0,0
1.314913000,1,0,0,0,0,0,1,1,0,0,1,0
1.314991000,1,0,0,0,0,0,1,1,0,0,1,1
1.315491000,1,0,0,0,0,0,1,1,0,0,1,0
1.315908000,0,0,0,0,0,0,0,0,0,0,0,0
1.315913000,0,0,0,1,0,0,1,1,0,0,1,0
1.315991000,0,0,0,1,0,0,1,1,0,0,1,1
1.316491000,0,0,0,1,0,0,1,1,0,0,1,0
1.316908000,0,0,0,0,0,0,0,0,0,0,0,0
1.316913000,1,1,1,1,1,1,0,1,0,0,1,0
1.316991000,1,1,1,1,1,1,0,1,0,0,1,1
1.317491000,1,1,1,1,1,1,0,1,0,0,1,0
1.317908000,0,0,0,0,0,0,0,0,0,0,0,0
1.317913000,0,0,0,1,0,0,1,1,0,0,1,0
1.317991000,0,0,0,1,0,0,1,1,0,0,1,1
1.318491000,0,0,0,1,0,0,1,1,0,0,1,0
1.318908000,0,0,0,0,0,0,0,0,0,0,0,0
1.318913000,0,1,0,0,0,0,1,1,0,0,1,0
1.318991000,0,1,0,0,0,0,1,1,0,0,1,1
1.319491000,0,1,0,0,0,0,1,1,0,0,1,0
1.319908000,0,0,0,0,0,0,0,0,0,0,0,0
1.319913000,1,0,0,1,1,1,0,1,0,0,1,0
1.319991000,1,0,0,1,1,1,0,1,0,0,1,1
1.320491000,1,0,0,1,1,1,0,1,0,0,1,0
1.320908000,0,0,0,0,0,0,0,0,0,0,0,0
1.320913000,1,0,1,0,0,0,1,1,0,0,1,0
1.320991000,1,0,1,0,0,0,1,1,0,0,1,1
1.321491000,1,0,1,0,0,0,1,1,0,0,1,0
1.321908000,0,0,0,0,0,0,0,0,0,0,0,0
1.321913000,1,1,0,1,1,1,0,1,0,0,1,0
1.321991000,1,1,0,1,1,1,0,1,0,0,1,1
1.322491000,1,1,0,1,1,1,0,1,0,0,1,0
1.322908000,0,0,0,0,0,0,0,0,0,0,0,0
1.322913000,1,1,1,1,0,1,0,1,0,0,1,0
1.322991000,1,1,1,1,0,1,0,1,0,0,1,1
1.323491000,1,1,1,1,0,1,0,1,0,0,1,0
1.323908000,0,0,0,0,0,0,0,0,0,0,0,0
1.323913000,0,0,0,1,1,1,0,1,0,0,1,0
1.323991000,0,0,0,1,1,1,0,1,0,0,1,1
1.324491000,0,0,0,1,1,1,0,1,0,0,1,0
1.324908000,0,0,0,0,0,0,0,0,0,0,0,0
1.324913000,1,1,1,1,1,1,0,1,0,0,1,0
1.324991000,1,1,1,1,1,1,0,1,0,0,1,1
1.325491000,1,1,1,1,1,1,0,1,0,0,1,0
1.325908000,0,0,0,0,0,0,0,0,0,0,0,0
1.325913000,1,1,1,1,1,1,0,1,0,0,1,0
1.325991000,1,1,1,1,1,1,0,1,0,0,1,1
1.326491000,1,1,1,1,1,1,0,1,0,0,1,0
1.326908000,0,0,0,0,0,0,0,0,0,0,0,0
1.326913000,1,1,1,1,1,1,0,1,0,0,1,0
1.326991000,1,1,1,1,1,1,0,1,0,0,1,1
1.327491000,1,1,1,1,1,1,0,1,0,0,1,0
1.327908000,0,0,0,0,0,0,0,0,0,0,0,0
1.327913000,0,1,0,0,1,1,0,1,0,0,1,0
1.327991000,0,1,0,0,1,1,0,1,0,0,1,1
1.328491000,0,1,0,0,1,1,0,1,0,0,1,0
1.328908000,0,0,0,0,0,0,0,0,0,0,0,0
1.328913000,1,1,1,1,0,1,0,1,0,0,1,0
1.328991000,1,1,1,1,0,1,0,1,0,0,1,1
1.329491000,1,1,1,1,0,1,0,1,0,0,1,0
1.329908000,0,0,0,0,0,0,0,0,0,0,0,0
1.329913000,1,1,1,1,0,1,0,1,0,0,1,0
1.329991000,1,1,1,1,0,1,0,1,0,0,1,1
1.330491000,1,1,1,1,0,1,0,1,0,0,1,0
1.330908000,0,0,0,0,0,0,0,0,0,0,0,0
1.330913000,1,0,1,1,1,1,0,1,0,0,1,0
1.330991000,1,0,1,1,1,1,0,1,0,0,1,1
1.331491000,1,0,1,1,1,1,0,1,0,0,1,0
1.331908000,0,0,0,0,0,0,0,0,0,0,0,0
1.331913000,1,1,0,1,1,1,0,1,0,0,1,0
1.331991000,1,1,0,1,1,1,0,1,0,0,1,1
1.332491000,1,1,0,1,1,1,0,1,0,0,1,0
1.332908000,0,0,0,0,0,0,0,0,0,0,0,0
1.332913000,1,1,1,1,1,1,0,1,0,0,1,0
1.332991000,1,1,1,1,1,1,0,1,0,0,1,1
1.333491000,1,1,1,1,1,1,0,1,0,0,1,0
1.333908000,0,0,0,0,0,0,0,0,0,0,0,0
1.333913000,0,0,0,0,0,0,1,1,0,0,1,0
1.333991000,0,0,0,0,0,0,1,1,0,0,1,1
1.334491000,0,0,0,0,0,0,1,1,0,0,1,0
1.334908000,0,0,0,0,0,0,0,0,0,0,0,0
1.334913000,0,0,0,1,0,1,0,1,0,0,1,0
1.334991000,0,0,0,1,0,1,0,1,0,0,1,1
1.335491000,0,0,0,1,0,1,0,1,0,0,1,0
1.335908000,0,0,0,0,0,0,0,0,0,0,0,0
1.335913000,0,1,1,1,1,1,0,1,0,0,1,0
1.335991000,0,1,1,1,1,1,0,1,0,0,1,1
1.336491000,0,1,1,1,1,1,0,1,0,0,1,0
1.336908000,0,0,0,0,0,0,0,0,0,0,0,0
1.336913000,1,1,1,1,0,1,0,1,0,0,1,0
1.336991000,1,1,1,1,0,1,0,1,0,0,1,1
1.337491000,1,1,1,1,0,1,0,1,0,0,1,0
1.337908000,0,0,0,0,0,0,0,0,0,0,0,0
1.337913000,1,1,0,1,1,1,0,1,0,0,1,0
1.337991000,1,1,0,1,1,1,0,1,0,0,1,1
1.338491000,1,1,0,1,1,1,0,1,0,0,1,0
1.338908000,0,0,0,0,0,0,0,0,0,0,0,0
1.338913000,1,1,0,1,1,1,0,1,0,0,1,0
1.338991000,1,1,0,1,1,1,0,1,0,0,1,1
1.339491000,1,1,0,1,1,1,0,1,0,0,1,0
1.339908000,0,0,0,0,0,0,0,0,0,0,0,0
1.339913000,0,1,0,1,1,1,0,1,0,0,1,0
1.339991000,0,1,0,1,1,1,0,1,0,0,1,1
1.340491000,0,1,0,1,1,1,0,1,0,0,1,0
1.340907000,0,1,0,1,1,1,0,1,0,0,0,0
1.340908000,0,0,0,0,0,0,0,0,0,0,0,0
1.340913000,1,1,0,1,1,1,0,1,0,0,1,0
1.340991000,1,1,0,1,1,1,0,1,0,0,1,1
1.341491000,1,1,0,1,1,1,0,1,0,0,1,0
1.341907000,1,1,0,1,1,1,0,1,0,0,0,0
1.341908000,0,0,0,0,0,0,0,0,0,0,0,0
1.341913000,0,0,1,0,1,1,0,1,0,0,1,0
1.341991000,0,0,1,0,1,1,0,1,0,0,1,1
1.342491000,0,0,1,0,1,1,0,1,0,0,1,0
1.342907000,0,0,1,0,1,1,0,1,0,0,0,0
1.342908000,0,0,0,0,0,0,0,0,0,0,0,0
1.342913000,0,0,0,1,1,1,0,1,0,0,1,0
1.342991000,0,0,0,1,1,1,0,1,0,0,1,1
1.343491000,0,0,0,1,1,1,0,1,0,0,1,0
1.343907000,0,0,0,1,1,1,0,1,0,0,0,0
1.343908000,0,0,0,0,0,0,0,0,0,0,0,0
1.343913000,1,1,0,1,1,1,0,1,0,0,1,0
1.343991000,1,1,0,1,1,1,0,1,0,0,1,1
1.344491000,1,1,0,1,1,1,0,1,0,0,1,0
1.344907000,1,0,0,1,1,1,0,1,0,0,1,0
1.344908000,0,0,0,0,0,0,0,0,0,0,0,0
1.344913000,1,1,1,0,1,1,0,1,0,0,1,0
1.344991000,1,1,1,0,1,1,0,1,0,0,1,1
1.345491000,1,1,1,0,1,1,0,1,0,0,1,0
1.345907000,0,0,0,0,0,0,0,0,0,0,0,0
1.345913000,1,1,0,0,1,1,0,1,0,0,1,0
1.345991000,1,1,0,0,1,1,0,1,0,0,1,1
1.346491000,1,1,0,0,1,1,0,1,0,0,1,0
1.346907000,0,0,0,0,0,0,0,0,0,0,0,0
1.346913000,0,0,1,0,1,1,0,1,0,0,1,0
1.346991000,0,0,1,0,1,1,0,1,0,0,1,1
1.347491000,0,0,1,0,1,1,0,1,0,0,1,0
1.347907000,0,0,0,0,0,0,0,0,0,0,0,0
1.347913000,1,0,1,1,1,1,0,1,0,0,1,0
1.347991000,1,0,1,1,1,1,0,1,0,0,1,1
1.348491000,1,0,1,1,1,1,0,1,0,0,1,0
1.348907000,0,0,0,0,0,0,0,0,0,0,0,0
1.348913000,1,0,0,0,0,0,1,1,0,0,1,0
1.348991000,1,0,0,0,0,0,1,1,0,0,1,1
1.349491000,1,0,0,0,0,0,1,1,0,0,1,0
1.349907000,0,0,0,0,0,0,0,0,0,0,0,0
1.349913000,0,1,0,1,0,0,1,1,0,0,1,0
1.349991000,0,1,0,1,0,0,1,1,0,0,1,1
1.350491000,0,1,0,1,0,0,1,1,0,0,1,0
1.350907000,0,0,0,0,0,0,0,0,0,0,0,0
1.350913000,1,1,1,0,1,1,0,1,0,0,1,0
1.350991000,1,1,1,0,1,1,0,1,0,0,1,1
1.351491000,1,1,1,0,1,1,0,1,0,0,1,0
1.351907000,0,0,0,0,0,0,0,0,0,0,0,0
1.351913000,1,1,1,0,1,1,0,1,0,0,1,0
1.351991000,1,1,1,0,1,1,0,1,0,0,1,1
1.352491000,1,1,1,0,1,1,0,1,0,0,1,0
1.352907000,0,0,0,0,0,0,0,0,0,0,0,0
1.352912000,0,0,0,0,0,0,0,1,0,0,0,0
1.352913000,1,1,1,1,1,1,0,1,0,0,1,0
1.352991000,1,1,1,1,1,1,0,1,0,0,1,1
1.353491000,1,1,1,1,1,1,0,1,0,0,1,0
1.353907000,1,0,0,1,1,0,0,1,0,0,0,0
1.353908000,0,0,0,0,0,0,0,0,0,0,0,0
1.353912000,0,0,0,0,1,1,0,1,0,0,0,0
1.353913000,1,1,1,1,1,1,0,1,0,0,1,0
1.353991000,1,1,1,1,1,1,0,1,0,0,1,1
1.354491000,1,1,1,1,1,1,0,1,0,0,1,0
1.354907000,0,0,0,0,0,0,0,0,0,0,0,0
1.354912000,0,0,1,1,1,1,0,1,0,0,0,0
1.354913000,1,1,1,1,1,1,0,1,0,0,1,0
1.354991000,1,1,1,1,1,1,0,1,0,0,1,1
1.355491000,1,1,1,1,1,1,0,1,0,0,1,0
1.355907000,0,0,0,0,0,0,0,0,0,0,0,0
1.355912000,0,0,0,0,1,0,1,1,0,0,1,0
1.355991000,0,0,0,0,1,0,1,1,0,0,1,1
1.356491000,0,0,0,0,1,0,1,1,0,0,1,0
1.356907000,0,0,0,0,0,0,0,0,0,0,0,0
1.356912000,1,1,0,1,1,1,0,1,0,0,1,0
1.356991000,1,1,0,1,1,1,0,1,0,0,1,1
1.357491000,1,1,0,1,1,1,0,1,0,0,1,0
1.357907000,0,0,0,0,0,0,0,0,0,0,0,0
1.357912000,1,1,0,1,1,1,0,1,0,0,1,0
1.357991000,1,1,0,1,1,1,0,1,0,0,1,1
1.358491000,1,1,0,1,1,1,0,1,0,0,1,0
1.358907000,0,0,0,0,0,0,0,0,0,0,0,0
1.358912000,0,0,1,1,0,0,1,1,0,0,1,0
1.358991000,0,0,1,1,0,0,1,1,0,0,1,1
1.359491000,0,0,1,1,0,0,1,1,0,0,1,0
1.359907000,0,0,0,0,0,0,0,0,0,0,0,0
1.359912000,1,0,1,1,1,1,0,1,0,0,1,0
1.359991000,1,0,1,1,1,1,0,1,0,0,1,1
1.360491000,1,0,1,1,1,1,0,1,0,0,1,0
1.360907000,0,0,0,0,0,0,0,0,0,0,0,0
1.360912000,1,1,1,1,1,1,0,1,0,0,1,0
1.360991000,1,1,1,1,1,1,0,1,0,0,1,1
1.361491000,1,1,1,1,1,1,0,1,0,0,1,0
1.361907000,0,0,0,0,0,0,0,0,0,0,0,0
1.361912000,1,1,1,1,1,1,0,1,0,0,1,0
1.361991000,1,1,1,1,1,1,0,1,0,0,1,1
1.362491000,1,1,1,1,1,1,0,1,0,0,1,0
1.362907000,0,0,0,0,0,0,0,0,0,0,0,0
1.362912000,1,0,1,1,1,1,0,1,0,0,1,0
1.362991000,1,0,1,1,1,1,0,1,0,0,1,1
1.363491000,1,0,1,1,1,1,0,1,0,0,1,0
1.363907000,0,0,0,0,0,0,0,0,0,0,0,0
1.363912000,0,0,0,0,1,0,1,1,0,0,1,0
1.363991000,0,0,0,0,1,0,1,1,0,0,1,1
1.364491000,0,0,0,0,1,0,1,1,0,0,1,0
1.364907000,0,0,0,0,0,0,0,0,0,0,0,0
1.364912000,1,0,1,1,0,0,1,1,0,0,1,0
1.364991000,1,0,1,1,0,0,1,1,0,0,1,1
1.365491000,1,0,1,1,0,0,1,1,0,0,1,0
1.365907000,0,0,0,0,0,0,0,0,0,0,0,0
1.365912000,1,1,1,1,0,0,1,1,0,0,1,0
1.365991000,1,1,1,1,0,0,1,1,0,0,1,1
1.366491000,1,1,1,1,0,0,1,1,0,0,1,0
1.366907000,0,0,0,0,0,0,0,0,0,0,0,0
1.366912000,1,1,1,1,0,0,1,1,0,0,1,0
1.366991000,1,1,1,1,0,0,1,1,0,0,1,1
1.367491000,1,1,1,1,0,0,1,1,0,0,1,0
1.367907000,0,0,0,0,0,0,0,0,0,0,0,0
1.367912000,0,1,0,1,0,0,1,1,0,0,1,0
1.367991000,0,1,0,1,0,0,1,1,0,0,1,1
1.368491000,0,1,0,1,0,0,1,1,0,0,1,0
1.368907000,0,0,0,0,0,0,0,0,0,0,0,0
1.368912000,0,0,0,0,1,0,1,1,0,0,1,0
1.368991000,0,0,0,0,1,0,1,1,0,0,1,1
1.369491000,0,0,0,0,1,0,1,1,0,0,1,0
1.369907000,0,0,0,0,0,0,0,0,0,0,0,0
1.369912000,1,0,1,0,0,0,1,1,0,0,1,0
1.369991000,1,0,1,0,0,0,1,1,0,0,1,1
1.370491000,1,0,1,0,0,0,1,1,0,0,1,0
1.370907000,0,0,0,0,0,0,0,0,0,0,0,0
1.370912000,1,0,1,0,1,0,1,1,0,0,1,0
1.370991000,1,0,1,0,1,0,1,1,0,0,1,1
1.371491000,1,0,1,0,1,0,1,1,0,0,1,0
1.371907000,0,0,0,0,0,0,0,0,0,0,0,0
1.371912000,1,0,1,0,1,0,1,1,0,0,1,0
1.371991000,1,0,1,0,1,0,1,1,0,0,1,1
1.372491000,1,0,1,0,1,0,1,1,0,0,1,0
1.372907000,0,0,0,0,0,0,0,0,0,0,0,0
1.372912000,0,1,0,1,0,0,1,1,0,0,1,0
1.372991000,0,1,0,1,0,0,1,1,0,0,1,1
1.373491000,0,1,0,1,0,0,1,1,0,0,1,0
1.373907000,0,0,0,0,0,0,0,0,0,0,0,0
1.373912000,1,1,1,0,1,0,1,1,0,0,1,0
1.373991000,1,1,1,0,1,0,1,1,0,0,1,1
1.374491000,1,1,1,0,1,0,1,1,0,0,1,0
1.374907000,0,0,0,0,0,0,0,0,0,0,0,0
1.374912000,1,1,1,1,1,1,0,1,0,0,1,0
1.374991000,1,1,1,1,1,1,0,1,0,0,1,1
1.375491000,1,1,1,1,1,1,0,1,0,0,1,0
1.375907000,0,0,0,0,0,0,0,0,0,0,0,0
1.375912000,0,0,0,1,1,0,1,1,0,0,1,0
1.375991000,0,0,0,1,1,0,1,1,0,0,1,1
1.376491000,0,0,0,1,1,0,1,1,0,0,1,0
1.376907000,0,0,0,0,0,0,0,0,0,0,0,0
1.376912000,0,0,1,0,1,0,1,1,0,0,1,0
1.376991000,0,0,1,0,1,0,1,1,0,0,1,1
1.377491000,0,0,1,0,1,0,1,1,0,0,1,0
1.377907000,0,0,0,0,0,0,0,0,0,0,0,0
1.377912000,1,0,0,0,0,0,1,1,0,0,1,0
1.377991000,1,0,0,0,0,0,1,1,0,0,1,1
1.378491000,1,0,0,0,0,0,1,1,0,0,1,0
1.378907000,0,0,0,0,0,0,0,0,0,0,0,0
1.378912000,1,1,0,1,0,0,1,1,0,0,1,0
1.378991000,1,1,0,1,0,0,1,1,0,0,1,1
1.379491000,1,1,0,1,0,0,1,1,0,0,1,0
1.379907000,0,0,0,0,0,0,0,0,0,0,0,0
1.379912000,1,1,0,1,0,0,1,1,0,0,1,0
1.379991000,1,1,0,1,0,0,1,1,0,0,1,1
1.380491000,1,1,0,1,0,0,1,1,0,0,1,0
1.380907000,0,0,0,0,0,0,0,0,0,0,0,0
1.380912000,0,0,1,0,1,0,1,1,0,0,1,0
1.380991000,0,0,1,0,1,0,1,1,0,0,1,1
1.381491000,0,0,1,0,1,0,1,1,0,0,1,0
1.381907000,0,0,0,0,0,0,0,0,0,0,0,0
1.381912000,0,0,1,0,1,0,1,1,0,0,1,0
1.381991000,0,0,1,0,1,0,1,1,0,0,1,1
1.382491000,0,0,1,0,1,0,1,1,0,0,1,0
1.382907000,0,0,0,0,0,0,0,0,0,0,0,0
1.382912000,1,1,0,0,0,1,1,1,0,0,1,0
1.382991000,1,1,0,0,0,1,1,1,0,0,1,1
1.383491000,1,1,0,0,0,1,1,1,0,0,1,0
1.383907000,0,0,0,0,0,0,0,0,0,0,0,0
1.383912000,1,0,1,1,1,0,1,1,0,0,1,0
1.383991000,1,0,1,1,1,0,1,1,0,0,1,1
1.384491000,1,0,1,1,1,0,1,1,0,0,1,0
1.384907000,0,0,0,0,0,0,0,0,0,0,0,0
1.384912000,1,1,1,1,1,0,1,1,0,0,1,0
1.384991000,1,1,1,1,1,0,1,1,0,0,1,1
1.385491000,1,1,1,1,1,0,1,1,0,0,1,0
1.385907000,0,0,0,0,0,0,0,0,0,0,0,0
1.385912000,0,1,0,1,1,0,1,1,0,0,1,0
1.385991000,0,1,0,1,1,0,1,1,0,0,1,1
1.386491000,0,1,0,1,1,0,1,1,0,0,1,0
1.386907000,0,0,0,0,0,0,0,0,0,0,0,0
1.386912000,0,0,0,1,1,0,1,1,0,0,1,0
1.386990000,0,0,0,1,1,0,1,1,0,0,1,1
1.387490000,0,0,0,1,1,0,1,1,0,0,1,0
1.387907000,0,0,0,0,0,0,0,0,0,0,0,0
1.387912000,0,0,0,1,1,0,1,1,0,0,1,0
1.387990000,0,0,0,1,1,0,1,1,0,0,1,1
1.388490000,0,0,0,1,1,0,1,1,0,0,1,0
1.388907000,0,0,0,0,0,0,0,0,0,0,0,0
1.388912000,1,0,0,1,1,0,1,1,0,0,1,0
1.388990000,1,0,0,1,1,0,1,1,0,0,1,1
1.389490000,1,0,0,1,1,0,1,1,0,0,1,0
1.389907000,0,0,0,0,0,0,0,0,0,0,0,0
1.389912000,1,0,0,1,1,0,1,1,0,0,1,0
1.389990000,1,0,0,1,1,0,1,1,0,0,1,1
1.390490000,1,0,0,1,1,0,1,1,0,0,1,0
1.390907000,0,0,0,0,0,0,0,0,0,0,0,0
1.390912000,1,0,0,0,0,0,1,1,0,0,1,0
1.390990000,1,0,0,0,0,0,1,1,0,0,1,1
1.391490000,1,0,0,0,0,0,1,1,0,0,1,0
1.391907000,0,0,0,0,0,0,0,0,0,0,0,0
1.391912000,1,1,1,0,1,0,1,1,0,0,1,0
1.391990000,1,1,1,0,1,0,1,1,0,0,1,1
1.392490000,1,1,1,0,1,0,1,1,0,0,1,0
1.392907000,0,0,0,0,0,0,0,0,0,0,0,0
1.392912000,1,0,0,0,1,0,1,1,0,0,1,0
1.392990000,1,0,0,0,1,0,1,1,0,0,1,1
1.393490000,1,0,0,0,1,0,1,1,0,0,1,0
1.393907000,0,0,0,0,0,0,0,0,0,0,0,0
1.393912000,0,0,0,1,0,0,1,1,0,0,1,0
1.393990000,0,0,0,1,0,0,1,1,0,0,1,1
1.394490000,0,0,0,1,0,0,1,1,0,0,1,0
1.394907000,0,0,0,0,0,0,0,0,0,0,0,0
1.394912000,1,1,0,0,1,0,1,1,0,0,1,0
1.394990000,1,1,0,0,1,0,1,1,0,0,1,1
1.395490000,1,1,0,0,1,0,1,1,0,0,1,0
1.395907000,0,0,0,0,0,0,0,0,0,0,0,0
1.395912000,0,1,1,0,1,0,1,1,0,0,1,0
1.395990000,0,1,1,0,1,0,1,1,0,0,1,1
1.396490000,0,1,1,0,1,0,1,1,0,0,1,0
1.396907000,0,0,0,0,0,0,0,0,0,0,0,0
1.396912000,0,0,1,1,0,0,1,1,0,0,1,0
1.396990000,0,0,1,1,0,0,1,1,0,0,1,1
1.397490000,0,0,1,1,0,0,1,1,0,0,1,0
1.397907000,0,0,0,0,0,0,0,0,0,0,0,0
1.397912000,1,1,1,1,0,0,1,1,0,0,1,0
1.397990000,1,1,1,1,0,0,1,1,0,0,1,1
1.398490000,1,1,1,1,0,0,1,1,0,0,1,0
1.398907000,0,0,0,0,0,0,0,0,0,0,0,0
1.398912000,1,1,1,1,1,1,0,1,0,0,1,0
1.398990000,1,1,1,1,1,1,0,1,0,0,1,1
1.399490000,1,1,1,1,1,1,0,1,0,0,1,0
1.399907000,0,0,0,0,0,0,0,0,0,0,0,0
1.399912000,1,1,1,1,1,1,0,1,0,0,1,0
1.399990000,1,1,1,1,1,1,0,1,0,0,1,1
1.400490000,1,1,1,1,1,1,0,1,0,0,1,0
1.400907000,0,0,0,0,0,0,0,0,0,0,0,0
1.400912000,0,1,0,1,0,0,1,1,0,0,1,0
1.400990000,0,1,0,1,0,0,1,1,0,0,1,1
1.401490000,0,1,0,1,0,0,1,1,0,0,1,0
1.401907000,0,0,0,0,0,0,0,0,0,0,0,0
1.401912000,0,0,1,1,0,0,1,1,0,0,1,0
1.401990000,0,0,1,1,0,0,1,1,0,0,1,1
1.402490000,0,0,1,1,0,0,1,1,0,0,1,0
1.402907000,0,0,0,0,0,0,0,0,0,0,0,0
1.402912000,0,0,0,1,0,0,1,1,0,0,1,0
1.402990000,0,0,0,1,0,0,1,1,0,0,1,1
1.403490000,0,0,0,1,0,0,1,1,0,0,1,0
1.403907000,0,0,0,0,0,0,0,0,0,0,0,0
1.403912000,0,0,1,0,1,0,1,1,0,0,1,0
1.403990000,0,0,1,0,1,0,1,1,0,0,1,1
1.404490000,0,0,1,0,1,0,1,1,0,0,1,0
1.404907000,0,0,0,0,0,0,0,0,0,0,0,0
1.404912000,1,0,1,1,1,1,0,1,0,0,1,0
1.404990000,1,0,1,1,1,1,0,1,0,0,1,1
1.405490000,1,0,1,1,1,1,0,1,0,0,1,0
1.405907000,0,0,0,0,0,0,0,0,0,0,0,0
1.405912000,0,1,0,1,0,0,1,1,0,0,1,0
1.405990000,0,1,0,1,0,0,1,1,0,0,1,1
1.406490000,0,1,0,1,0,0,1,1,0,0,1,0
1.406907000,0,0,0,0,0,0,0,0,0,0,0,0
1.406912000,1,1,1,1,1,1,0,1,0,0,1,0
1.406990000,1,1,1,1,1,1,0,1,0,0,1,1
1.407490000,1,1,1,1,1,1,0,1,0,0,1,0
1.407907000,0,0,0,0,0,0,0,0,0,0,0,0
1.407912000,0,1,0,1,0,0,1,1,0,0,1,0
1.407990000,0,1,0,1,0,0,1,1,0,0,1,1
1.408490000,0,1,0,1,0,0,1,1,0,0,1,0
1.408907000,0,0,0,0,0,0,0,0,0,0,0,0
1.408912000,0,1,1,1,0,1,0,1,0,0,1,0
1.408990000,0,1,1,1,0,1,0,1,0,0,1,1
1.409490000,0,1,1,1,0,1,0,1,0,0,1,0
1.409907000,0,0,0,0,0,0,0,0,0,0,0,0
1.409912000,1,0,1,1,1,1,0,1,0,0,1,0
1.409990000,1,0,1,1,1,1,0,1,0,0,1,1
1.410490000,1,0,1,1,1,1,0,1,0,0,1,0
1.410907000,0,0,0,0,0,0,0,0,0,0,0,0
1.410912000,1,0,1,1,0,0,1,1,0,0,1,0
1.410990000,1,0,1,1,0,0,1,1,0,0,1,1
1.411490000,1,0,1,1,0,0,1,1,0,0,1,0
1.411907000,0,0,0,0,0,0,0,0,0,0,0,0
1.411912000,1,1,1,0,1,1,0,1,0,0,1,0
1.411990000,1,1,1,0,1,1,0,1,0,0,1,1
1.412490000,1,1,1,0,1,1,0,1,0,0,1,0
1.412907000,0,0,0,0,0,0,0,0,0,0,0,0
1.412912000,1,1,1,0,1,1,0,1,0,0,1,0
1.412990000,1,1,1,0,1,1,0,1,0,0,1,1
1.413490000,1,1,1,0,1,1,0,1,0,0,1,0
1.413907000,0,0,0,0,0,0,0,0,0,0,0,0
1.413912000,1,1,1,1,1,1,0,1,0,0,1,0
1.413990000,1,1,1,1,1,1,0,1,0,0,1,1
1.414490000,1,1,1,1,1,1,0,1,0,0,1,0
1.414907000,0,0,0,0,0,0,0,0,0,0,0,0
1.414912000,1,1,0,1,0,0,1,1,0,0,1,0
1.414990000,1,1,0,1,0,0,1,1,0,0,1,1
1.415490000,1,1,0,1,0,0,1,1,0,0,1,0
1.415907000,0,0,0,0,0,0,0,0,0,0,0,0
1.415912000,1,1,1,0,1,1,0,1,0,0,1,0
1.415990000,1,1,1,0,1,1,0,1,0,0,1,1
1.416490000,1,1,1,0,1,1,0,1,0,0,1,0
1.416907000,0,0,0,0,0,0,0,0,0,0,0,0
1.416912000,1,0,1,1,0,1,0,1,0,0,1,0
1.416990000,1,0,1,1,0,1,0,1,0,0,1,1
1.417490000,1,0,1,1,0,1,0,1,0,0,1,0
1.417907000,0,0,0,0,0,0,0,0,0,0,0,0
1.417912000,1,1,1,1,1,1,0,1,0,0,1,0
1.417990000,1,1,1,1,1,1,0,1,0,0,1,1
1.418490000,1,1,1,1,1,1,0,1,0,0,1,0
1.418907000,0,0,0,0,0,0,0,0,0,0,0,0
1.418912000,0,1,1,0,0,0,1,1,0,0,1,0
1.418990000,0,1,1,0,0,0,1,1,0,0,1,1
1.419490000,0,1,1,0,0,0,1,1,0,0,1,0
1.419907000,0,0,0,0,0,0,0,0,0,0,0,0
1.419912000,1,1,1,1,0,1,0,1,0,0,1,0
1.419990000,1,1,1,1,0,1,0,1,0,0,1,1
1.420490000,1,1,1,1,0,1,0,1,0,0,1,0
1.420907000,0,0,0,0,0,0,0,0,0,0,0,0
1.420912000,1,1,1,1,1,1,0,1,0,0,1,0
1.420990000,1,1,1,1,1,1,0,1,0,0,1,1
1.421490000,1,1,1,1,1,1,0,1,0,0,1,0
1.421907000,0,0,0,0,0,0,0,0,0,0,0,0
1.421912000,0,0,0,1,0,0,1,1,0,0,1,0
1.421990000,0,0,0,1,0,0,1,1,0,0,1,1
1.422490000,0,0,0,1,0,0,1,1,0,0,1,0
1.422907000,0,0,0,0,0,0,0,0,0,0,0,0
1.422912000,1,1,0,0,1,1,0,1,0,0,1,0
1.422990000,1,1,0,0,1,1,0,1,0,0,1,1
1.423490000,1,1,0,0,1,1,0,1,0,0,1,0
1.423907000,0,0,0,0,0,0,0,0,0,0,0,0
1.423912000,1,1,1,0,1,1,0,1,0,0,1,0
1.423990000,1,1,1,0,1,1,0,1,0,0,1,1
1.424490000,1,1,1,0,1,1,0,1,0,0,1,0
1.424907000,0,0,0,0,0,0,0,0,0,0,0,0
1.424912000,1,1,0,1,1,1,0,1,0,0,1,0
1.424990000,1,1,0,1,1,1,0,1,0,0,1,1
1.425490000,1,1,0,1,1,1,0,1,0,0,1,0
1.425907000,0,0,0,0,0,0,0,0,0,0,0,0
1.425912000,0,1,1,0,1,1,0,1,0,0,1,0
1.425990000,0,1,1,0,1,1,0,1,0,0,1,1
1.426490000,0,1,1,0,1,1,0,1,0,0,1,0
1.426907000,0,0,0,0,0,0,0,0,0,0,0,0
1.426912000,0,0,0,0,1,0,1,1,0,0,1,0
1.426990000,0,0,0,0,1,0,1,1,0,0,1,1
1.427490000,0,0,0,0,1,0,1,1,0,0,1,0
1.427907000,0,0,0,0,0,0,0,0,0,0,0,0
1.427912000,0,1,1,1,0,1,0,1,0,0,1,0
1.427990000,0,1,1,1,0,1,0,1,0,0,1,1
1.428490000,0,1,1,1,0,1,0,1,0,0,1,0
1.428907000,0,0,0,0,0,0,0,0,0,0,0,0
1.428912000,1,1,1,1,1,1,0,1,0,0,1,0
1.428990000,1,1,1,1,1,1,0,1,0,0,1,1
1.429490000,1,1,1,1,1,1,0,1,0,0,1,0
1.429907000,0,0,0,0,0,0,0,0,0,0,0,0
1.429912000,1,1,1,1,0,1,0,1,0,0,1,0
1.429990000,1,1,1,1,0,1,0,1,0,0,1,1
1.430490000,1,1,1,1,0,1,0,1,0,0,1,0
1.430907000,0,0,0,0,0,0,0,0,0,0,0,0
1.430912000,1,1,1,1,1,1,0,1,0,0,1,0
1.430990000,1,1,1,1,1,1,0,1,0,0,1,1
1.431490000,1,1,1,1,1,1,0,1,0,0,1,0
1.431907000,0,0,0,0,0,0,0,0,0,0,0,0
1.431912000,0,0,1,1,1,1,0,1,0,0,1,0
1.431990000,0,0,1,1,1,1,0,1,0,0,1,1
1.432490000,0,0,1,1,1,1,0,1,0,0,1,0
1.432907000,0,0,0,0,0,0,0,0,0,0,0,0
1.432912000,0,0,0,0,1,0,1,1,0,0,1,0
1.432990000,0,0,0,0,1,0,1,1,0,0,1,1
1.433490000,0,0,0,0,1,0,1,1,0,0,1,0
1.433907000,0,0,0,0,0,0,0,0,0,0,0,0
1.433912000,1,1,1,1,0,1,0,1,0,0,1,0
1.433990000,1,1,1,1,0,1,0,1,0,0,1,1
1.434490000,1,1,1,1,0,1,0,1,0,0,1,0
1.434907000,0,0,0,0,0,0,0,0,0,0,0,0
1.434912000,1,1,1,1,1,1,0,1,0,0,1,0
1.434990000,1,1,1,1,1,1,0,1,0,0,1,1
1.435490000,1,1,1,1,1,1,0,1,0,0,1,0
1.435907000,0,0,0,0,0,0,0,0,0,0,0,0
1.435912000,0,1,0,0,1,1,0,1,0,0,1,0
1.435990000,0,1,0,0,1,1,0,1,0,0,1,1
1.436490000,0,1,0,0,1,1,0,1,0,0,1,0
1.436907000,0,0,0,0,0,0,0,0,0,0,0,0
1.436912000,1,0,0,1,0,0,1,1,0,0,1,0
1.436990000,1,0,0,1,0,0,1,1,0,0,1,1
1.437490000,1,0,0,1,0,0,1,1,0,0,1,0
1.437907000,0,0,0,0,0,0,0,0,0,0,0,0
1.437912000,1,0,1,0,1,1,0,1,0,0,1,0
1.437990000,1,0,1,0,1,1,0,1,0,0,1,1
1.438490000,1,0,1,0,1,1,0,1,0,0,1,0
1.438907000,0,0,0,0,0,0,0,0,0,0,0,0
1.438912000,1,1,1,0,1,1,0,1,0,0,1,0
1.438990000,1,1,1,0,1,1,0,1,0,0,1,1
1.439490000,1,1,1,0,1,1,0,1,0,0,1,0
1.439907000,0,0,0,0,0,0,0,0,0,0,0,0
1.439912000,0,1,0,1,1,1,0,1,0,0,1,0
1.439990000,0,1,0,1,1,1,0,1,0,0,1,1
1.440490000,0,1,0,1,1,1,0,1,0,0,1,0
1.440907000,0,0,0,0,0,0,0,0,0,0,0,0
1.440912000,1,1,1,0,1,1,0,1,0,0,1,0
1.440990000,1,1,1,0,1,1,0,1,0,0,1,1
1.441490000,1,1,1,0,1,1,0,1,0,0,1,0
1.441907000,0,0,0,0,0,0,0,0,0,0,0,0
1.441912000,0,0,1,1,0,0,1,1,0,0,1,0
1.441990000,0,0,1,1,0,0,1,1,0,0,1,1
1.442490000,0,0,1,1,0,0,1,1,0,0,1,0
1.442907000,0,0,0,0,0,0,0,0,0,0,0,0
1.442912000,0,1,1,1,1,1,0,1,0,0,1,0
1.442990000,0,1,1,1,1,1,0,1,0,0,1,1
1.443490000,0,1,1,1,1,1,0,1,0,0,1,0
1.443907000,0,0,0,0,0,0,0,0,0,0,0,0
1.443912000,1,1,1,0,1,1,0,1,0,0,1,0
1.443990000,1,1,1,0,1,1,0,1,0,0,1,1
1.444490000,1,1,1,0,1,1,0,1,0,0,1,0
1.444907000,0,0,0,0,0,0,0,0,0,0,0,0
1.444912000,0,0,1,1,1,1,0,1,0,0,1,0
1.444990000,0,0,1,1,1,1,0,1,0,0,1,1
1.445490000,0,0,1,1,1,1,0,1,0,0,1,0
1.445907000,0,0,0,0,0,0,0,0,0,0,0,0
1.445912000,1,1,1,1,1,1,0,1,0,0,1,0
1.445990000,1,1,1,1,1,1,0,1,0,0,1,1
1.446490000,1,1,1,1,1,1,0,1,0,0,1,0
1.446907000,0,0,0,0,0,0,0,0,0,0,0,0
1.446912000,1,1,1,0,1,1,0,1,0,0,1,0
1.446990000,1,1,1,0,1,1,0,1,0,0,1,1
1.447490000,1,1,1,0,1,1,0,1,0,0,1,0
1.447907000,0,0,0,0,0,0,0,0,0,0,0,0
1.447912000,1,1,0,0,0,0,1,1,0,0,1,0
1.447990000,1,1,0,0,0,0,1,1,0,0,1,1
1.448490000,1,1,0,0,0,0,1,1,0,0,1,0
1.448907000,0,0,0,0,0,0,0,0,0,0,0,0
1.448912000,1,1,0,1,1,1,0,1,0,0,1,0
1.448990000,1,1,0,1,1,1,0,1,0,0,1,1
1.449490000,1,1,0,1,1,1,0,1,0,0,1,0
1.449907000,0,0,0,0,0,0,0,0,0,0,0,0
1.449912000,1,0,1,1,1,1,0,1,0,0,1,0
1.449990000,1,0,1,1,1,1,0,1,0,0,1,1
1.450490000,1,0,1,1,1,1,0,1,0,0,1,0
1.450907000,0,0,0,0,0,0,0,0,0,0,0,0
1.450912000,0,1,0,1,0,0,1,1,0,0,1,0
1.450990000,0,1,0,1,0,0,1,1,0,0,1,1
1.451490000,0,1,0,1,0,0,1,1,0,0,1,0
1.451907000,0,0,0,0,0,0,0,0,0,0,0,0
1.451912000,0,0,0,0,1,0,1,1,0,0,1,0
1.451990000,0,0,0,0,1,0,1,1,0,0,1,1
1.452490000,0,0,0,0,1,0,1,1,0,0,1,0
1.452907000,0,0,0,0,0,0,0,0,0,0,0,0
1.452912000,1,0,1,1,1,1,0,1,0,0,1,0
1.452990000,1,0,1,1,1,1,0,1,0,0,1,1
1.453490000,1,0,1,1,1,1,0,1,0,0,1,0
1.453907000,0,0,0,0,0,0,0,0,0,0,0,0
1.453912000,0,0,0,0,0,0,1,1,0,0,1,0
1.453990000,0,0,0,0,0,0,1,1,0,0,1,1
1.454490000,0,0,0,0,0,0,1,1,0,0,1,0
1.454907000,0,0,0,0,0,0,0,0,0,0,0,0
1.454912000,1,0,1,1,0,0,1,1,0,0,1,0
1.454990000,1,0,1,1,0,0,1,1,0,0,1,1
1.455490000,1,0,1,1,0,0,1,1,0,0,1,0
1.455907000,0,0,0,0,0,0,0,0,0,0,0,0
1.455912000,1,0,0,0,1,0,1,1,0,0,1,0
1.455990000,1,0,0,0,1,0,1,1,0,0,1,1
1.456490000,1,0,0,0,1,0,1,1,0,0,1,0
1.456907000,0,0,0,0,0,0,0,0,0,0,0,0
1.456912000,0,0,1,0,1,0,1,1,0,0,1,0
1.456990000,0,0,1,0,1,0,1,1,0,0,1,1
1.457490000,0,0,1,0,1,0,1,1,0,0,1,0
1.457907000,0,0,0,0,0,0,0,0,0,0,0,0
1.457912000,1,0,0,0,0,0,1,1,0,0,1,0
1.457990000,1,0,0,0,0,0,1,1,0,0,1,1
1.458490000,1,0,0,0,0,0,1,1,0,0,1,0
1.458907000,0,0,0,0,0,0,0,0,0,0,0,0
1.458912000,1,0,1,1,1,1,0,1,0,0,1,0
1.458990000,1,0,1,1,1,1,0,1,0,0,1,1
1.459490000,1,0,1,1,1,1,0,1,0,0,1,0
1.459907000,0,0,0,0,0,0,0,0,0,0,0,0
1.459912000,0,0,0,0,1,0,1,1,0,0,1,0
1.459990000,0,0,0,0,1,0,1,1,0,0,1,1
1.460490000,0,0,0,0,1,0,1,1,0,0,1,0
1.460907000,0,0,0,0,0,0,0,0,0,0,0,0
1.460912000,0,1,0,1,1,0,1,1,0,0,1,0
1.460990000,0,1,0,1,1,0,1,1,0,0,1,1
1.461490000,0,1,0,1,1,0,1,1,0,0,1,0
1.461907000,0,0,0,0,0,0,0,0,0,0,0,0
1.461912000,1,1,0,0,1,0,1,1,0,0,1,0
1.461990000,1,1,0,0,1,0,1,1,0,0,1,1
1.462490000,1,1,0,0,1,0,1,1,0,0,1,0
1.462907000,0,0,0,0,0,0,0,0,0,0,0,0
1.462912000,0,0,0,0,1,0,1,1,0,0,1,0
1.462990000,0,0,0,0,1,0,1,1,0,0,1,1
1.463490000,0,0,0,0,1,0,1,1,0,0,1,0
1.463907000,0,0,0,0,0,0,0,0,0,0,0,0
1.463912000,0,0,1,0,0,0,1,1,0,0,1,0
1.463990000,0,0,1,0,0,0,1,1,0,0,1,1
1.464490000,0,0,1,0,0,0,1,1,0,0,1,0
1.464907000,0,0,0,0,0,0,0,0,0,0,0,0
1.464912000,0,0,0,1,0,0,1,1,0,0,1,0
1.464990000,0,0,0,1,0,0,1,1,0,0,1,1
1.465490000,0,0,0,1,0,0,1,1,0,0,1,0
1.465907000,0,0,0,0,0,0,0,0,0,0,0,0
1.465912000,0,0,0,0,1,0,1,1,0,0,1,0
1.465990000,0,0,0,0,1,0,1,1,0,0,1,1
1.466490000,0,0,0,0,1,0,1,1,0,0,1,0
1.466907000,0,0,0,0,0,0,0,0,0,0,0,0
1.466912000,0,1,0,0,1,0,1,1,0,0,1,0
1.466990000,0,1,0,0,1,0,1,1,0,0,1,1
1.467490000,0,1,0,0,1,0,1,1,0,0,1,0
1.467907000,0,0,0,0,0,0,0,0,0,0,0,0
1.467912000,0,0,1,0,1,0,1,1,0,0,1,0
1.467990000,0,0,1,0,1,0,1,1,0,0,1,1
1.468490000,0,0,1,0,1,0,1,1,0,0,1,0
1.468907000,0,0,0,0,0,0,0,0,0,0,0,0
1.468912000,0,0,1,1,0,0,1,1,0,0,1,0
1.468990000,0,0,1,1,0,0,1,1,0,0,1,1
1.469490000,0,0,1,1,0,0,1,1,0,0,1,0
1.469907000,0,0,0,0,0,0,0,0,0,0,0,0
1.469912000,0,0,1,0,1,0,1,1,0,0,1,0
1.469990000,0,0,1,0,1,0,1,1,0,0,1,1
1.470490000,0,0,1,0,1,0,1,1,0,0,1,0
1.470907000,0,0,0,0,0,0,0,0,0,0,0,0
1.470912000,1,0,1,1,1,1,0,1,0,0,1,0
1.470990000,1,0,1,1,1,1,0,1,0,0,1,1
1.471490000,1,0,1,1,1,1,0,1,0,0,1,0
1.471907000,0,0,0,0,0,0,0,0,0,0,0,0
1.471912000,1,0,1,1,1,1,0,1,0,0,1,0
1.471990000,1,0,1,1,1,1,0,1,0,0,1,1
1.472490000,1,0,1,1,1,1,0,1,0,0,1,0
1.472907000,0,0,0,0,0,0,0,0,0,0,0,0
1.472912000,0,1,0,1,0,0,1,1,0,0,1,0
1.472990000,0,1,0,1,0,0,1,1,0,0,1,1
1.473490000,0,1,0,1,0,0,1,1,0,0,1,0
1.473907000,0,0,0,0,0,0,0,0,0,0,0,0
1.473912000,0,1,0,1,0,0,1,1,0,0,1,0
1.473990000,0,1,0,1,0,0,1,1,0,0,1,1
1.474490000,0,1,0,1,0,0,1,1,0,0,1,0
1.474907000,0,0,0,0,0,0,0,0,0,0,0,0
1.474912000,1,0,0,1,1,0,1,1,0,0,1,0
1.474990000,1,0,0,1,1,0,1,1,0,0,1,1
1.475490000,1,0,0,1,1,0,1,1,0,0,1,0
1.475907000,0,0,0,0,0,0,0,0,0,0,0,0
1.475912000,1,0,0,1,0,0,1,1,0,0,1,0
1.475990000,1,0,0,1,0,0,1,1,0,0,1,1
1.476490000,1,0,0,1,0,0,1,1,0,0,1,0
1.476907000,0,0,0,0,0,0,0,0,0,0,0,0
1.476912000,1,1,1,0,1,0,1,1,0,0,1,0
1.476990000,1,1,1,0,1,0,1,1,0,0,1,1
1.477490000,1,1,1,0,1,0,1,1,0,0,1,0
1.477907000,0,0,0,0,0,0,0,0,0,0,0,0
1.477912000,0,0,0,0,1,0,1,1,0,0,1,0
1.477990000,0,0,0,0,1,0,1,1,0,0,1,1
1.478490000,0,0,0,0,1,0,1,1,0,0,1,0
1.478907000,0,0,0,0,0,0,0,0,0,0,0,0
1.478912000,1,1,1,1,1,1,0,1,0,0,1,0
1.478990000,1,1,1,1,1,1,0,1,0,0,1,1
1.479490000,1,1,1,1,1,1,0,1,0,0,1,0
1.479907000,0,0,0,0,0,0,0,0,0,0,0,0
1.479912000,1,1,1,0,1,0,1,1,0,0,1,0
1.479990000,1,1,1,0,1,0,1,1,0,0,1,1
1.480490000,1,1,1,0,1,0,1,1,0,0,1,0
1.480907000,0,0,0,0,0,0,0,0,0,0,0,0
1.480912000,1,1,0,1,1,1,0,1,0,0,1,0
1.480990000,1,1,0,1,1,1,0,1,0,0,1,1
1.481490000,1,1,0,1,1,1,0,1,0,0,1,0
1.481907000,0,0,0,0,0,0,0,0,0,0,0,0
1.481912000,0,0,0,0,1,0,1,1,0,0,1,0
1.481990000,0,0,0,0,1,0,1,1,0,0,1,1
1.482490000,0,0,0,0,1,0,1,1,0,0,1,0
1.482907000,0,0,0,0,0,0,0,0,0,0,0,0
1.482912000,0,1,0,1,0,0,1,1,0,0,1,0
1.482990000,0,1,0,1,0,0,1,1,0,0,1,1
1.483490000,0,1,0,1,0,0,1,1,0,0,1,0
1.483907000,0,0,0,0,0,0,0,0,0,0,0,0
1.483912000,0,0,0,1,1,0,1,1,0,0,1,0
1.483990000,0,0,0,1,1,0,1,1,0,0,1,1
1.484490000,0,0,0,1,1,0,1,1,0,0,1,0
1.484906000,0,0,0,1,1,0,1,1,0,0,0,0
1.484907000,0,0,0,0,0,0,0,0,0,0,0,0
1.484912000,1,0,1,1,0,0,1,1,0,0,1,0
1.484990000,1,0,1,1,0,0,1,1,0,0,1,1
1.485490000,1,0,1,1,0,0,1,1,0,0,1,0
1.485906000,1,0,1,1,0,0,1,1,0,0,0,0
1.485907000,0,0,0,0,0,0,0,0,0,0,0,0
1.485912000,0,0,0,0,1,0,1,1,0,0,1,0
1.485990000,0,0,0,0,1,0,1,1,0,0,1,1
1.486490000,0,0,0,0,1,0,1,1,0,0,1,0
1.486906000,0,0,0,0,1,0,1,1,0,0,0,0
1.486907000,0,0,0,0,0,0,0,0,0,0,0,0
1.486912000,1,1,0,1,0,0,1,1,0,0,1,0
1.486990000,1,1,0,1,0,0,1,1,0,0,1,1
1.487490000,1,1,0,1,0,0,1,1,0,0,1,0
1.487906000,1,1,0,1,0,0,1,1,0,0,0,0
1.487907000,0,0,0,0,0,0,0,0,0,0,0,0
1.487912000,0,1,0,0,1,0,1,1,0,0,1,0
1.487990000,0,1,0,0,1,0,1,1,0,0,1,1
1.488490000,0,1,0,0,1,0,1,1,0,0,1,0
1.488906000,0,1,0,0,1,0,1,1,0,0,0,0
1.488907000,0,0,0,0,0,0,0,0,0,0,0,0
1.488912000,0,0,0,0,1,0,1,1,0,0,1,0
1.488990000,0,0,0,0,1,0,1,1,0,0,1,1
1.489490000,0,0,0,0,1,0,1,1,0,0,1,0
1.489906000,0,0,0,0,0,0,0,0,0,0,0,0
1.489912000,1,0,1,1,1,1,0,1,0,0,1,0
1.489990000,1,0,1,1,1,1,0,1,0,0,1,1
1.490490000,1,0,1,1,1,1,0,1,0,0,1,0
1.490906000,0,0,0,0,0,0,0,0,0,0,0,0
1.490912000,0,1,0,1,1,0,1,1,0,0,1,0
1.490990000,0,1,0,1,1,0,1,1,0,0,1,1
1.491490000,0,1,0,1,1,0,1,1,0,0,1,0
1.491906000,0,0,0,0,0,0,0,0,0,0,0,0
1.491912000,1,1,1,1,1,1,0,1,0,0,1,0
1.491990000,1,1,1,1,1,1,0,1,0,0,1,1
1.492490000,1,1,1,1,1,1,0,1,0,0,1,0
1.492906000,0,0,0,0,0,0,0,0,0,0,0,0
1.492912000,0,0,0,0,1,0,1,1,0,0,1,0
1.492990000,0,0,0,0,1,0,1,1,0,0,1,1
1.493490000,0,0,0,0,1,0,1,1,0,0,1,0
1.493906000,0,0,0,0,0,0,0,0,0,0,0,0
1.493912000,0,1,1,1,1,1,0,1,0,0,1,0
1.493990000,0,1,1,1,1,1,0,1,0,0,1,1
1.494490000,0,1,1,1,1,1,0,1,0,0,1,0
1.494906000,0,0,0,0,0,0,0,0,0,0,0,0
1.494912000,0,0,1,1,1,1,0,1,0,0,1,0
1.494990000,0,0,1,1,1,1,0,1,0,0,1,1
1.495490000,0,0,1,1,1,1,0,1,0,0,1,0
1.495906000,0,0,0,0,0,0,0,0,0,0,0,0
1.495911000,0,0,0,0,0,0,1,0,0,0,0,0
1.495912000,1,0,1,0,0,0,1,1,0,0,1,0
1.495990000,1,0,1,0,0,0,1,1,0,0,1,1
1.496490000,1,0,1,0,0,0,1,1,0,0,1,0
1.496906000,0,0,0,0,0,0,0,0,0,0,0,0
1.496912000,0,0,1,1,1,1,0,1,0,0,1,0
1.496990000,0,0,1,1,1,1,0,1,0,0,1,1
1.497490000,0,0,1,1,1,1,0,1,0,0,1,0
1.497906000,0,0,0,0,0,0,0,0,0,0,0,0
1.497911000,0,0,0,0,0,1,0,1,0,0,0,0
1.497912000,0,1,1,1,1,1,0,1,0,0,1,0
1.497990000,0,1,1,1,1,1,0,1,0,0,1,1
1.498490000,0,1,1,1,1,1,0,1,0,0,1,0
1.498906000,0,0,0,0,0,0,0,0,0,0,0,0
1.498911000,0,0,0,1,1,1,0,1,0,0,0,0
1.498912000,1,1,1,1,1,1,0,1,0,0,1,0
1.498990000,1,1,1,1,1,1,0,1,0,0,1,1
1.499490000,1,1,1,1,1,1,0,1,0,0,1,0
1.499906000,0,0,0,0,0,0,0,0,0,0,0,0
1.499911000,0,0,0,1,0,0,1,1,0,0,1,0
1.499990000,0,0,0,1,0,0,1,1,0,0,1,1
1.500490000,0,0,0,1,0,0,1,1,0,0,1,0
1.500906000,0,0,0,0,0,0,0,0,0,0,0,0
1.500911000,1,0,0,1,0,0,1,1,0,0,1,0
1.500990000,1,0,0,1,0,0,1,1,0,0,1,1
1.501490000,1,0,0,1,0,0,1,1,0,0,1,0
1.501906000,0,0,0,0,0,0,0,0,0,0,0,0
1.501911000,1,0,1,1,0,0,1,1,0,0,1,0
1.501990000,1,0,1,1,0,0,1,1,0,0,1,1
1.502490000,1,0,1,1,0,0,1,1,0,0,1,0
1.502906000,0,0,0,0,0,0,0,0,0,0,0,0
1.502911000,1,1,1,1,1,1,0,1,0,0,1,0
1.502990000,1,1,1,1,1,1,0,1,0,0,1,1
1.503490000,1,1,1,1,1,1,0,1,0,0,1,0
1.503906000,0,0,0,0,0,0,0,0,0,0,0,0
1.503911000,0,1,1,0,0,0,1,1,0,0,1,0
1.503990000,0,1,1,0,0,0,1,1,0,0,1,1
1.504490000,0,1,1,0,0,0,1,1,0,0,1,0
1.504906000,0,0,0,0,0,0,0,0,0,0,0,0
1.504911000,1,0,1,1,1,1,0,1,0,0,1,0
1.504990000,1,0,1,1,1,1,0,1,0,0,1,1
1.505490000,1,0,1,1,1,1,0,1,0,0,1,0
1.505906000,0,0,0,0,0,0,0,0,0,0,0,0
1.505911000,0,1,1,0,0,0,1,1,0,0,1,0
1.505990000,0,1,1,0,0,0,1,1,0,0,1,1
1.506490000,0,1,1,0,0,0,1,1,0,0,1,0
1.506906000,0,0,0,0,0,0,0,0,0,0,0,0
1.506911000,0,0,0,0,0,0,1,1,0,0,1,0
1.506990000,0,0,0,0,0,0,1,1,0,0,1,1
1.507490000,0,0,0,0,0,0,1,1,0,0,1,0
1.507906000,0,0,0,0,0,0,0,0,0,0,0,0
1.507911000,1,1,1,1,1,1,0,1,0,0,1,0
1.507990000,1,1,1,1,1,1,0,1,0,0,1,1
1.508490000,1,1,1,1,1,1,0,1,0,0,1,0
1.508906000,0,0,0,0,0,0,0,0,0,0,0,0
1.508911000,0,0,0,1,0,0,1,1,0,0,1,0
1.508990000,0,0,0,1,0,0,1,1,0,0,1,1
1.509490000,0,0,0,1,0,0,1,1,0,0,1,0
1.509906000,0,0,0,0,0,0,0,0,0,0,0,0
1.509911000,1,1,1,0,1,1,0,1,0,0,1,0
1.509990000,1,1,1,0,1,1,0,1,0,0,1,1
1.510490000,1,1,1,0,1,1,0,1,0,0,1,0
1.510906000,0,0,0,0,0,0,0,0,0,0,0,0
1.510911000,1,1,0,1,1,1,0,1,0,0,1,0
1.510990000,1,1,0,1,1,1,0,1,0,0,1,1
1.511490000,1,1,0,1,1,1,0,1,0,0,1,0
1.511906000,0,0,0,0,0,0,0,0,0,0,0,0
1.511911000,1,0,0,0,0,0,1,1,0,0,1,0
1.511990000,1,0,0,0,0,0,1,1,0,0,1,1
1.512490000,1,0,0,0,0,0,1,1,0,0,1,0
1.512906000,0,0,0,0,0,0,0,0,0,0,0,0
1.512911000,1,1,1,1,1,1,0,1,0,0,1,0
1.512990000,1,1,1,1,1,1,0,1,0,0,1,1
1.513490000,1,1,1,1,1,1,0,1,0,0,1,0
1.513906000,0,0,0,0,0,0,0,0,0,0,0,0
1.513911000,1,1,1,0,1,1,0,1,0,0,1,0
1.513990000,1,1,1,0,1,1,0,1,0,0,1,1
1.514490000,1,1,1,0,1,1,0,1,0,0,1,0
1.514906000,0,0,0,0,0,0,0,0,0,0,0,0
1.514911000,1,1,1,1,1,1,0,1,0,0,1,0
1.514990000,1,1,1,1,1,1,0,1,0,0,1,1
1.515490000,1,1,1,1,1,1,0,1,0,0,1,0
1.515906000,0,0,0,0,0,0,0,0,0,0,0,0
1.515911000,1,1,1,1,1,1,0,1,0,0,1,0
1.515990000,1,1,1,1,1,1,0,1,0,0,1,1
1.516490000,1,1,1,1,1,1,0,1,0,0,1,0
1.516906000,0,0,0,0,0,0,0,0,0,0,0,0
1.516911000,1,1,1,1,1,1,0,1,0,0,1,0
1.516990000,1,1,1,1,1,1,0,1,0,0,1,1
1.517490000,1,1,1,1,1,1,0,1,0,0,1,0
1.517906000,0,0,0,0,0,0,0,0,0,0,0,0
1.517911000,1,1,1,1,1,1,0,1,0,0,1,0
1.517990000,1,1,1,1,1,1,0,1,0,0,1,1
1.518490000,1,1,1,1,1,1,0,1,0,0,1,0
1.518906000,0,0,0,0,0,0,0,0,0,0,0,0
1.518911000,1,1,1,1,1,1,0,1,0,0,1,0
1.518990000,1,1,1,1,1,1,0,1,0,0,1,1
1.519490000,1,1,1,1,1,1,0,1,0,0,1,0
1.519906000,0,0,0,0,0,0,0,0,0,0,0,0
1.519911000,1,1,0,0,1,1,0,1,0,0,1,0
1.519990000,1,1,0,0,1,1,0,1,0,0,1,1
1.520490000,1,1,0,0,1,1,0,1,0,0,1,0
1.520906000,0,0,0,0,0,0,0,0,0,0,0,0
1.520911000,1,1,1,0,0,0,1,1,0,0,1,0
1.520990000,1,1,1,0,0,0,1,1,0,0,1,1
1.521490000,1,1,1,0,0,0,1,1,0,0,1,0
1.521906000,0,0,0,0,0,0,0,0,0,0,0,0
1.521911000,0,1,0,1,1,1,0,1,0,0,1,0
1.521990000,0,1,0,1,1,1,0,1,0,0,1,1
1.522490000,0,1,0,1,1,1,0,1,0,0,1,0
1.522906000,0,0,0,0,0,0,0,0,0,0,0,0
1.522911000,0,1,0,1,0,0,1,1,0,0,1,0
1.522990000,0,1,0,1,0,0,1,1,0,0,1,1
1.523490000,0,1,0,1,0,0,1,1,0,0,1,0
1.523906000,0,0,0,0,0,0,0,0,0,0,0,0
1.523911000,0,1,1,1,1,1,0,1,0,0,1,0
1.523990000,0,1,1,1,1,1,0,1,0,0,1,1
1.524490000,0,1,1,1,1,1,0,1,0,0,1,0
1.524906000,0,0,0,0,0,0,0,0,0,0,0,0
1.524911000,1,1,0,1,1,1,0,1,0,0,1,0
1.524990000,1,1,0,1,1,1,0,1,0,0,1,1
1.525490000,1,1,0,1,1,1,0,1,0,0,1,0
1.525906000,0,0,0,0,0,0,0,0,0,0,0,0
1.525911000,1,0,1,1,0,0,1,1,0,0,1,0
1.525990000,1,0,1,1,0,0,1,1,0,0,1,1
1.526490000,1,0,1,1,0,0,1,1,0,0,1,0
1.526906000,0,0,0,0,0,0,0,0,0,0,0,0
1.526911000,0,1,0,0,0,0,1,1,0,0,1,0
1.526990000,0,1,0,0,0,0,1,1,0,0,1,1
1.527490000,0,1,0,0,0,0,1,1,0,0,1,0
1.527906000,0,0,0,0,0,0,0,0,0,0,0,0
1.527911000,0,0,0,0,1,0,1,1,0,0,1,0
1.527990000,0,0,0,0,1,0,1,1,0,0,1,1
1.528490000,0,0,0,0,1,0,1,1,0,0,1,0
1.528906000,0,0,0,0,0,0,0,0,0,0,0,0
1.528911000,0,0,1,0,1,1,0,1,0,0,1,0
1.528990000,0,0,1,0,1,1,0,1,0,0,1,1
1.529490000,0,0,1,0,1,1,0,1,0,0,1,0
1.529906000,0,0,0,0,0,0,0,0,0,0,0,0
1.529911000,1,1,1,1,1,1,0,1,0,0,1,0
1.529990000,1,1,1,1,1,1,0,1,0,0,1,1
1.530490000,1,1,1,1,1,1,0,1,0,0,1,0
1.530906000,0,0,0,0,0,0,0,0,0,0,0,0
1.530911000,1,0,0,1,1,1,0,1,0,0,1,0
1.530990000,1,0,0,1,1,1,0,1,0,0,1,1
1.531490000,1,0,0,1,1,1,0,1,0,0,1,0
1.531906000,0,0,0,0,0,0,0,0,0,0,0,0
1.531911000,1,1,1,1,1,1,0,1,0,0,1,0
1.531989000,1,1,1,1,1,1,0,1,0,0,1,1
1.532489000,1,1,1,1,1,1,0,1,0,0,1,0
1.532906000,0,0,0,0,0,0,0,0,0,0,0,0
1.532911000,1,1,1,1,1,1,0,1,0,0,1,0
1.532989000,1,1,1,1,1,1,0,1,0,0,1,1
1.533489000,1,1,1,1,1,1,0,1,0,0,1,0
1.533906000,0,0,0,0,0,0,0,0,0,0,0,0
1.533911000,1,1,0,0,0,0,1,1,0,0,1,0
1.533989000,1,1,0,0,0,0,1,1,0,0,1,1
1.534489000,1,1,0,0,0,0,1,1,0,0,1,0
1.534906000,0,0,0,0,0,0,0,0,0,0,0,0
1.534911000,0,0,0,0,0,0,1,1,0,0,1,0
1.534989000,0,0,0,0,0,0,1,1,0,0,1,1
1.535489000,0,0,0,0,0,0,1,1,0,0,1,0
1.535906000,0,0,0,0,0,0,0,0,0,0,0,0
1.535911000,1,1,1,1,1,1,0,1,0,0,1,0
1.535989000,1,1,1,1,1,1,0,1,0,0,1,1
1.536489000,1,1,1,1,1,1,0,1,0,0,1,0
1.536906000,0,0,0,0,0,0,0,0,0,0,0,0
1.536911000,1,1,1,0,0,0,1,1,0,0,1,0
1.536989000,1,1,1,0,0,0,1,1,0,0,1,1
1.537489000,1,1,1,0,0,0,1,1,0,0,1,0
1.537906000,0,0,0,0,0,0,0,0,0,0,0,0
1.537911000,0,0,1,0,0,0,1,1,0,0,1,0
1.537989000,0,0,1,0,0,0,1,1,0,0,1,1
1.538489000,0,0,1,0,0,0,1,1,0,0,1,0
1.538906000,0,0,0,0,0,0,0,0,0,0,0,0
1.538911000,0,0,0,0,0,0,1,1,0,0,1,0
1.538989000,0,0,0,0,0,0,1,1,0,0,1,1
1.539489000,0,0,0,0,0,0,1,1,0,0,1,0
1.539906000,0,0,0,0,0,0,0,0,0,0,0,0
1.539911000,1,0,1,1,0,0,1,1,0,0,1,0
1.539989000,1,0,1,1,0,0,1,1,0,0,1,1
1.540489000,1,0,1,1,0,0,1,1,0,0,1,0
1.540906000,0,0,0,0,0,0,0,0,0,0,0,0
1.540911000,1,1,1,1,1,1,0,1,0,0,1,0
1.540989000,1,1,1,1,1,1,0,1,0,0,1,1
1.541489000,1,1,1,1,1,1,0,1,0,0,1,0
1.541906000,0,0,0,0,0,0,0,0,0,0,0,0
1.541911000,1,1,1,0,1,1,0,1,0,0,1,0
1.541989000,1,1,1,0,1,1,0,1,0,0,1,1
1.542489000,1,1,1,0,1,1,0,1,0,0,1,0
1.542906000,0,0,0,0,0,0,0,0,0,0,0,0
1.542911000,0,0,0,0,1,0,1,1,0,0,1,0
1.542989000,0,0,0,0,1,0,1,1,0,0,1,1
1.543489000,0,0,0,0,1,0,1,1,0,0,1,0
1.543906000,0,0,0,0,0,0,0,0,0,0,0,0
1.543911000,0,0,0,0,0,0,1,1,0,0,1,0
1.543989000,0,0,0,0,0,0,1,1,0,0,1,1
1.544489000,0,0,0,0,0,0,1,1,0,0,1,0
1.544906000,0,0,0,0,0,0,0,0,0,0,0,0
1.544911000,1,1,1,1,1,1,0,1,0,0,1,0
1.544989000,1,1,1,1,1,1,0,1,0,0,1,1
1.545489000,1,1,1,1,1,1,0,1,0,0,1,0
1.545906000,0,0,0,0,0,0,0,0,0,0,0,0
1.545911000,0,1,0,1,0,0,1,1,0,0,1,0
1.545989000,0,1,0,1,0,0,1,1,0,0,1,1
1.546489000,0,1,0,1,0,0,1,1,0,0,1,0
1.546906000,0,0,0,0,0,0,0,0,0,0,0,0
1.546911000,1,1,1,1,1,1,0,1,0,0,1,0
1.546989000,1,1,1,1,1,1,0,1,0,0,1,1
1.547489000,1,1,1,1,1,1,0,1,0,0,1,0
1.547906000,0,0,0,0,0,0,0,0,0,0,0,0
1.547911000,0,0,0,0,0,0,1,1,0,0,1,0
1.547989000,0,0,0,0,0,0,1,1,0,0,1,1
1.548489000,0,0,0,0,0,0,1,1,0,0,1,0
1.548906000,0,0,0,0,0,0,0,0,0,0,0,0
1.548911000,1,1,0,1,0,1,0,1,0,0,1,0
1.548989000,1,1,0,1,0,1,0,1,0,0,1,1
1.549489000,1,1,0,1,0,1,0,1,0,0,1,0
1.549906000,0,0,0,0,0,0,0,0,0,0,0,0
1.549911000,1,1,0,1,0,0,1,1,0,0,1,0
1.549989000,1,1,0,1,0,0,1,1,0,0,1,1
1.550489000,1,1,0,1,0,0,1,1,0,0,1,0
1.550906000,0,0,0,0,0,0,0,0,0,0,0,0
1.550911000,1,0,1,0,0,0,1,1,0,0,1,0
1.550989000,1,0,1,0,0,0,1,1,0,0,1,1
1.551489000,1,0,1,0,0,0,1,1,0,0,1,0
1.551906000,0,0,0,0,0,0,0,0,0,0,0,0
1.551911000,1,0,1,0,1,0,1,1,0,0,1,0
1.551989000,1,0,1,0,1,0,1,1,0,0,1,1
1.552489000,1,0,1,0,1,0,1,1,0,0,1,0
1.552906000,0,0,0,0,0,0,0,0,0,0,0,0
1.552911000,1,0,0,0,0,0,1,1,0,0,1,0
1.552989000,1,0,0,0,0,0,1,1,0,0,1,1
1.553489000,1,0,0,0,0,0,1,1,0,0,1,0
1.553906000,0,0,0,0,0,0,0,0,0,0,0,0
1.553911000,0,0,1,0,0,0,1,1,0,0,1,0
1.553989000,0,0,1,0,0,0,1,1,0,0,1,1
1.554489000,0,0,1,0,0,0,1,1,0,0,1,0
1.554906000,0,0,0,0,0,0,0,0,0,0,0,0
1.554911000,1,0,1,1,1,1,0,1,0,0,1,0
1.554989000,1,0,1,1,1,1,0,1,0,0,1,1
1.555489000,1,0,1,1,1,1,0,1,0,0,1,0
1.555906000,0,0,0,0,0,0,0,0,0,0,0,0
1.555911000,1,1,1,0,1,0,1,1,0,0,1,0
1.555989000,1,1,1,0,1,0,1,1,0,0,1,1
1.556489000,1,1,1,0,1,0,1,1,0,0,1,0
1.556906000,0,0,0,0,0,0,0,0,0,0,0,0
1.556911000,1,0,0,0,0,0,1,1,0,0,1,0
1.556989000,1,0,0,0,0,0,1,1,0,0,1,1
1.557489000,1,0,0,0,0,0,1,1,0,0,1,0
1.557906000,0,0,0,0,0,0,0,0,0,0,0,0
1.557911000,0,0,1,1,0,0,1,1,0,0,1,0
1.557989000,0,0,1,1,0,0,1,1,0,0,1,1
1.558489000,0,0,1,1,0,0,1,1,0,0,1,0
1.558906000,0,0,0,0,0,0,0,0,0,0,0,0
1.558911000,1,1,1,1,0,0,1,1,0,0,1,0
1.558989000,1,1,1,1,0,0,1,1,0,0,1,1
1.559489000,1,1,1,1,0,0,1,1,0,0,1,0
1.559906000,0,0,0,0,0,0,0,0,0,0,0,0
1.559911000,1,1,1,1,1,1,0,1,0,0,1,0
1.559989000,1,1,1,1,1,1,0,1,0,0,1,1
1.560489000,1,1,1,1,1,1,0,1,0,0,1,0
1.560906000,0,0,0,0,0,0,0,0,0,0,0,0
1.560911000,0,0,1,0,0,1,1,1,0,0,1,0
1.560989000,0,0,1,0,0,1,1,1,0,0,1,1
1.561489000,0,0,1,0,0,1,1,1,0,0,1,0
1.561906000,0,0,0,0,0,0,0,0,0,0,0,0
1.561911000,0,0,0,1,1,0,1,1,0,0,1,0
1.561989000,0,0,0,1,1,0,1,1,0,0,1,1
1.562489000,0,0,0,1,1,0,1,1,0,0,1,0
1.562906000,0,0,0,0,0,0,0,0,0,0,0,0
1.562911000,1,1,1,1,1,1,0,1,0,0,1,0
1.562989000,1,1,1,1,1,1,0,1,0,0,1,1
1.563489000,1,1,1,1,1,1,0,1,0,0,1,0
1.563906000,0,0,0,0,0,0,0,0,0,0,0,0
1.563911000,0,0,1,1,0,0,1,1,0,0,1,0
1.563989000,0,0,1,1,0,0,1,1,0,0,1,1
1.564489000,0,0,1,1,0,0,1,1,0,0,1,0
1.564906000,0,0,0,0,0,0,0,0,0,0,0,0
1.564911000,1,0,0,1,0,0,1,1,0,0,1,0
1.564989000,1,0,0,1,0,0,1,1,0,0,1,1
1.565489000,1,0,0,1,0,0,1,1,0,0,1,0
1.565906000,0,0,0,0,0,0,0,0,0,0,0,0
1.565911000,1,1,1,1,1,1,0,1,0,0,1,0
1.565989000,1,1,1,1,1,1,0,1,0,0,1,1
1.566489000,1,1,1,1,1,1,0,1,0,0,1,0
1.566906000,0,0,0,0,0,0,0,0,0,0,0,0
1.566911000,1,1,1,0,1,1,0,1,0,0,1,0
1.566989000,1,1,1,0,1,1,0,1,0,0,1,1
1.567489000,1,1,1,0,1,1,0,1,0,0,1,0
1.567906000,0,0,0,0,0,0,0,0,0,0,0,0
1.567911000,0,0,0,1,0,0,1,1,0,0,1,0
1.567989000,0,0,0,1,0,0,1,1,0,0,1,1
1.568489000,0,0,0,1,0,0,1,1,0,0,1,0
1.568906000,0,0,0,0,0,0,0,0,0,0,0,0
1.568911000,0,0,1,1,0,0,1,1,0,0,1,0
1.568989000,0,0,1,1,0,0,1,1,0,0,1,1
1.569489000,0,0,1,1,0,0,1,1,0,0,1,0
1.569906000,0,0,0,0,0,0,0,0,0,0,0,0
1.569911000,0,0,0,0,1,0,1,1,0,0,1,0
1.569989000,0,0,0,0,1,0,1,1,0,0,1,1
1.570489000,0,0,0,0,1,0,1,1,0,0,1,0
1.570906000,0,0,0,0,0,0,0,0,0,0,0,0
1.570911000,0,0,1,1,0,0,1,1,0,0,1,0
1.570989000,0,0,1,1,0,0,1,1,0,0,1,1
1.571489000,0,0,1,1,0,0,1,1,0,0,1,0
1.571906000,0,0,0,0,0,0,0,0,0,0,0,0
1.571911000,1,0,1,1,1,1,0,1,0,0,1,0
1.571989000,1,0,1,1,1,1,0,1,0,0,1,1
1.572489000,1,0,1,1,1,1,0,1,0,0,1,0
1.572906000,0,0,0,0,0,0,0,0,0,0,0,0
1.572911000,0,1,0,0,0,0,1,1,0,0,1,0
1.572989000,0,1,0,0,0,0,1,1,0,0,1,1
1.573489000,0,1,0,0,0,0,1,1,0,0,1,0
1.573906000,0,0,0,0,0,0,0,0,0,0,0,0
1.573911000,1,1,0,0,1,0,1,1,0,0,1,0
1.573989000,1,1,0,0,1,0,1,1,0,0,1,1
1.574489000,1,1,0,0,1,0,1,1,0,0,1,0
1.574906000,0,0,0,0,0,0,0,0,0,0,0,0
1.574911000,0,0,0,0,1,0,1,1,0,0,1,0
1.574989000,0,0,0,0,1,0,1,1,0,0,1,1
1.575489000,0,0,0,0,1,0,1,1,0,0,1,0
1.575906000,0,0,0,0,0,0,0,0,0,0,0,0
1.575911000,1,1,1,1,1,1,0,1,0,0,1,0
1.575989000,1,1,1,1,1,1,0,1,0,0,1,1
1.576489000,1,1,1,1,1,1,0,1,0,0,1,0
1.576906000,0,0,0,0,0,0,0,0,0,0,0,0
1.576911000,1,1,1,1,1,1,0,1,0,0,1,0
1.576989000,1,1,1,1,1,1,0,1,0,0,1,1
1.577489000,1,1,1,1,1,1,0,1,0,0,1,0
1.577906000,0,0,0,0,0,0,0,0,0,0,0,0
1.577911000,1,1,1,0,1,1,0,1,0,0,1,0
1.577989000,1,1,1,0,1,1,0,1,0,0,1,1
1.578489000,1,1,1,0,1,1,0,1,0,0,1,0
1.578906000,0,0,0,0,0,0,0,0,0,0,0,0
1.578911000,0,0,1,0,1,0,1,1,0,0,1,0
1.578989000,0,0,1,0,1,0,1,1,0,0,1,1
1.579489000,0,0,1,0,1,0,1,1,0,0,1,0
1.579906000,0,0,0,0,0,0,0,0,0,0,0,0
1.579911000,1,1,1,1,1,1,0,1,0,0,1,0
1.579989000,1,1,1,1,1,1,0,1,0,0,1,1
1.580489000,1,1,1,1,1,1,0,1,0,0,1,0
1.580906000,0,0,0,0,0,0,0,0,0,0,0,0
1.580911000,1,1,1,0,0,0,1,1,0,0,1,0
1.580989000,1,1,1,0,0,0,1,1,0,0,1,1
1.581489000,1,1,1,0,0,0,1,1,0,0,1,0
1.581906000,0,0,0,0,0,0,0,0,0,0,0,0
1.581911000,1,1,1,1,1,1,0,1,0,0,1,0
1.581989000,1,1,1,1,1,1,0,1,0,0,1,1
1.582489000,1,1,1,1,1,1,0,1,0,0,1,0
1.582906000,0,0,0,0,0,0,0,0,0,0,0,0
1.582911000,0,1,0,0,1,0,1,1,0,0,1,0
1.582989000,0,1,0,0,1,0,1,1,0,0,1,1
1.583489000,0,1,0,0,1,0,1,1,0,0,1,0
1.583906000,0,0,0,0,0,0,0,0,0,0,0,0
1.583911000,0,0,1,1,0,0,1,1,0,0,1,0
1.583989000,0,0,1,1,0,0,1,1,0,0,1,1
1.584489000,0,0,1,1,0,0,1,1,0,0,1,0
1.584906000,0,0,0,0,0,0,0,0,0,0,0,0
1.584911000,0,1,0,1,0,0,1,1,0,0,1,0
1.584989000,0,1,0,1,0,0,1,1,0,0,1,1
1.585489000,0,1,0,1,0,0,1,1,0,0,1,0
1.585906000,0,0,0,0,0,0,0,0,0,0,0,0
1.585911000,1,1,0,1,0,0,1,1,0,0,1,0
1.585989000,1,1,0,1,0,0,1,1,0,0,1,1
1.586489000,1,1,0,1,0,0,1,1,0,0,1,0
1.586906000,0,0,0,0,0,0,0,0,0,0,0,0
1.586911000,1,1,1,1,1,1,0,1,0,0,1,0
1.586989000,1,1,1,1,1,1,0,1,0,0,1,1
1.587489000,1,1,1,1,1,1,0,1,0,0,1,0
1.587906000,0,0,0,0,0,0,0,0,0,0,0,0
1.587911000,0,1,1,1,0,0,1,1,0,0,1,0
1.587989000,0,1,1,1,0,0,1,1,0,0,1,1
1.588489000,0,1,1,1,0,0,1,1,0,0,1,0
1.588906000,0,0,0,0,0,0,0,0,0,0,0,0
1.588911000,0,0,1,0,1,0,1,1,0,0,1,0
1.588989000,0,0,1,0,1,0,1,1,0,0,1,1
1.589489000,0,0,1,0,1,0,1,1,0,0,1,0
1.589906000,0,0,0,0,0,0,0,0,0,0,0,0
1.589911000,0,0,1,1,0,0,1,1,0,0,1,0
1.589989000,0,0,1,1,0,0,1,1,0,0,1,1
1.590489000,0,0,1,1,0,0,1,1,0,0,1,0
1.590906000,0,0,0,0,0,0,0,0,0,0,0,0
1.590911000,0,1,0,1,0,0,1,1,0,0,1,0
1.590989000,0,1,0,1,0,0,1,1,0,0,1,1
1.591489000,0,1,0,1,0,0,1,1,0,0,1,0
1.591906000,0,0,0,0,0,0,0,0,0,0,0,0
1.591911000,1,1,1,0,1,0,1,1,0,0,1,0
1.591989000,1,1,1,0,1,0,1,1,0,0,1,1
1.592489000,1,1,1,0,1,0,1,1,0,0,1,0
1.592906000,0,0,0,0,0,0,0,0,0,0,0,0
1.592911000,0,0,1,0,0,0,1,1,0,0,1,0
1.592989000,0,0,1,0,0,0,1,1,0,0,1,1
1.593489000,0,0,1,0,0,0,1,1,0,0,1,0
1.593906000,0,0,0,0,0,0,0,0,0,0,0,0
1.593911000,1,1,1,0,0,0,1,1,0,0,1,0
1.593989000,1,1,1,0,0,0,1,1,0,0,1,1
1.594489000,1,1,1,0,0,0,1,1,0,0,1,0
1.594906000,0,0,0,0,0,0,0,0,0,0,0,0
1.594911000,1,1,1,1,1,1,0,1,0,0,1,0
1.594989000,1,1,1,1,1,1,0,1,0,0,1,1
1.595489000,1,1,1,1,1,1,0,1,0,0,1,0
1.595906000,0,0,0,0,0,0,0,0,0,0,0,0
1.595911000,1,0,0,1,0,0,1,1,0,0,1,0
1.595989000,1,0,0,1,0,0,1,1,0,0,1,1
1.596489000,1,0,0,1,0,0,1,1,0,0,1,0
1.596906000,0,0,0,0,0,0,0,0,0,0,0,0
1.596911000,0,1,1,1,0,0,1,1,0,0,1,0
1.596989000,0,1,1,1,0,0,1,1,0,0,1,1
1.597489000,0,1,1,1,0,0,1,1,0,0,1,0
1.597906000,0,0,0,0,0,0,0,0,0,0,0,0
1.597911000,0,0,0,0,1,0,1,1,0,0,1,0
1.597989000,0,0,0,0,1,0,1,1,0,0,1,1
1.598489000,0,0,0,0,1,0,1,1,0,0,1,0
1.598906000,0,0,0,0,0,0,0,0,0,0,0,0
1.598911000,0,0,0,0,1,0,1,1,0,0,1,0
1.598989000,0,0,0,0,1,0,1,1,0,0,1,1
1.599489000,0,0,0,0,1,0,1,1,0,0,1,0
1.599906000,0,0,0,0,0,0,0,0,0,0,0,0
1.599911000,1,1,1,1,1,1,0,1,0,0,1,0
1.599989000,1,1,1,1,1,1,0,1,0,0,1,1
1.600489000,1,1,1,1,1,1,0,1,0,0,1,0
1.600906000,0,0,0,0,0,0,0,0,0,0,0,0
1.600911000,1,1,0,1,0,0,1,1,0,0,1,0
1.600989000,1,1,0,1,0,0,1,1,0,0,1,1
1.601489000,1,1,0,1,0,0,1,1,0,0,1,0
1.601906000,0,0,0,0,0,0,0,0,0,0,0,0
1.601911000,1,0,1,1,0,0,1,1,0,0,1,0
1.601989000,1,0,1,1,0,0,1,1,0,0,1,1
1.602489000,1,0,1,1,0,0,1,1,0,0,1,0
1.602906000,0,0,0,0,0,0,0,0,0,0,0,0
1.602911000,0,0,0,0,1,0,1,1,0,0,1,0
1.602989000,0,0,0,0,1,0,1,1,0,0,1,1
1.603489000,0,0,0,0,1,0,1,1,0,0,1,0
1.603906000,0,0,0,0,0,0,0,0,0,0,0,0
1.603911000,1,0,0,1,0,0,1,1,0,0,1,0
1.603989000,1,0,0,1,0,0,1,1,0,0,1,1
1.604489000,1,0,0,1,0,0,1,1,0,0,1,0
1.604906000,0,0,0,0,0,0,0,0,0,0,0,0
1.604911000,0,1,0,1,0,0,1,1,0,0,1,0
1.604989000,0,1,0,1,0,0,1,1,0,0,1,1
1.605489000,0,1,0,1,0,0,1,1,0,0,1,0
1.605906000,0,0,0,0,0,0,0,0,0,0,0,0
1.605911000,1,0,1,1,1,1,0,1,0,0,1,0
1.605989000,1,0,1,1,1,1,0,1,0,0,1,1
1.606489000,1,0,1,1,1,1,0,1,0,0,1,0
1.606906000,0,0,0,0,0,0,0,0,0,0,0,0
1.606911000,1,1,0,0,0,0,1,1,0,0,1,0
1.606989000,1,1,0,0,0,0,1,1,0,0,1,1
1.607489000,1,1,0,0,0,0,1,1,0,0,1,0
1.607906000,0,0,0,0,0,0,0,0,0,0,0,0
1.607911000,0,0,0,1,0,0,1,1,0,0,1,0
1.607989000,0,0,0,1,0,0,1,1,0,0,1,1
1.608489000,0,0,0,1,0,0,1,1,0,0,1,0
1.608906000,0,0,0,0,0,0,0,0,0,0,0,0
1.608911000,0,1,1,1,1,1,0,1,0,0,1,0
1.608989000,0,1,1,1,1,1,0,1,0,0,1,1
1.609489000,0,1,1,1,1,1,0,1,0,0,1,0
1.609906000,0,0,0,0,0,0,0,0,0,0,0,0
1.609911000,0,0,1,1,0,0,1,1,0,0,1,0
1.609989000,0,0,1,1,0,0,1,1,0,0,1,1
1.610489000,0,0,1,1,0,0,1,1,0,0,1,0
1.610906000,0,0,0,0,0,0,0,0,0,0,0,0
1.610911000,1,1,0,1,0,0,1,1,0,0,1,0
1.610989000,1,1,0,1,0,0,1,1,0,0,1,1
1.611489000,1,1,0,1,0,0,1,1,0,0,1,0
1.611906000,0,0,0,0,0,0,0,0,0,0,0,0
1.611911000,0,0,0,1,0,0,1,1,0,0,1,0
1.611989000,0,0,0,1,0,0,1,1,0,0,1,1
1.612489000,0,0,0,1,0,0,1,1,0,0,1,0
1.612906000,0,0,0,0,0,0,0,0,0,0,0,0
1.612911000,1,1,0,1,0,0,1,1,0,0,1,0
1.612989000,1,1,0,1,0,0,1,1,0,0,1,1
1.613489000,1,1,0,1,0,0,1,1,0,0,1,0
1.613906000,0,0,0,0,0,0,0,0,0,0,0,0
1.613911000,0,1,0,0,1,0,1,1,0,0,1,0
1.613989000,0,1,0,0,1,0,1,1,0,0,1,1
1.614489000,0,1,0,0,1,0,1,1,0,0,1,0
1.614906000,0,0,0,0,0,0,0,0,0,0,0,0
1.614911000,1,0,1,1,1,1,0,1,0,0,1,0
1.614989000,1,0,1,1,1,1,0,1,0,0,1,1
1.615489000,1,0,1,1,1,1,0,1,0,0,1,0
1.615906000,0,0,0,0,0,0,0,0,0,0,0,0
1.615911000,1,1,1,1,1,1,0,1,0,0,1,0
1.615989000,1,1,1,1,1,1,0,1,0,0,1,1
1.616489000,1,1,1,1,1,1,0,1,0,0,1,0
1.616906000,0,0,0,0,0,0,0,0,0,0,0,0
1.616911000,1,0,0,1,1,1,0,1,0,0,1,0
1.616989000,1,0,0,1,1,1,0,1,0,0,1,1
1.617489000,1,0,0,1,1,1,0,1,0,0,1,0
1.617906000,0,0,0,0,0,0,0,0,0,0,0,0
1.617911000,1,1,0,1,0,0,1,1,0,0,1,0
1.617989000,1,1,0,1,0,0,1,1,0,0,1,1
1.618489000,1,1,0,1,0,0,1,1,0,0,1,0
1.618906000,0,0,0,0,0,0,0,0,0,0,0,0
1.618911000,1,1,1,1,0,0,1,1,0,0,1,0
1.618989000,1,1,1,1,0,0,1,1,0,0,1,1
1.619489000,1,1,1,1,0,0,1,1,0,0,1,0
1.619906000,0,0,0,0,0,0,0,0,0,0,0,0
1.619911000,0,0,1,0,1,0,1,1,0,0,1,0
1.619989000,0,0,1,0,1,0,1,1,0,0,1,1
1.620489000,0,0,1,0,1,0,1,1,0,0,1,0
1.620906000,0,0,0,0,0,0,0,0,0,0,0,0
1.620911000,0,0,1,0,1,0,1,1,0,0,1,0
1.620989000,0,0,1,0,1,0,1,1,0,0,1,1
1.621489000,0,0,1,0,1,0,1,1,0,0,1,0
1.621906000,0,0,0,0,0,0,0,0,0,0,0,0
1.621911000,1,1,1,0,1,1,0,1,0,0,1,0
1.621989000,1,1,1,0,1,1,0,1,0,0,1,1
1.622489000,1,1,1,0,1,1,0,1,0,0,1,0
1.622906000,0,0,0,0,0,0,0,0,0,0,0,0
1.622911000,0,1,1,1,1,1,0,1,0,0,1,0
1.622989000,0,1,1,1,1,1,0,1,0,0,1,1
1.623489000,0,1,1,1,1,1,0,1,0,0,1,0
1.623906000,0,0,0,0,0,0,0,0,0,0,0,0
1.623911000,0,0,0,1,0,0,1,1,0,0,1,0
1.623989000,0,0,0,1,0,0,1,1,0,0,1,1
1.624489000,0,0,0,1,0,0,1,1,0,0,1,0
1.624906000,0,0,0,0,0,0,0,0,0,0,0,0
1.624911000,1,1,1,1,1,1,0,1,0,0,1,0
1.624989000,1,1,1,1,1,1,0,1,0,0,1,1
1.625489000,1,1,1,1,1,1,0,1,0,0,1,0
1.625906000,0,0,0,0,0,0,0,0,0,0,0,0
1.625911000,0,0,1,0,0,0,1,1,0,0,1,0
1.625989000,0,0,1,0,0,0,1,1,0,0,1,1
1.626489000,0,0,1,0,0,0,1,1,0,0,1,0
1.626906000,0,0,0,0,0,0,0,0,0,0,0,0
1.626911000,1,1,1,0,0,0,1,1,0,0,1,0
1.626989000,1,1,1,0,0,0,1,1,0,0,1,1
1.627489000,1,1,1,0,0,0,1,1,0,0,1,0
1.627906000,0,0,0,0,0,0,0,0,0,0,0,0
1.627911000,0,1,1,1,1,1,0,1,0,0,1,0
1.627989000,0,1,1,1,1,1,0,1,0,0,1,1
1.628489000,0,1,1,1,1,1,0,1,0,0,1,0
1.628906000,0,0,0,0,0,0,0,0,0,0,0,0
1.628911000,1,1,1,1,0,1,0,1,0,0,1,0
1.628989000,1,1,1,1,0,1,0,1,0,0,1,1
1.629489000,1,1,1,1,0,1,0,1,0,0,1,0
1.629905000,1,1,1,1,0,1,0,1,0,0,0,0
1.629906000,0,0,0,0,0,0,0,0,0,0,0,0
1.629911000,1,0,1,0,1,1,0,1,0,0,1,0
1.629989000,1,0,1,0,1,1,0,1,0,0,1,1
1.630489000,1,0,1,0,1,1,0,1,0,0,1,0
1.630905000,1,0,1,0,1,1,0,1,0,0,0,0
1.630906000,0,0,0,0,0,0,0,0,0,0,0,0
1.630911000,0,0,1,0,1,0,1,1,0,0,1,0
1.630989000,0,0,1,0,1,0,1,1,0,0,1,1
1.631489000,0,0,1,0,1,0,1,1,0,0,1,0
1.631905000,0,0,1,0,1,0,1,1,0,0,0,0
1.631906000,0,0,0,0,0,0,0,0,0,0,0,0
1.631911000,1,1,1,1,1,1,0,1,0,0,1,0
1.631989000,1,1,1,1,1,1,0,1,0,0,1,1
1.632489000,1,1,1,1,1,1,0,1,0,0,1,0
1.632905000,1,1,1,1,1,1,0,1,0,0,0,0
1.632906000,0,0,0,0,0,0,0,0,0,0,0,0
1.632911000,0,0,1,1,0,0,1,1,0,0,1,0
1.632989000,0,0,1,1,0,0,1,1,0,0,1,1
1.633489000,0,0,1,1,0,0,1,1,0,0,1,0
1.633905000,0,0,1,1,0,0,1,1,0,0,0,0
1.633906000,0,0,0,0,0,0,0,0,0,0,0,0
1.633911000,1,1,0,1,0,0,1,1,0,0,1,0
1.633989000,1,1,0,1,0,0,1,1,0,0,1,1
1.634489000,1,1,0,1,0,0,1,1,0,0,1,0
1.634905000,0,0,0,1,0,0,1,1,0,0,1,0
1.634906000,0,0,0,0,0,0,0,0,0,0,0,0
1.634911000,1,1,1,1,0,0,1,1,0,0,1,0
1.634989000,1,1,1,1,0,0,1,1,0,0,1,1
1.635489000,1,1,1,1,0,0,1,1,0,0,1,0
1.635905000,0,0,0,0,0,0,0,0,0,0,0,0
1.635911000,1,0,1,1,1,1,0,1,0,0,1,0
1.635989000,1,0,1,1,1,1,0,1,0,0,1,1
1.636489000,1,0,1,1,1,1,0,1,0,0,1,0
1.636905000,0,0,0,0,0,0,0,0,0,0,0,0
1.636911000,0,1,0,0,1,0,1,1,0,0,1,0
1.636989000,0,1,0,0,1,0,1,1,0,0,1,1
1.637489000,0,1,0,0,1,0,1,1,0,0,1,0
1.637905000,0,0,0,0,0,0,0,0,0,0,0,0
1.637911000,1,0,0,0,1,0,1,1,0,0,1,0
1.637989000,1,0,0,0,1,0,1,1,0,0,1,1
1.638489000,1,0,0,0,1,0,1,1,0,0,1,0
1.638905000,0,0,0,0,0,0,0,0,0,0,0,0
1.638911000,1,0,0,1,0,0,1,1,0,0,1,0
1.638989000,1,0,0,1,0,0,1,1,0,0,1,1
1.639489000,1,0,0,1,0,0,1,1,0,0,1,0
1.639905000,0,0,0,0,0,0,0,0,0,0,0,0
1.639911000,0,1,1,1,1,1,0,1,0,0,1,0
1.639989000,0,1,1,1,1,1,0,1,0,0,1,1
1.640489000,0,1,1,1,1,1,0,1,0,0,1,0
1.640905000,0,0,0,0,0,0,0,0,0,0,0,0
1.640910000,0,0,0,0,0,0,1,1,0,0,0,0
1.640911000,1,0,0,0,0,0,1,1,0,0,1,0
1.640989000,1,0,0,0,0,0,1,1,0,0,1,1
1.641489000,1,0,0,0,0,0,1,1,0,0,1,0
1.641905000,0,0,0,0,0,0,0,0,0,0,0,0
1.641910000,0,0,0,0,0,0,1,1,0,0,0,0
1.641911000,1,1,0,0,0,0,1,1,0,0,1,0
1.641989000,1,1,0,0,0,0,1,1,0,0,1,1
1.642489000,1,1,0,0,0,0,1,1,0,0,1,0
1.642905000,0,0,0,0,0,0,0,0,0,0,0,0
1.642910000,0,0,0,0,0,1,0,1,0,0,0,0
1.642911000,1,1,1,1,1,1,0,1,0,0,1,0
1.642989000,1,1,1,1,1,1,0,1,0,0,1,1
1.643489000,1,1,1,1,1,1,0,1,0,0,1,0
1.643905000,0,0,0,0,0,0,0,0,0,0,0,0
1.643910000,0,0,0,1,1,1,0,1,0,0,0,0
1.643911000,1,1,0,1,1,1,0,1,0,0,1,0
1.643989000,1,1,0,1,1,1,0,1,0,0,1,1
1.644489000,1,1,0,1,1,1,0,1,0,0,1,0
1.644905000,0,0,0,0,0,0,0,0,0,0,0,0
1.644910000,0,0,1,0,0,0,1,1,0,0,1,0
1.644911000,1,0,1,0,0,0,1,1,0,0,1,0
1.644989000,1,0,1,0,0,0,1,1,0,0,1,1
1.645489000,1,0,1,0,0,0,1,1,0,0,1,0
1.645905000,0,0,0,0,0,0,0,0,0,0,0,0
1.645910000,0,0,0,1,1,1,0,1,0,0,1,0
1.645911000,1,1,0,1,1,1,0,1,0,0,1,0
1.645989000,1,1,0,1,1,1,0,1,0,0,1,1
1.646489000,1,1,0,1,1,1,0,1,0,0,1,0
1.646905000,0,0,0,0,0,0,0,0,0,0,0,0
1.646910000,0,1,0,0,0,0,1,1,0,0,1,0
1.646989000,0,1,0,0,0,0,1,1,0,0,1,1
1.647489000,0,1,0,0,0,0,1,1,0,0,1,0
1.647905000,0,0,0,0,0,0,0,0,0,0,0,0
1.647910000,0,0,1,1,1,1,0,1,0,0,1,0
1.647989000,0,0,1,1,1,1,0,1,0,0,1,1
1.648489000,0,0,1,1,1,1,0,1,0,0,1,0
1.648905000,0,0,0,0,0,0,0,0,0,0,0,0
1.648910000,0,0,1,0,0,0,1,1,0,0,1,0
1.648989000,0,0,1,0,0,0,1,1,0,0,1,1
1.649489000,0,0,1,0,0,0,1,1,0,0,1,0
1.649905000,0,0,0,0,0,0,0,0,0,0,0,0
1.649910000,0,0,0,1,0,0,1,1,0,0,1,0
1.649989000,0,0,0,1,0,0,1,1,0,0,1,1
1.650489000,0,0,0,1,0,0,1,1,0,0,1,0
1.650905000,0,0,0,0,0,0,0,0,0,0,0,0
1.650910000,0,1,1,0,0,0,1,1,0,0,1,0
1.650989000,0,1,1,0,0,0,1,1,0,0,1,1
1.651489000,0,1,1,0,0,0,1,1,0,0,1,0
1.651905000,0,0,0,0,0,0,0,0,0,0,0,0
1.651910000,1,0,1,1,1,1,0,1,0,0,1,0
1.651989000,1,0,1,1,1,1,0,1,0,0,1,1
1.652489000,1,0,1,1,1,1,0,1,0,0,1,0
1.652905000,0,0,0,0,0,0,0,0,0,0,0,0
1.652910000,1,1,1,1,0,1,0,1,0,0,1,0
1.652989000,1,1,1,1,0,1,0,1,0,0,1,1
1.653489000,1,1,1,1,0,1,0,1,0,0,1,0
1.653905000,0,0,0,0,0,0,0,0,0,0,0,0
1.653910000,1,1,1,1,1,1,0,1,0,0,1,0
1.653989000,1,1,1,1,1,1,0,1,0,0,1,1
1.654489000,1,1,1,1,1,1,0,1,0,0,1,0
1.654905000,0,0,0,0,0,0,0,0,0,0,0,0
1.654910000,1,1,1,1,1,1,0,1,0,0,1,0
1.654989000,1,1,1,1,1,1,0,1,0,0,1,1
1.655489000,1,1,1,1,1,1,0,1,0,0,1,0
1.655905000,0,0,0,0,0,0,0,0,0,0,0,0
1.655910000,1,1,0,1,0,0,1,1,0,0,1,0
1.655989000,1,1,0,1,0,0,1,1,0,0,1,1
1.656489000,1,1,0,1,0,0,1,1,0,0,1,0
1.656905000,0,0,0,0,0,0,0,0,0,0,0,0
1.656910000,1,1,1,1,1,1,0,1,0,0,1,0
1.656989000,1,1,1,1,1,1,0,1,0,0,1,1
1.657489000,1,1,1,1,1,1,0,1,0,0,1,0
1.657905000,0,0,0,0,0,0,0,0,0,0,0,0
1.657910000,0,1,1,1,1,1,0,1,0,0,1,0
1.657989000,0,1,1,1,1,1,0,1,0,0,1,1
1.658489000,0,1,1,1,1,1,0,1,0,0,1,0
1.658905000,0,0,0,0,0,0,0,0,0,0,0,0
1.658910000,0,0,1,1,0,0,1,1,0,0,1,0
1.658989000,0,0,1,1,0,0,1,1,0,0,1,1
1.659489000,0,0,1,1,0,0,1,1,0,0,1,0
1.659905000,0,0,0,0,0,0,0,0,0,0,0,0
1.659910000,1,1,1,0,0,0,1,1,0,0,1,0
1.659989000,1,1,1,0,0,0,1,1,0,0,1,1
1.660489000,1,1,1,0,0,0,1,1,0,0,1,0
1.660905000,0,0,0,0,0,0,0,0,0,0,0,0
1.660910000,1,1,0,0,1,0,1,1,0,0,1,0
1.660989000,1,1,0,0,1,0,1,1,0,0,1,1
1.661489000,1,1,0,0,1,0,1,1,0,0,1,0
1.661905000,0,0,0,0,0,0,0,0,0,0,0,0
1.661910000,1,0,1,0,1,0,1,1,0,0,1,0
1.661989000,1,0,1,0,1,0,1,1,0,0,1,1
1.662489000,1,0,1,0,1,0,1,1,0,0,1,0
1.662905000,0,0,0,0,0,0,0,0,0,0,0,0
1.662910000,1,1,1,1,1,1,0,1,0,0,1,0
1.662989000,1,1,1,1,1,1,0,1,0,0,1,1
1.663489000,1,1,1,1,1,1,0,1,0,0,1,0
1.663905000,0,0,0,0,0,0,0,0,0,0,0,0
1.663910000,0,1,0,1,1,1,0,1,0,0,1,0
1.663989000,0,1,0,1,1,1,0,1,0,0,1,1
1.664489000,0,1,0,1,1,1,0,1,0,0,1,0
1.664905000,0,0,0,0,0,0,0,0,0,0,0,0
1.664910000,1,1,0,1,0,0,1,1,0,0,1,0
1.664989000,1,1,0,1,0,0,1,1,0,0,1,1
1.665489000,1,1,0,1,0,0,1,1,0,0,1,0
1.665905000,0,0,0,0,0,0,0,0,0,0,0,0
1.665910000,0,0,1,1,0,0,1,1,0,0,1,0
1.665989000,0,0,1,1,0,0,1,1,0,0,1,1
1.666489000,0,0,1,1,0,0,1,1,0,0,1,0
1.666905000,0,0,0,0,0,0,0,0,0,0,0,0
1.666910000,1,1,1,1,1,1,0,1,0,0,1,0
1.666989000,1,1,1,1,1,1,0,1,0,0,1,1
1.667489000,1,1,1,1,1,1,0,1,0,0,1,0
1.667905000,0,0,0,0,0,0,0,0,0,0,0,0
1.667910000,1,1,1,1,1,1,0,1,0,0,1,0
1.667989000,1,1,1,1,1,1,0,1,0,0,1,1
1.668489000,1,1,1,1,1,1,0,1,0,0,1,0
1.668905000,0,0,0,0,0,0,0,0,0,0,0,0
1.668910000,1,0,0,1,1,1,0,1,0,0,1,0
1.668989000,1,0,0,1,1,1,0,1,0,0,1,1
1.669489000,1,0,0,1,1,1,0,1,0,0,1,0
1.669905000,0,0,0,0,0,0,0,0,0,0,0,0
1.669910000,1,1,1,1,1,1,0,1,0,0,1,0
1.669989000,1,1,1,1,1,1,0,1,0,0,1,1
1.670489000,1,1,1,1,1,1,0,1,0,0,1,0
1.670905000,0,0,0,0,0,0,0,0,0,0,0,0
1.670910000,1,1,0,0,1,1,0,1,0,0,1,0
1.670989000,1,1,0,0,1,1,0,1,0,0,1,1
1.671489000,1,1,0,0,1,1,0,1,0,0,1,0
1.671905000,0,0,0,0,0,0,0,0,0,0,0,0
1.671910000,1,1,1,0,1,1,0,1,0,0,1,0
1.671989000,1,1,1,0,1,1,0,1,0,0,1,1
1.672489000,1,1,1,0,1,1,0,1,0,0,1,0
1.672905000,0,0,0,0,0,0,0,0,0,0,0,0
1.672910000,1,1,0,1,1,1,0,1,0,0,1,0
1.672989000,1,1,0,1,1,1,0,1,0,0,1,1
1.673489000,1,1,0,1,1,1,0,1,0,0,1,0
1.673905000,0,0,0,0,0,0,0,0,0,0,0,0
1.673910000,0,1,0,1,0,0,1,1,0,0,1,0
1.673989000,0,1,0,1,0,0,1,1,0,0,1,1
1.674489000,0,1,0,1,0,0,1,1,0,0,1,0
1.674905000,0,0,0,0,0,0,0,0,0,0,0,0
1.674910000,0,1,0,0,1,0,1,1,0,0,1,0
1.674989000,0,1,0,0,1,0,1,1,0,0,1,1
1.675489000,0,1,0,0,1,0,1,1,0,0,1,0
1.675905000,0,0,0,0,0,0,0,0,0,0,0,0
1.675910000,1,0,0,1,0,0,1,1,0,0,1,0
1.675989000,1,0,0,1,0,0,1,1,0,0,1,1
1.676489000,1,0,0,1,0,0,1,1,0,0,1,0
1.676905000,0,0,0,0,0,0,0,0,0,0,0,0
1.676910000,0,1,1,1,0,0,1,1,0,0,1,0
1.676988000,0,1,1,1,0,0,1,1,0,0,1,1
1.677488000,0,1,1,1,0,0,1,1,0,0,1,0
1.677905000,0,0,0,0,0,0,0,0,0,0,0,0
1.677910000,0,1,1,0,1,1,0,1,0,0,1,0
1.677988000,0,1,1,0,1,1,0,1,0,0,1,1
1.678488000,0,1,1,0,1,1,0,1,0,0,1,0
1.678905000,0,0,0,0,0,0,0,0,0,0,0,0
1.678910000,0,0,1,0,0,0,1,1,0,0,1,0
1.678988000,0,0,1,0,0,0,1,1,0,0,1,1
1.679488000,0,0,1,0,0,0,1,1,0,0,1,0
1.679905000,0,0,0,0,0,0,0,0,0,0,0,0
1.679910000,0,0,1,1,0,0,1,1,0,0,1,0
1.679988000,0,0,1,1,0,0,1,1,0,0,1,1
1.680488000,0,0,1,1,0,0,1,1,0,0,1,0
1.680905000,0,0,0,0,0,0,0,0,0,0,0,0
1.680910000,1,1,1,1,1,1,0,1,0,0,1,0
1.680988000,1,1,1,1,1,1,0,1,0,0,1,1
1.681488000,1,1,1,1,1,1,0,1,0,0,1,0
1.681905000,0,0,0,0,0,0,0,0,0,0,0,0
1.681910000,1,0,0,0,0,0,1,1,0,0,1,0
1.681988000,1,0,0,0,0,0,1,1,0,0,1,1
1.682488000,1,0,0,0,0,0,1,1,0,0,1,0
1.682905000,0,0,0,0,0,0,0,0,0,0,0,0
1.682910000,0,0,0,1,0,0,1,1,0,0,1,0
1.682988000,0,0,0,1,0,0,1,1,0,0,1,1
1.683488000,0,0,0,1,0,0,1,1,0,0,1,0
1.683905000,0,0,0,0,0,0,0,0,0,0,0,0
1.683910000,1,0,0,0,1,0,1,1,0,0,1,0
1.683988000,1,0,0,0,1,0,1,1,0,0,1,1
1.684488000,1,0,0,0,1,0,1,1,0,0,1,0
1.684905000,0,0,0,0,0,0,0,0,0,0,0,0
1.684910000,1,1,1,1,1,1,0,1,0,0,1,0
1.684988000,1,1,1,1,1,1,0,1,0,0,1,1
1.685488000,1,1,1,1,1,1,0,1,0,0,1,0
1.685905000,0,0,0,0,0,0,0,0,0,0,0,0
1.685910000,0,1,1,1,1,1,0,1,0,0,1,0
1.685988000,0,1,1,1,1,1,0,1,0,0,1,1
1.686488000,0,1,1,1,1,1,0,1,0,0,1,0
1.686905000,0,0,0,0,0,0,0,0,0,0,0,0
1.686910000,0,1,1,1,1,1,0,1,0,0,1,0
1.686988000,0,1,1,1,1,1,0,1,0,0,1,1
1.687488000,0,1,1,1,1,1,0,1,0,0,1,0
1.687905000,0,0,0,0,0,0,0,0,0,0,0,0
1.687910000,0,0,0,1,1,1,0,1,0,0,1,0
1.687988000,0,0,0,1,1,1,0,1,0,0,1,1
1.688488000,0,0,0,1,1,1,0,1,0,0,1,0
1.688905000,0,0,0,0,0,0,0,0,0,0,0,0
1.688910000,0,1,1,0,0,0,1,1,0,0,1,0
1.688988000,0,1,1,0,0,0,1,1,0,0,1,1
1.689488000,0,1,1,0,0,0,1,1,0,0,1,0
1.689905000,0,0,0,0,0,0,0,0,0,0,0,0
1.689910000,1,1,1,0,1,1,0,1,0,0,1,0
1.689988000,1,1,1,0,1,1,0,1,0,0,1,1
1.690488000,1,1,1,0,1,1,0,1,0,0,1,0
1.690905000,0,0,0,0,0,0,0,0,0,0,0,0
1.690910000,1,1,1,0,1,1,0,1,0,0,1,0
1.690988000,1,1,1,0,1,1,0,1,0,0,1,1
1.691488000,1,1,1,0,1,1,0,1,0,0,1,0
1.691905000,0,0,0,0,0,0,0,0,0,0,0,0
1.691910000,0,0,1,0,1,0,1,1,0,0,1,0
1.691988000,0,0,1,0,1,0,1,1,0,0,1,1
1.692488000,0,0,1,0,1,0,1,1,0,0,1,0
1.692905000,0,0,0,0,0,0,0,0,0,0,0,0
1.692910000,0,1,0,0,1,0,1,1,0,0,1,0
1.692988000,0,1,0,0,1,0,1,1,0,0,1,1
1.693488000,0,1,0,0,1,0,1,1,0,0,1,0
1.693905000,0,0,0,0,0,0,0,0,0,0,0,0
1.693910000,1,0,0,0,1,0,1,1,0,0,1,0
1.693988000,1,0,0,0,1,0,1,1,0,0,1,1
1.694488000,1,0,0,0,1,0,1,1,0,0,1,0
1.694905000,0,0,0,0,0,0,0,0,0,0,0,0
1.694910000,1,0,1,0,1,0,1,1,0,0,1,0
1.694988000,1,0,1,0,1,0,1,1,0,0,1,1
1.695488000,1,0,1,0,1,0,1,1,0,0,1,0
1.695905000,0,0,0,0,0,0,0,0,0,0,0,0
1.695910000,0,1,0,1,1,1,0,1,0,0,1,0
1.695988000,0,1,0,1,1,1,0,1,0,0,1,1
1.696488000,0,1,0,1,1,1,0,1,0,0,1,0
1.696905000,0,0,0,0,0,0,0,0,0,0,0,0
1.696910000,1,1,0,1,1,1,0,1,0,0,1,0
1.696988000,1,1,0,1,1,1,0,1,0,0,1,1
1.697488000,1,1,0,1,1,1,0,1,0,0,1,0
1.697905000,0,0,0,0,0,0,0,0,0,0,0,0
1.697910000,0,1,1,0,1,1,0,1,0,0,1,0
1.697988000,0,1,1,0,1,1,0,1,0,0,1,1
1.698488000,0,1,1,0,1,1,0,1,0,0,1,0
1.698905000,0,0,0,0,0,0,0,0,0,0,0,0
1.698910000,1,1,1,1,1,1,0,1,0,0,1,0
1.698988000,1,1,1,1,1,1,0,1,0,0,1,1
1.699488000,1,1,1,1,1,1,0,1,0,0,1,0
1.699905000,0,0,0,0,0,0,0,0,0,0,0,0
1.699910000,1,1,0,0,0,0,1,1,0,0,1,0
1.699988000,1,1,0,0,0,0,1,1,0,0,1,1
1.700488000,1,1,0,0,0,0,1,1,0,0,1,0
1.700905000,0,0,0,0,0,0,0,0,0,0,0,0
1.700910000,0,0,1,0,0,0,1,1,0,0,1,0
1.700988000,0,0,1,0,0,0,1,1,0,0,1,1
1.701488000,0,0,1,0,0,0,1,1,0,0,1,0
1.701905000,0,0,0,0,0,0,0,0,0,0,0,0
1.701910000,1,1,1,1,1,1,0,1,0,0,1,0
1.701988000,1,1,1,1,1,1,0,1,0,0,1,1
1.702488000,1,1,1,1,1,1,0,1,0,0,1,0
1.702905000,0,0,0,0,0,0,0,0,0,0,0,0
1.702910000,0,0,0,0,0,0,1,1,0,0,1,0
1.702988000,0,0,0,0,0,0,1,1,0,0,1,1
1.703488000,0,0,0,0,0,0,1,1,0,0,1,0
1.703905000,0,0,0,0,0,0,0,0,0,0,0,0
1.703910000,1,1,0,1,0,0,1,1,0,0,1,0
1.703988000,1,1,0,1,0,0,1,1,0,0,1,1
1.704488000,1,1,0,1,0,0,1,1,0,0,1,0
1.704905000,0,0,0,0,0,0,0,0,0,0,0,0
1.704910000,1,0,1,1,1,1,0,1,0,0,1,0
1.704988000,1,0,1,1,1,1,0,1,0,0,1,1
1.705488000,1,0,1,1,1,1,0,1,0,0,1,0
1.705905000,0,0,0,0,0,0,0,0,0,0,0,0
1.705910000,1,1,0,0,1,0,1,1,0,0,1,0
1.705988000,1,1,0,0,1,0,1,1,0,0,1,1
1.706488000,1,1,0,0,1,0,1,1,0,0,1,0
1.706905000,0,0,0,0,0,0,0,0,0,0,0,0
1.706910000,1,0,0,1,0,0,1,1,0,0,1,0
1.706988000,1,0,0,1,0,0,1,1,0,0,1,1
1.707488000,1,0,0,1,0,0,1,1,0,0,1,0
1.707905000,0,0,0,0,0,0,0,0,0,0,0,0
1.707910000,0,1,1,1,0,1,0,1,0,0,1,0
1.707988000,0,1,1,1,0,1,0,1,0,0,1,1
1.708488000,0,1,1,1,0,1,0,1,0,0,1,0
1.708905000,0,0,0,0,0,0,0,0,0,0,0,0
1.708910000,1,1,1,1,1,1,0,1,0,0,1,0
1.708988000,1,1,1,1,1,1,0,1,0,0,1,1
1.709488000,1,1,1,1,1,1,0,1,0,0,1,0
1.709905000,0,0,0,0,0,0,0,0,0,0,0,0
1.709910000,1,1,1,0,0,0,1,1,0,0,1,0
1.709988000,1,1,1,0,0,0,1,1,0,0,1,1
1.710488000,1,1,1,0,0,0,1,1,0,0,1,0
1.710905000,0,0,0,0,0,0,0,0,0,0,0,0
1.710910000,1,0,0,1,0,0,1,1,0,0,1,0
1.710988000,1,0,0,1,0,0,1,1,0,0,1,1
1.711488000,1,0,0,1,0,0,1,1,0,0,1,0
1.711905000,0,0,0,0,0,0,0,0,0,0,0,0
1.711910000,1,0,0,0,1,0,1,1,0,0,1,0
1.711988000,1,0,0,0,1,0,1,1,0,0,1,1
1.712488000,1,0,0,0,1,0,1,1,0,0,1,0
1.712905000,0,0,0,0,0,0,0,0,0,0,0,0
1.712910000,1,1,0,0,1,0,1,1,0,0,1,0
1.712988000,1,1,0,0,1,0,1,1,0,0,1,1
1.713488000,1,1,0,0,1,0,1,1,0,0,1,0
1.713905000,0,0,0,0,0,0,0,0,0,0,0,0
1.713910000,0,0,0,0,1,0,1,1,0,0,1,0
1.713988000,0,0,0,0,1,0,1,1,0,0,1,1
1.714488000,0,0,0,0,1,0,1,1,0,0,1,0
1.714905000,0,0,0,0,0,0,0,0,0,0,0,0
1.714910000,0,0,0,0,1,0,1,1,0,0,1,0
1.714988000,0,0,0,0,1,0,1,1,0,0,1,1
1.715488000,0,0,0,0,1,0,1,1,0,0,1,0
1.715905000,0,0,0,0,0,0,0,0,0,0,0,0
1.715910000,1,0,1,0,0,0,1,1,0,0,1,0
1.715988000,1,0,1,0,0,0,1,1,0,0,1,1
1.716488000,1,0,1,0,0,0,1,1,0,0,1,0
1.716905000,0,0,0,0,0,0,0,0,0,0,0,0
1.716910000,1,0,0,1,0,0,1,1,0,0,1,0
1.716988000,1,0,0,1,0,0,1,1,0,0,1,1
1.717488000,1,0,0,1,0,0,1,1,0,0,1,0
1.717905000,0,0,0,0,0,0,0,0,0,0,0,0
1.717910000,0,1,0,0,0,0,1,1,0,0,1,0
1.717988000,0,1,0,0,0,0,1,1,0,0,1,1
1.718488000,0,1,0,0,0,0,1,1,0,0,1,0
1.718905000,0,0,0,0,0,0,0,0,0,0,0,0
1.718910000,0,1,0,0,1,0,1,1,0,0,1,0
1.718988000,0,1,0,0,1,0,1,1,0,0,1,1
1.719488000,0,1,0,0,1,0,1,1,0,0,1,0
1.719905000,0,0,0,0,0,0,0,0,0,0,0,0
1.719910000,0,1,0,1,0,0,1,1,0,0,1,0
1.719988000,0,1,0,1,0,0,1,1,0,0,1,1
1.720488000,0,1,0,1,0,0,1,1,0,0,1,0
1.720905000,0,0,0,0,0,0,0,0,0,0,0,0
1.720910000,1,1,0,1,1,1,0,1,0,0,1,0
1.720988000,1,1,0,1,1,1,0,1,0,0,1,1
1.721488000,1,1,0,1,1,1,0,1,0,0,1,0
1.721905000,0,0,0,0,0,0,0,0,0,0,0,0
1.721910000,0,1,1,0,1,0,1,1,0,0,1,0
1.721988000,0,1,1,0,1,0,1,1,0,0,1,1
1.722488000,0,1,1,0,1,0,1,1,0,0,1,0
1.722905000,0,0,0,0,0,0,0,0,0,0,0,0
1.722910000,0,0,1,0,1,0,1,1,0,0,1,0
1.722988000,0,0,1,0,1,0,1,1,0,0,1,1
1.723488000,0,0,1,0,1,0,1,1,0,0,1,0
1.723905000,0,0,0,0,0,0,0,0,0,0,0,0
1.723910000,0,1,1,1,0,0,1,1,0,0,1,0
1.723988000,0,1,1,1,0,0,1,1,0,0,1,1
1.724488000,0,1,1,1,0,0,1,1,0,0,1,0
1.724905000,0,0,0,0,0,0,0,0,0,0,0,0
1.724910000,0,0,0,0,1,0,1,1,0,0,1,0
1.724988000,0,0,0,0,1,0,1,1,0,0,1,1
1.725488000,0,0,0,0,1,0,1,1,0,0,1,0
1.725905000,0,0,0,0,0,0,0,0,0,0,0,0
1.725910000,1,1,0,0,1,0,1,1,0,0,1,0
1.725988000,1,1,0,0,1,0,1,1,0,0,1,1
1.726488000,1,1,0,0,1,0,1,1,0,0,1,0
1.726905000,0,0,0,0,0,0,0,0,0,0,0,0
1.726910000,1,1,1,0,1,0,1,1,0,0,1,0
1.726988000,1,1,1,0,1,0,1,1,0,0,1,1
1.727488000,1,1,1,0,1,0,1,1,0,0,1,0
1.727905000,0,0,0,0,0,0,0,0,0,0,0,0
1.727910000,0,0,1,1,1,1,0,1,0,0,1,0
1.727988000,0,0,1,1,1,1,0,1,0,0,1,1
1.728488000,0,0,1,1,1,1,0,1,0,0,1,0
1.728905000,0,0,0,0,0,0,0,0,0,0,0,0
1.728910000,0,0,0,1,0,0,1,1,0,0,1,0
1.728988000,0,0,0,1,0,0,1,1,0,0,1,1
1.729488000,0,0,0,1,0,0,1,1,0,0,1,0
1.729905000,0,0,0,0,0,0,0,0,0,0,0,0
1.729910000,1,1,1,0,0,0,1,1,0,0,1,0
1.729988000,1,1,1,0,0,0,1,1,0,0,1,1
1.730488000,1,1,1,0,0,0,1,1,0,0,1,0
1.730905000,0,0,0,0,0,0,0,0,0,0,0,0
1.730910000,1,1,1,1,1,1,0,1,0,0,1,0
1.730988000,1,1,1,1,1,1,0,1,0,0,1,1
1.731488000,1,1,1,1,1,1,0,1,0,0,1,0
1.731905000,0,0,0,0,0,0,0,0,0,0,0,0
1.731910000,1,0,0,1,0,0,1,1,0,0,1,0
1.731988000,1,0,0,1,0,0,1,1,0,0,1,1
1.732488000,1,0,0,1,0,0,1,1,0,0,1,0
1.732905000,0,0,0,0,0,0,0,0,0,0,0,0
1.732910000,0,0,0,0,1,0,1,1,0,0,1,0
1.732988000,0,0,0,0,1,0,1,1,0,0,1,1
1.733488000,0,0,0,0,1,0,1,1,0,0,1,0
1.733905000,0,0,0,0,0,0,0,0,0,0,0,0
1.733910000,0,0,1,0,0,0,1,1,0,0,1,0
1.733988000,0,0,1,0,0,0,1,1,0,0,1,1
1.734488000,0,0,1,0,0,0,1,1,0,0,1,0
1.734905000,0,0,0,0,0,0,0,0,0,0,0,0
1.734910000,1,1,1,1,1,1,0,1,0,0,1,0
1.734988000,1,1,1,1,1,1,0,1,0,0,1,1
1.735488000,1,1,1,1,1,1,0,1,0,0,1,0
1.735905000,0,0,0,0,0,0,0,0,0,0,0,0
1.735910000,0,0,0,0,1,0,1,1,0,0,1,0
1.735988000,0,0,0,0,1,0,1,1,0,0,1,1
1.736488000,0,0,0,0,1,0,1,1,0,0,1,0
1.736905000,0,0,0,0,0,0,0,0,0,0,0,0
1.736910000,0,0,1,0,1,0,1,1,0,0,1,0
1.736988000,0,0,1,0,1,0,1,1,0,0,1,1
1.737488000,0,0,1,0,1,0,1,1,0,0,1,0
1.737905000,0,0,0,0,0,0,0,0,0,0,0,0
1.737910000,1,1,1,1,1,1,0,1,0,0,1,0
1.737988000,1,1,1,1,1,1,0,1,0,0,1,1
1.738488000,1,1,1,1,1,1,0,1,0,0,1,0
1.738905000,0,0,0,0,0,0,0,0,0,0,0,0
1.738910000,0,0,0,1,0,0,1,1,0,0,1,0
1.738988000,0,0,0,1,0,0,1,1,0,0,1,1
1.739488000,0,0,0,1,0,0,1,1,0,0,1,0
1.739905000,0,0,0,0,0,0,0,0,0,0,0,0
1.739910000,1,0,1,1,1,1,0,1,0,0,1,0
1.739988000,1,0,1,1,1,1,0,1,0,0,1,1
1.740488000,1,0,1,1,1,1,0,1,0,0,1,0
1.740905000,0,0,0,0,0,0,0,0,0,0,0,0
1.740910000,1,1,0,1,0,0,1,1,0,0,1,0
1.740988000,1,1,0,1,0,0,1,1,0,0,1,1
1.741488000,1,1,0,1,0,0,1,1,0,0,1,0
1.741905000,0,0,0,0,0,0,0,0,0,0,0,0
1.741910000,0,1,0,1,0,0,1,1,0,0,1,0
1.741988000,0,1,0,1,0,0,1,1,0,0,1,1
1.742488000,0,1,0,1,0,0,1,1,0,0,1,0
1.742905000,0,0,0,0,0,0,0,0,0,0,0,0
1.742910000,0,0,0,1,0,0,1,1,0,0,1,0
1.742988000,0,0,0,1,0,0,1,1,0,0,1,1
1.743488000,0,0,0,1,0,0,1,1,0,0,1,0
1.743905000,0,0,0,0,0,0,0,0,0,0,0,0
1.743910000,1,1,1,1,1,1,0,1,0,0,1,0
1.743988000,1,1,1,1,1,1,0,1,0,0,1,1
1.744488000,1,1,1,1,1,1,0,1,0,0,1,0
1.744905000,0,0,0,0,0,0,0,0,0,0,0,0
1.744910000,1,1,0,1,0,0,1,1,0,0,1,0
1.744988000,1,1,0,1,0,0,1,1,0,0,1,1
1.745488000,1,1,0,1,0,0,1,1,0,0,1,0
1.745905000,0,0,0,0,0,0,0,0,0,0,0,0
1.745910000,1,1,1,1,1,1,0,1,0,0,1,0
1.745988000,1,1,1,1,1,1,0,1,0,0,1,1
1.746488000,1,1,1,1,1,1,0,1,0,0,1,0
1.746905000,0,0,0,0,0,0,0,0,0,0,0,0
1.746910000,1,0,1,0,0,0,1,1,0,0,1,0
1.746988000,1,0,1,0,0,0,1,1,0,0,1,1
1.747488000,1,0,1,0,0,0,1,1,0,0,1,0
1.747905000,0,0,0,0,0,0,0,0,0,0,0,0
1.747910000,0,0,1,1,1,1,0,1,0,0,1,0
1.747988000,0,0,1,1,1,1,0,1,0,0,1,1
1.748488000,0,0,1,1,1,1,0,1,0,0,1,0
1.748905000,0,0,0,0,0,0,0,0,0,0,0,0
1.748910000,1,0,1,0,0,0,1,1,0,0,1,0
1.748988000,1,0,1,0,0,0,1,1,0,0,1,1
1.749488000,1,0,1,0,0,0,1,1,0,0,1,0
1.749905000,0,0,0,0,0,0,0,0,0,0,0,0
1.749910000,1,1,1,1,1,1,0,1,0,0,1,0
1.749988000,1,1,1,1,1,1,0,1,0,0,1,1
1.750488000,1,1,1,1,1,1,0,1,0,0,1,0
1.750905000,0,0,0,0,0,0,0,0,0,0,0,0
1.750910000,0,0,1,1,1,1,0,1,0,0,1,0
1.750988000,0,0,1,1,1,1,0,1,0,0,1,1
1.751488000,0,0,1,1,1,1,0,1,0,0,1,0
1.751905000,0,0,0,0,0,0,0,0,0,0,0,0
1.751910000,1,1,1,1,1,1,0,1,0,0,1,0
1.751988000,1,1,1,1,1,1,0,1,0,0,1,1
1.752488000,1,1,1,1,1,1,0,1,0,0,1,0
1.752905000,0,0,0,0,0,0,0,0,0,0,0,0
1.752910000,1,1,1,1,1,1,0,1,0,0,1,0
1.752988000,1,1,1,1,1,1,0,1,0,0,1,1
1.753488000,1,1,1,1,1,1,0,1,0,0,1,0
1.753905000,0,0,0,0,0,0,0,0,0,0,0,0
1.753910000,1,1,0,0,0,0,1,1,0,0,1,0
1.753988000,1,1,0,0,0,0,1,1,0,0,1,1
1.754488000,1,1,0,0,0,0,1,1,0,0,1,0
1.754905000,0,0,0,0,0,0,0,0,0,0,0,0
1.754910000,1,0,1,1,1,1,0,1,0,0,1,0
1.754988000,1,0,1,1,1,1,0,1,0,0,1,1
1.755488000,1,0,1,1,1,1,0,1,0,0,1,0
1.755905000,0,0,0,0,0,0,0,0,0,0,0,0
1.755910000,0,0,1,1,0,0,1,1,0,0,1,0
1.755988000,0,0,1,1,0,0,1,1,0,0,1,1
1.756488000,0,0,1,1,0,0,1,1,0,0,1,0
1.756905000,0,0,0,0,0,0,0,0,0,0,0,0
1.756910000,0,0,0,1,0,0,1,1,0,0,1,0
1.756988000,0,0,0,1,0,0,1,1,0,0,1,1
1.757488000,0,0,0,1,0,0,1,1,0,0,1,0
1.757905000,0,0,0,0,0,0,0,0,0,0,0,0
1.757910000,0,0,1,1,1,1,0,1,0,0,1,0
1.757988000,0,0,1,1,1,1,0,1,0,0,1,1
1.758488000,0,0,1,1,1,1,0,1,0,0,1,0
1.758905000,0,0,0,0,0,0,0,0,0,0,0,0
1.758910000,1,0,0,0,0,0,1,1,0,0,1,0
1.758988000,1,0,0,0,0,0,1,1,0,0,1,1
1.759488000,1,0,0,0,0,0,1,1,0,0,1,0
1.759905000,0,0,0,0,0,0,0,0,0,0,0,0
1.759910000,1,0,0,0,1,0,1,1,0,0,1,0
1.759988000,1,0,0,0,1,0,1,1,0,0,1,1
1.760488000,1,0,0,0,1,0,1,1,0,0,1,0
1.760905000,0,0,0,0,0,0,0,0,0,0,0,0
1.760910000,1,1,1,0,0,0,1,1,0,0,1,0
1.760988000,1,1,1,0,0,0,1,1,0,0,1,1
1.761488000,1,1,1,0,0,0,1,1,0,0,1,0
1.761905000,0,0,0,0,0,0,0,0,0,0,0,0
1.761910000,1,1,1,1,1,1,0,1,0,0,1,0
1.761988000,1,1,1,1,1,1,0,1,0,0,1,1
1.762488000,1,1,1,1,1,1,0,1,0,0,1,0
1.762905000,0,0,0,0,0,0,0,0,0,0,0,0
1.762910000,0,0,1,1,0,0,1,1,0,0,1,0
1.762988000,0,0,1,1,0,0,1,1,0,0,1,1
1.763488000,0,0,1,1,0,0,1,1,0,0,1,0
1.763905000,0,0,0,0,0,0,0,0,0,0,0,0
1.763910000,1,1,0,0,0,0,1,1,0,0,1,0
1.763988000,1,1,0,0,0,0,1,1,0,0,1,1
1.764488000,1,1,0,0,0,0,1,1,0,0,1,0
1.764905000,0,0,0,0,0,0,0,0,0,0,0,0
1.764910000,1,0,0,0,1,0,1,1,0,0,1,0
1.764988000,1,0,0,0,1,0,1,1,0,0,1,1
1.765488000,1,0,0,0,1,0,1,1,0,0,1,0
1.765905000,0,0,0,0,0,0,0,0,0,0,0,0
1.765910000,0,0,0,0,0,0,1,1,0,0,1,0
1.765988000,0,0,0,0,0,0,1,1,0,0,1,1
1.766488000,0,0,0,0,0,0,1,1,0,0,1,0
1.766905000,0,0,0,0,0,0,0,0,0,0,0,0
1.766910000,0,0,0,1,0,0,1,1,0,0,1,0
1.766988000,0,0,0,1,0,0,1,1,0,0,1,1
1.767488000,0,0,0,1,0,0,1,1,0,0,1,0
1.767905000,0,0,0,0,0,0,0,0,0,0,0,0
1.767910000,0,0,1,1,1,1,0,1,0,0,1,0
1.767988000,0,0,1,1,1,1,0,1,0,0,1,1
1.768488000,0,0,1,1,1,1,0,1,0,0,1,0
1.768905000,0,0,0,0,0,0,0,0,0,0,0,0
1.768910000,0,1,0,1,1,1,0,1,0,0,1,0
1.768988000,0,1,0,1,1,1,0,1,0,0,1,1
1.769488000,0,1,0,1,1,1,0,1,0,0,1,0
1.769905000,0,0,0,0,0,0,0,0,0,0,0,0
1.769910000,1,1,1,1,1,1,0,1,0,0,1,0
1.769988000,1,1,1,1,1,1,0,1,0,0,1,1
1.770488000,1,1,1,1,1,1,0,1,0,0,1,0
1.770905000,0,0,0,0,0,0,0,0,0,0,0,0
1.770910000,0,1,0,0,1,0,1,1,0,0,1,0
1.770988000,0,1,0,0,1,0,1,1,0,0,1,1
1.771488000,0,1,0,0,1,0,1,1,0,0,1,0
1.771905000,0,0,0,0,0,0,0,0,0,0,0,0
1.771910000,1,1,1,0,1,1,0,1,0,0,1,0
1.771988000,1,1,1,0,1,1,0,1,0,0,1,1
1.772488000,1,1,1,0,1,1,0,1,0,0,1,0
1.772905000,0,0,0,0,0,0,0,0,0,0,0,0
1.772910000,1,1,1,1,1,1,0,1,0,0,1,0
1.772988000,1,1,1,1,1,1,0,1,0,0,1,1
1.773488000,1,1,1,1,1,1,0,1,0,0,1,0
1.773905000,0,0,0,0,0,0,0,0,0,0,0,0
1.773910000,1,0,1,1,1,1,0,1,0,0,1,0
1.773988000,1,0,1,1,1,1,0,1,0,0,1,1
1.774488000,1,0,1,1,1,1,0,1,0,0,1,0
1.774904000,1,0,1,1,1,1,0,1,0,0,0,0
1.774905000,0,0,0,0,0,0,0,0,0,0,0,0
1.774910000,1,1,1,1,1,1,0,1,0,0,1,0
1.774988000,1,1,1,1,1,1,0,1,0,0,1,1
1.775488000,1,1,1,1,1,1,0,1,0,0,1,0
1.775904000,1,1,1,1,1,1,0,1,0,0,0,0
1.775905000,0,0,0,0,0,0,0,0,0,0,0,0
1.775910000,0,1,0,1,0,0,1,1,0,0,1,0
1.775988000,0,1,0,1,0,0,1,1,0,0,1,1
1.776488000,0,1,0,1,0,0,1,1,0,0,1,0
1.776904000,0,1,0,1,0,0,1,1,0,0,0,0
1.776905000,0,0,0,0,0,0,0,0,0,0,0,0
1.776910000,0,1,0,1,0,0,1,1,0,0,1,0
1.776988000,0,1,0,1,0,0,1,1,0,0,1,1
1.777488000,0,1,0,1,0,0,1,1,0,0,1,0
1.777904000,0,1,0,1,0,0,1,1,0,0,0,0
1.777905000,0,0,0,0,0,0,0,0,0,0,0,0
1.777910000,1,1,0,0,1,1,0,1,0,0,1,0
1.777988000,1,1,0,0,1,1,0,1,0,0,1,1
1.778488000,1,1,0,0,1,1,0,1,0,0,1,0
1.778904000,1,1,0,0,0,0,0,0,0,0,0,0
1.778905000,0,0,0,0,0,0,0,0,0,0,0,0
1.778910000,1,1,1,1,1,1,0,1,0,0,1,0
1.778988000,1,1,1,1,1,1,0,1,0,0,1,1
1.779488000,1,1,1,1,1,1,0,1,0,0,1,0
1.779904000,0,1,1,1,1,1,1,1,0,0,0,0
1.779905000,0,0,0,0,0,0,0,0,0,0,0,0
1.779910000,1,1,1,1,1,1,0,1,0,0,1,0
1.779988000,1,1,1,1,1,1,0,1,0,0,1,1
1.780488000,1,1,1,1,1,1,0,1,0,0,1,0
1.780904000,0,0,0,0,0,0,0,0,0,0,0,0
1.780910000,0,0,0,1,0,0,1,1,0,0,1,0
1.780988000,0,0,0,1,0,0,1,1,0,0,1,1
1.781488000,0,0,0,1,0,0,1,1,0,0,1,0
1.781904000,0,0,0,0,0,0,0,0,0,0,0,0
1.781910000,0,0,1,0,0,0,1,1,0,0,1,0
1.781988000,0,0,1,0,0,0,1,1,0,0,1,1
1.782488000,0,0,1,0,0,0,1,1,0,0,1,0
1.782904000,0,0,0,0,0,0,0,0,0,0,0,0
1.782910000,1,1,0,1,0,0,1,1,0,0,1,0
1.782988000,1,1,0,1,0,0,1,1,0,0,1,1
1.783488000,1,1,0,1,0,0,1,1,0,0,1,0
1.783904000,0,0,0,0,0,0,0,0,0,0,0,0
1.783910000,1,1,0,1,1,1,0,1,0,0,1,0
1.783988000,1,1,0,1,1,1,0,1,0,0,1,1
1.784488000,1,1,0,1,1,1,0,1,0,0,1,0
1.784904000,0,0,0,0,0,0,0,0,0,0,0,0
1.784910000,0,1,1,1,1,1,0,1,0,0,1,0
1.784988000,0,1,1,1,1,1,0,1,0,0,1,1
1.785488000,0,1,1,1,1,1,0,1,0,0,1,0
1.785904000,0,0,0,0,0,0,0,0,0,0,0,0
1.785910000,0,0,1,0,1,1,0,1,0,0,1,0
1.785988000,0,0,1,0,1,1,0,1,0,0,1,1
1.786488000,0,0,1,0,1,1,0,1,0,0,1,0
1.786904000,0,0,0,0,0,0,0,0,0,0,0,0
1.786910000,0,1,0,1,1,1,0,1,0,0,1,0
1.786988000,0,1,0,1,1,1,0,1,0,0,1,1
1.787488000,0,1,0,1,1,1,0,1,0,0,1,0
1.787904000,0,0,0,0,0,0,0,0,0,0,0,0
1.787909000,0,0,1,0,0,0,1,1,0,0,1,0
1.787910000,0,1,1,0,0,0,1,1,0,0,1,0
1.787988000,0,1,1,0,0,0,1,1,0,0,1,1
1.788488000,0,1,1,0,0,0,1,1,0,0,1,0
1.788904000,0,0,0,0,0,0,0,0,0,0,0,0
1.788909000,0,0,1,0,0,0,1,1,0,0,1,0
1.788910000,0,1,1,0,0,0,1,1,0,0,1,0
1.788988000,0,1,1,0,0,0,1,1,0,0,1,1
1.789488000,0,1,1,0,0,0,1,1,0,0,1,0
1.789904000,0,0,0,0,0,0,0,0,0,0,0,0
1.789909000,1,0,0,0,0,0,1,1,0,0,1,0
1.789988000,1,0,0,0,0,0,1,1,0,0,1,1
1.790488000,1,0,0,0,0,0,1,1,0,0,1,0
1.790904000,0,0,0,0,0,0,0,0,0,0,0,0
1.790909000,0,0,1,1,1,1,0,1,0,0,1,0
1.790910000,1,1,1,1,1,1,0,1,0,0,1,0
1.790988000,1,1,1,1,1,1,0,1,0,0,1,1
1.791488000,1,1,1,1,1,1,0,1,0,0,1,0
1.791904000,0,0,0,0,0,0,0,0,0,0,0,0
1.791909000,0,1,1,0,1,1,0,1,0,0,1,0
1.791988000,0,1,1,0,1,1,0,1,0,0,1,1
1.792488000,0,1,1,0,1,1,0,1,0,0,1,0
1.792904000,0,0,0,0,0,0,0,0,0,0,0,0
1.792909000,1,0,1,1,0,0,1,1,0,0,1,0
1.792988000,1,0,1,1,0,0,1,1,0,0,1,1
1.793488000,1,0,1,1,0,0,1,1,0,0,1,0
1.793904000,0,0,0,0,0,0,0,0,0,0,0,0
1.793909000,1,1,1,1,1,1,0,1,0,0,1,0
1.793988000,1,1,1,1,1,1,0,1,0,0,1,1
1.794488000,1,1,1,1,1,1,0,1,0,0,1,0
1.794904000,0,0,0,0,0,0,0,0,0,0,0,0
1.794909000,0,0,0,0,1,0,1,1,0,0,1,0
1.794988000,0,0,0,0,1,0,1,1,0,0,1,1
1.795488000,0,0,0,0,1,0,1,1,0,0,1,0
1.795904000,0,0,0,0,0,0,0,0,0,0,0,0
1.795909000,1,1,0,1,0,0,1,1,0,0,1,0
1.795988000,1,1,0,1,0,0,1,1,0,0,1,1
1.796488000,1,1,0,1,0,0,1,1,0,0,1,0
1.796904000,0,0,0,0,0,0,0,0,0,0,0,0
1.796909000,1,0,1,1,1,1,0,1,0,0,1,0
1.796988000,1,0,1,1,1,1,0,1,0,0,1,1
1.797488000,1,0,1,1,1,1,0,1,0,0,1,0
1.797904000,0,0,0,0,0,0,0,0,0,0,0,0
1.797909000,1,1,1,1,1,1,0,1,0,0,1,0
1.797988000,1,1,1,1,1,1,0,1,0,0,1,1
1.798488000,1,1,1,1,1,1,0,1,0,0,1,0
1.798904000,0,0,0,0,0,0,0,0,0,0,0,0
1.798909000,1,1,1,1,1,1,0,1,0,0,1,0
1.798988000,1,1,1,1,1,1,0,1,0,0,1,1
1.799488000,1,1,1,1,1,1,0,1,0,0,1,0
1.799904000,0,0,0,0,0,0,0,0,0,0,0,0
1.799909000,1,1,1,1,1,1,0,1,0,0,1,0
1.799988000,1,1,1,1,1,1,0,1,0,0,1,1
1.800488000,1,1,1,1,1,1,0,1,0,0,1,0
1.800904000,0,0,0,0,0,0,0,0,0,0,0,0
1.800909000,1,1,1,1,1,1,0,1,0,0,1,0
1.800988000,1,1,1,1,1,1,0,1,0,0,1,1
1.801488000,1,1,1,1,1,1,0,1,0,0,1,0
1.801904000,0,0,0,0,0,0,0,0,0,0,0,0
1.801909000,0,0,0,0,0,0,1,1,0,0,1,0
1.801988000,0,0,0,0,0,0,1,1,0,0,1,1
1.802488000,0,0,0,0,0,0,1,1,0,0,1,0
1.802904000,0,0,0,0,0,0,0,0,0,0,0,0
1.802909000,1,1,1,1,1,1,0,1,0,0,1,0
1.802988000,1,1,1,1,1,1,0,1,0,0,1,1
1.803488000,1,1,1,1,1,1,0,1,0,0,1,0
1.803904000,0,0,0,0,0,0,0,0,0,0,0,0
1.803909000,0,1,1,1,1,1,0,1,0,0,1,0
1.803988000,0,1,1,1,1,1,0,1,0,0,1,1
1.804488000,0,1,1,1,1,1,0,1,0,0,1,0
1.804904000,0,0,0,0,0,0,0,0,0,0,0,0
1.804909000,1,1,1,0,1,1,0,1,0,0,1,0
1.804988000,1,1,1,0,1,1,0,1,0,0,1,1
1.805488000,1,1,1,0,1,1,0,1,0,0,1,0
1.805904000,0,0,0,0,0,0,0,0,0,0,0,0
1.805909000,0,1,1,0,0,0,1,1,0,0,1,0
1.805988000,0,1,1,0,0,0,1,1,0,0,1,1
1.806488000,0,1,1,0,0,0,1,1,0,0,1,0
1.806904000,0,0,0,0,0,0,0,0,0,0,0,0
1.806909000,1,1,1,1,1,1,0,1,0,0,1,0
1.806988000,1,1,1,1,1,1,0,1,0,0,1,1
1.807488000,1,1,1,1,1,1,0,1,0,0,1,0
1.807904000,0,0,0,0,0,0,0,0,0,0,0,0
1.807909000,1,1,0,1,0,0,1,1,0,0,1,0
1.807988000,1,1,0,1,0,0,1,1,0,0,1,1
1.808488000,1,1,0,1,0,0,1,1,0,0,1,0
1.808904000,0,0,0,0,0,0,0,0,0,0,0,0
1.808909000,1,1,1,1,1,1,0,1,0,0,1,0
1.808988000,1,1,1,1,1,1,0,1,0,0,1,1
1.809488000,1,1,1,1,1,1,0,1,0,0,1,0
1.809904000,0,0,0,0,0,0,0,0,0,0,0,0
1.809909000,0,0,0,1,0,0,1,1,0,0,1,0
1.809988000,0,0,0,1,0,0,1,1,0,0,1,1
1.810488000,0,0,0,1,0,0,1,1,0,0,1,0
1.810904000,0,0,0,0,0,0,0,0,0,0,0,0
1.810909000,1,1,0,1,0,0,1,1,0,0,1,0
1.810988000,1,1,0,1,0,0,1,1,0,0,1,1
1.811488000,1,1,0,1,0,0,1,1,0,0,1,0
1.811904000,0,0,0,0,0,0,0,0,0,0,0,0
1.811909000,0,0,0,1,1,1,0,1,0,0,1,0
1.811988000,0,0,0,1,1,1,0,1,0,0,1,1
1.812488000,0,0,0,1,1,1,0,1,0,0,1,0
1.812904000,0,0,0,0,0,0,0,0,0,0,0,0
1.812909000,1,0,1,0,0,0,1,1,0,0,1,0
1.812988000,1,0,1,0,0,0,1,1,0,0,1,1
1.813488000,1,0,1,0,0,0,1,1,0,0,1,0
1.813904000,0,0,0,0,0,0,0,0,0,0,0,0
1.813909000,1,1,1,0,0,0,1,1,0,0,1,0
1.813988000,1,1,1,0,0,0,1,1,0,0,1,1
1.814488000,1,1,1,0,0,0,1,1,0,0,1,0
1.814904000,0,0,0,0,0,0,0,0,0,0,0,0
1.814909000,1,1,1,0,0,0,1,1,0,0,1,0
1.814988000,1,1,1,0,0,0,1,1,0,0,1,1
1.815488000,1,1,1,0,0,0,1,1,0,0,1,0
1.815904000,0,0,0,0,0,0,0,0,0,0,0,0
1.815909000,1,1,1,1,1,1,0,1,0,0,1,0
1.815988000,1,1,1,1,1,1,0,1,0,0,1,1
1.816488000,1,1,1,1,1,1,0,1,0,0,1,0
1.816904000,0,0,0,0,0,0,0,0,0,0,0,0
1.816909000,0,1,0,1,0,0,1,1,0,0,1,0
1.816988000,0,1,0,1,0,0,1,1,0,0,1,1
1.817488000,0,1,0,1,0,0,1,1,0,0,1,0
1.817904000,0,0,0,0,0,0,0,0,0,0,0,0
1.817909000,0,1,0,1,1,1,0,1,0,0,1,0
1.817988000,0,1,0,1,1,1,0,1,0,0,1,1
1.818488000,0,1,0,1,1,1,0,1,0,0,1,0
1.818904000,0,0,0,0,0,0,0,0,0,0,0,0
1.818909000,0,1,0,1,0,0,1,1,0,0,1,0
1.818988000,0,1,0,1,0,0,1,1,0,0,1,1
1.819488000,0,1,0,1,0,0,1,1,0,0,1,0
1.819904000,0,0,0,0,0,0,0,0,0,0,0,0
1.819909000,0,1,1,0,0,0,1,1,0,0,1,0
1.819988000,0,1,1,0,0,0,1,1,0,0,1,1
1.820488000,0,1,1,0,0,0,1,1,0,0,1,0
1.820904000,0,0,0,0,0,0,0,0,0,0,0,0
1.820909000,1,1,0,1,1,1,0,1,0,0,1,0
1.820988000,1,1,0,1,1,1,0,1,0,0,1,1
1.821487000,1,1,0,1,1,1,0,1,0,0,1,0
1.821904000,0,0,0,0,0,0,0,0,0,0,0,0
1.821909000,1,1,0,1,0,0,1,1,0,0,1,0
1.821987000,1,1,0,1,0,0,1,1,0,0,1,1
1.822487000,1,1,0,1,0,0,1,1,0,0,1,0
1.822904000,0,0,0,0,0,0,0,0,0,0,0,0
1.822909000,1,1,1,1,1,1,0,1,0,0,1,0
1.822987000,1,1,1,1,1,1,0,1,0,0,1,1
1.823487000,1,1,1,1,1,1,0,1,0,0,1,0
1.823904000,0,0,0,0,0,0,0,0,0,0,0,0
1.823909000,1,1,1,1,0,0,1,1,0,0,1,0
1.823987000,1,1,1,1,0,0,1,1,0,0,1,1
1.824487000,1,1,1,1,0,0,1,1,0,0,1,0
1.824904000,0,0,0,0,0,0,0,0,0,0,0,0
1.824909000,0,0,0,1,0,0,1,1,0,0,1,0
1.824987000,0,0,0,1,0,0,1,1,0,0,1,1
1.825487000,0,0,0,1,0,0,1,1,0,0,1,0
1.825904000,0,0,0,0,0,0,0,0,0,0,0,0
1.825909000,1,0,1,1,0,0,1,1,0,0,1,0
1.825987000,1,0,1,1,0,0,1,1,0,0,1,1
1.826487000,1,0,1,1,0,0,1,1,0,0,1,0
1.826904000,0,0,0,0,0,0,0,0,0,0,0,0
1.826909000,0,0,0,0,1,0,1,1,0,0,1,0
1.826987000,0,0,0,0,1,0,1,1,0,0,1,1
1.827487000,0,0,0,0,1,0,1,1,0,0,1,0
1.827904000,0,0,0,0,0,0,0,0,0,0,0,0
1.827909000,0,0,0,0,1,0,1,1,0,0,1,0
1.827987000,0,0,0,0,1,0,1,1,0,0,1,1
1.828487000,0,0,0,0,1,0,1,1,0,0,1,0
1.828904000,0,0,0,0,0,0,0,0,0,0,0,0
1.828909000,1,0,0,1,1,0,1,1,0,0,1,0
1.828987000,1,0,0,1,1,0,1,1,0,0,1,1
1.829487000,1,0,0,1,1,0,1,1,0,0,1,0
1.829904000,0,0,0,0,0,0,0,0,0,0,0,0
1.829909000,0,0,0,1,0,0,1,1,0,0,1,0
1.829987000,0,0,0,1,0,0,1,1,0,0,1,1
1.830487000,0,0,0,1,0,0,1,1,0,0,1,0
1.830904000,0,0,0,0,0,0,0,0,0,0,0,0
1.830909000,1,1,1,1,1,0,1,1,0,0,1,0
1.830987000,1,1,1,1,1,0,1,1,0,0,1,1
1.831487000,1,1,1,1,1,0,1,1,0,0,1,0
1.831904000,0,0,0,0,0,0,0,0,0,0,0,0
1.831909000,0,0,1,0,1,0,1,1,0,0,1,0
1.831987000,0,0,1,0,1,0,1,1,0,0,1,1
1.832487000,0,0,1,0,1,0,1,1,0,0,1,0
1.832904000,0,0,0,0,0,0,0,0,0,0,0,0
1.832909000,0,0,1,1,0,0,1,1,0,0,1,0
1.832987000,0,0,1,1,0,0,1,1,0,0,1,1
1.833487000,0,0,1,1,0,0,1,1,0,0,1,0
1.833904000,0,0,0,0,0,0,0,0,0,0,0,0
1.833909000,1,0,1,1,0,0,1,1,0,0,1,0
1.833987000,1,0,1,1,0,0,1,1,0,0,1,1
1.834487000,1,0,1,1,0,0,1,1,0,0,1,0
1.834904000,0,0,0,0,0,0,0,0,0,0,0,0
1.834909000,1,0,0,1,0,0,1,1,0,0,1,0
1.834987000,1,0,0,1,0,0,1,1,0,0,1,1
1.835487000,1,0,0,1,0,0,1,1,0,0,1,0
1.835904000,0,0,0,0,0,0,0,0,0,0,0,0
1.835909000,1,1,1,1,1,1,0,1,0,0,1,0
1.835987000,1,1,1,1,1,1,0,1,0,0,1,1
1.836487000,1,1,1,1,1,1,0,1,0,0,1,0
1.836904000,0,0,0,0,0,0,0,0,0,0,0,0
1.836909000,0,0,1,1,1,1,0,1,0,0,1,0
1.836987000,0,0,1,1,1,1,0,1,0,0,1,1
1.837487000,0,0,1,1,1,1,0,1,0,0,1,0
1.837904000,0,0,0,0,0,0,0,0,0,0,0,0
1.837909000,0,0,1,1,0,0,1,1,0,0,1,0
1.837987000,0,0,1,1,0,0,1,1,0,0,1,1
1.838487000,0,0,1,1,0,0,1,1,0,0,1,0
1.838904000,0,0,0,0,0,0,0,0,0,0,0,0
1.838909000,1,0,1,0,1,0,1,1,0,0,1,0
1.838987000,1,0,1,0,1,0,1,1,0,0,1,1
1.839487000,1,0,1,0,1,0,1,1,0,0,1,0
1.839904000,0,0,0,0,0,0,0,0,0,0,0,0
1.839909000,1,0,1,0,1,0,1,1,0,0,1,0
1.839987000,1,0,1,0,1,0,1,1,0,0,1,1
1.840487000,1,0,1,0,1,0,1,1,0,0,1,0
1.840904000,0,0,0,0,0,0,0,0,0,0,0,0
1.840909000,0,0,0,0,1,0,1,1,0,0,1,0
1.840987000,0,0,0,0,1,0,1,1,0,0,1,1
1.841487000,0,0,0,0,1,0,1,1,0,0,1,0
1.841904000,0,0,0,0,0,0,0,0,0,0,0,0
1.841909000,1,1,1,1,1,1,0,1,0,0,1,0
1.841987000,1,1,1,1,1,1,0,1,0,0,1,1
1.842487000,1,1,1,1,1,1,0,1,0,0,1,0
1.842904000,0,0,0,0,0,0,0,0,0,0,0,0
1.842909000,1,1,1,1,1,1,0,1,0,0,1,0
1.842987000,1,1,1,1,1,1,0,1,0,0,1,1
1.843487000,1,1,1,1,1,1,0,1,0,0,1,0
1.843904000,0,0,0,0,0,0,0,0,0,0,0,0
1.843909000,1,1,1,1,1,1,0,1,0,0,1,0
1.843987000,1,1,1,1,1,1,0,1,0,0,1,1
1.844487000,1,1,1,1,1,1,0,1,0,0,1,0
1.844904000,0,0,0,0,0,0,0,0,0,0,0,0
1.844909000,0,0,1,0,0,0,1,1,0,0,1,0
1.844987000,0,0,1,0,0,0,1,1,0,0,1,1
1.845487000,0,0,1,0,0,0,1,1,0,0,1,0
1.845904000,0,0,0,0,0,0,0,0,0,0,0,0
1.845909000,0,0,0,1,0,0,1,1,0,0,1,0
1.845987000,0,0,0,1,0,0,1,1,0,0,1,1
1.846487000,0,0,0,1,0,0,1,1,0,0,1,0
1.846904000,0,0,0,0,0,0,0,0,0,0,0,0
1.846909000,0,0,0,1,0,0,1,1,0,0,1,0
1.846987000,0,0,0,1,0,0,1,1,0,0,1,1
1.847487000,0,0,0,1,0,0,1,1,0,0,1,0
1.847904000,0,0,0,0,0,0,0,0,0,0,0,0
1.847909000,0,1,0,0,1,0,1,1,0,0,1,0
1.847987000,0,1,0,0,1,0,1,1,0,0,1,1
1.848487000,0,1,0,0,1,0,1,1,0,0,1,0
1.848904000,0,0,0,0,0,0,0,0,0,0,0,0
1.848909000,1,1,1,1,1,1,0,1,0,0,1,0
1.848987000,1,1,1,1,1,1,0,1,0,0,1,1
1.849487000,1,1,1,1,1,1,0,1,0,0,1,0
1.849904000,0,0,0,0,0,0,0,0,0,0,0,0
1.849909000,1,1,1,0,1,0,1,1,0,0,1,0
1.849987000,1,1,1,0,1,0,1,1,0,0,1,1
1.850487000,1,1,1,0,1,0,1,1,0,0,1,0
1.850904000,0,0,0,0,0,0,0,0,0,0,0,0
1.850909000,1,0,0,1,0,0,1,1,0,0,1,0
1.850987000,1,0,0,1,0,0,1,1,0,0,1,1
1.851487000,1,0,0,1,0,0,1,1,0,0,1,0
1.851904000,0,0,0,0,0,0,0,0,0,0,0,0
1.851909000,0,1,0,1,0,0,1,1,0,0,1,0
1.851987000,0,1,0,1,0,0,1,1,0,0,1,1
1.852487000,0,1,0,1,0,0,1,1,0,0,1,0
1.852904000,0,0,0,0,0,0,0,0,0,0,0,0
1.852909000,0,1,0,1,0,0,1,1,0,0,1,0
1.852987000,0,1,0,1,0,0,1,1,0,0,1,1
1.853487000,0,1,0,1,0,0,1,1,0,0,1,0
1.853904000,0,0,0,0,0,0,0,0,0,0,0,0
1.853909000,0,0,0,0,0,0,1,1,0,0,1,0
1.853987000,0,0,0,0,0,0,1,1,0,0,1,1
1.854487000,0,0,0,0,0,0,1,1,0,0,1,0
1.854904000,0,0,0,0,0,0,0,0,0,0,0,0
1.854909000,0,0,1,0,0,0,1,1,0,0,1,0
1.854987000,0,0,1,0,0,0,1,1,0,0,1,1
1.855487000,0,0,1,0,0,0,1,1,0,0,1,0
1.855904000,0,0,0,0,0,0,0,0,0,0,0,0
1.855909000,0,1,0,1,1,0,1,1,0,0,1,0
1.855987000,0,1,0,1,1,0,1,1,0,0,1,1
1.856487000,0,1,0,1,1,0,1,1,0,0,1,0
1.856904000,0,0,0,0,0,0,0,0,0,0,0,0
1.856909000,0,1,1,0,0,0,1,1,0,0,1,0
1.856987000,0,1,1,0,0,0,1,1,0,0,1,1
1.857487000,0,1,1,0,0,0,1,1,0,0,1,0
1.857904000,0,0,0,0,0,0,0,0,0,0,0,0
1.857909000,1,0,1,1,1,0,1,1,0,0,1,0
1.857987000,1,0,1,1,1,0,1,1,0,0,1,1
1.858487000,1,0,1,1,1,0,1,1,0,0,1,0
1.858904000,0,0,0,0,0,0,0,0,0,0,0,0
1.858909000,1,0,1,0,1,0,1,1,0,0,1,0
1.858987000,1,0,1,0,1,0,1,1,0,0,1,1
1.859487000,1,0,1,0,1,0,1,1,0,0,1,0
1.859904000,0,0,0,0,0,0,0,0,0,0,0,0
1.859909000,0,1,0,1,0,0,1,1,0,0,1,0
1.859987000,0,1,0,1,0,0,1,1,0,0,1,1
1.860487000,0,1,0,1,0,0,1,1,0,0,1,0
1.860904000,0,0,0,0,0,0,0,0,0,0,0,0
1.860909000,1,1,1,1,1,1,0,1,0,0,1,0
1.860987000,1,1,1,1,1,1,0,1,0,0,1,1
1.861487000,1,1,1,1,1,1,0,1,0,0,1,0
1.861904000,0,0,0,0,0,0,0,0,0,0,0,0
1.861909000,0,1,0,0,0,0,1,1,0,0,1,0
1.861987000,0,1,0,0,0,0,1,1,0,0,1,1
1.862487000,0,1,0,0,0,0,1,1,0,0,1,0
1.862904000,0,0,0,0,0,0,0,0,0,0,0,0
1.862909000,1,1,0,1,1,1,0,1,0,0,1,0
1.862987000,1,1,0,1,1,1,0,1,0,0,1,1
1.863487000,1,1,0,1,1,1,0,1,0,0,1,0
1.863904000,0,0,0,0,0,0,0,0,0,0,0,0
1.863909000,1,1,1,1,1,1,0,1,0,0,1,0
1.863987000,1,1,1,1,1,1,0,1,0,0,1,1
1.864487000,1,1,1,1,1,1,0,1,0,0,1,0
1.864904000,0,0,0,0,0,0,0,0,0,0,0,0
1.864909000,1,0,1,0,1,0,1,1,0,0,1,0
1.864987000,1,0,1,0,1,0,1,1,0,0,1,1
1.865487000,1,0,1,0,1,0,1,1,0,0,1,0
1.865904000,0,0,0,0,0,0,0,0,0,0,0,0
1.865909000,1,1,0,0,1,0,1,1,0,0,1,0
1.865987000,1,1,0,0,1,0,1,1,0,0,1,1
1.866487000,1,1,0,0,1,0,1,1,0,0,1,0
1.866904000,0,0,0,0,0,0,0,0,0,0,0,0
1.866909000,1,1,1,1,1,1,0,1,0,0,1,0
1.866987000,1,1,1,1,1,1,0,1,0,0,1,1
1.867487000,1,1,1,1,1,1,0,1,0,0,1,0
1.867904000,0,0,0,0,0,0,0,0,0,0,0,0
1.867909000,1,1,1,1,1,1,0,1,0,0,1,0
1.867987000,1,1,1,1,1,1,0,1,0,0,1,1
1.868487000,1,1,1,1,1,1,0,1,0,0,1,0
1.868904000,0,0,0,0,0,0,0,0,0,0,0,0
1.868909000,0,1,1,1,1,1,0,1,0,0,1,0
1.868987000,0,1,1,1,1,1,0,1,0,0,1,1
1.869487000,0,1,1,1,1,1,0,1,0,0,1,0
1.869904000,0,0,0,0,0,0,0,0,0,0,0,0
1.869909000,1,1,1,0,1,1,0,1,0,0,1,0
1.869987000,1,1,1,0,1,1,0,1,0,0,1,1
1.870487000,1,1,1,0,1,1,0,1,0,0,1,0
1.870904000,0,0,0,0,0,0,0,0,0,0,0,0
1.870909000,0,1,0,0,0,0,1,1,0,0,1,0
1.870987000,0,1,0,0,0,0,1,1,0,0,1,1
1.871487000,0,1,0,0,0,0,1,1,0,0,1,0
1.871904000,0,0,0,0,0,0,0,0,0,0,0,0
1.871909000,0,1,0,1,0,0,1,1,0,0,1,0
1.871987000,0,1,0,1,0,0,1,1,0,0,1,1
1.872487000,0,1,0,1,0,0,1,1,0,0,1,0
1.872904000,0,0,0,0,0,0,0,0,0,0,0,0
1.872909000,1,1,1,1,1,1,0,1,0,0,1,0
1.872987000,1,1,1,1,1,1,0,1,0,0,1,1
1.873487000,1,1,1,1,1,1,0,1,0,0,1,0
1.873904000,0,0,0,0,0,0,0,0,0,0,0,0
1.873909000,0,0,1,0,1,0,1,1,0,0,1,0
1.873987000,0,0,1,0,1,0,1,1,0,0,1,1
1.874487000,0,0,1,0,1,0,1,1,0,0,1,0
1.874904000,0,0,0,0,0,0,0,0,0,0,0,0
1.874909000,1,1,1,1,1,1,0,1,0,0,1,0
1.874987000,1,1,1,1,1,1,0,1,0,0,1,1
1.875487000,1,1,1,1,1,1,0,1,0,0,1,0
1.875904000,0,0,0,0,0,0,0,0,0,0,0,0
1.875909000,1,0,1,1,1,1,0,1,0,0,1,0
1.875987000,1,0,1,1,1,1,0,1,0,0,1,1
1.876487000,1,0,1,1,1,1,0,1,0,0,1,0
1.876904000,0,0,0,0,0,0,0,0,0,0,0,0
1.876909000,1,0,1,1,1,1,0,1,0,0,1,0
1.876987000,1,0,1,1,1,1,0,1,0,0,1,1
1.877487000,1,0,1,1,1,1,0,1,0,0,1,0
1.877904000,0,0,0,0,0,0,0,0,0,0,0,0
1.877909000,1,0,0,0,1,1,0,1,0,0,1,0
1.877987000,1,0,0,0,1,1,0,1,0,0,1,1
1.878487000,1,0,0,0,1,1,0,1,0,0,1,0
1.878904000,0,0,0,0,0,0,0,0,0,0,0,0
1.878909000,1,0,0,0,1,1,0,1,0,0,1,0
1.878987000,1,0,0,0,1,1,0,1,0,0,1,1
1.879487000,1,0,0,0,1,1,0,1,0,0,1,0
1.879904000,0,0,0,0,0,0,0,0,0,0,0,0
1.879909000,1,1,0,1,1,1,0,1,0,0,1,0
1.879987000,1,1,0,1,1,1,0,1,0,0,1,1
1.880487000,1,1,0,1,1,1,0,1,0,0,1,0
1.880904000,0,0,0,0,0,0,0,0,0,0,0,0
1.880909000,0,0,1,0,1,0,1,1,0,0,1,0
1.880987000,0,0,1,0,1,0,1,1,0,0,1,1
1.881487000,0,0,1,0,1,0,1,1,0,0,1,0
1.881904000,0,0,0,0,0,0,0,0,0,0,0,0
1.881909000,0,1,1,0,1,0,1,1,0,0,1,0
1.881987000,0,1,1,0,1,0,1,1,0,0,1,1
1.882487000,0,1,1,0,1,0,1,1,0,0,1,0
1.882904000,0,0,0,0,0,0,0,0,0,0,0,0
1.882909000,1,1,1,1,1,1,0,1,0,0,1,0
1.882987000,1,1,1,1,1,1,0,1,0,0,1,1
1.883487000,1,1,1,1,1,1,0,1,0,0,1,0
1.883904000,0,0,0,0,0,0,0,0,0,0,0,0
1.883909000,1,1,1,1,1,1,0,1,0,0,1,0
1.883987000,1,1,1,1,1,1,0,1,0,0,1,1
1.884487000,1,1,1,1,1,1,0,1,0,0,1,0
1.884904000,0,0,0,0,0,0,0,0,0,0,0,0
1.884909000,1,1,0,1,1,1,0,1,0,0,1,0
1.884987000,1,1,0,1,1,1,0,1,0,0,1,1
1.885487000,1,1,0,1,1,1,0,1,0,0,1,0
1.885904000,0,0,0,0,0,0,0,0,0,0,0,0
1.885909000,1,1,0,1,1,1,0,1,0,0,1,0
1.885987000,1,1,0,1,1,1,0,1,0,0,1,1
1.886487000,1,1,0,1,1,1,0,1,0,0,1,0
1.886904000,0,0,0,0,0,0,0,0,0,0,0,0
1.886909000,1,0,1,0,1,1,0,1,0,0,1,0
1.886987000,1,0,1,0,1,1,0,1,0,0,1,1
1.887487000,1,0,1,0,1,1,0,1,0,0,1,0
1.887904000,0,0,0,0,0,0,0,0,0,0,0,0
1.887909000,0,0,1,0,1,1,0,1,0,0,1,0
1.887987000,0,0,1,0,1,1,0,1,0,0,1,1
1.888487000,0,0,1,0,1,1,0,1,0,0,1,0
1.888904000,0,0,0,0,0,0,0,0,0,0,0,0
1.888909000,0,1,0,1,0,0,1,1,0,0,1,0
1.888987000,0,1,0,1,0,0,1,1,0,0,1,1
1.889487000,0,1,0,1,0,0,1,1,0,0,1,0
1.889904000,0,0,0,0,0,0,0,0,0,0,0,0
1.889909000,0,0,1,0,1,0,1,1,0,0,1,0
1.889987000,0,0,1,0,1,0,1,1,0,0,1,1
1.890487000,0,0,1,0,1,0,1,1,0,0,1,0
1.890904000,0,0,0,0,0,0,0,0,0,0,0,0
1.890909000,1,1,1,0,0,0,1,1,0,0,1,0
1.890987000,1,1,1,0,0,0,1,1,0,0,1,1
1.891487000,1,1,1,0,0,0,1,1,0,0,1,0
1.891904000,0,0,0,0,0,0,0,0,0,0,0,0
1.891909000,0,0,0,0,1,0,1,1,0,0,1,0
1.891987000,0,0,0,0,1,0,1,1,0,0,1,1
1.892487000,0,0,0,0,1,0,1,1,0,0,1,0
1.892904000,0,0,0,0,0,0,0,0,0,0,0,0
1.892909000,1,1,1,0,1,1,0,1,0,0,1,0
1.892987000,1,1,1,0,1,1,0,1,0,0,1,1
1.893487000,1,1,1,0,1,1,0,1,0,0,1,0
1.893904000,0,0,0,0,0,0,0,0,0,0,0,0
1.893909000,1,1,0,1,1,1,0,1,0,0,1,0
1.893987000,1,1,0,1,1,1,0,1,0,0,1,1
1.894487000,1,1,0,1,1,1,0,1,0,0,1,0
1.894904000,0,0,0,0,0,0,0,0,0,0,0,0
1.894909000,1,1,1,0,1,1,0,1,0,0,1,0
1.894987000,1,1,1,0,1,1,0,1,0,0,1,1
1.895487000,1,1,1,0,1,1,0,1,0,0,1,0
1.895904000,0,0,0,0,0,0,0,0,0,0,0,0
1.895909000,0,1,1,0,0,0,1,1,0,0,1,0
1.895987000,0,1,1,0,0,0,1,1,0,0,1,1
1.896487000,0,1,1,0,0,0,1,1,0,0,1,0
1.896904000,0,0,0,0,0,0,0,0,0,0,0,0
1.896909000,1,0,1,1,0,0,1,1,0,0,1,0
1.896987000,1,0,1,1,0,0,1,1,0,0,1,1
1.897487000,1,0,1,1,0,0,1,1,0,0,1,0
1.897904000,0,0,0,0,0,0,0,0,0,0,0,0
1.897909000,1,0,0,0,1,0,1,1,0,0,1,0
1.897987000,1,0,0,0,1,0,1,1,0,0,1,1
1.898487000,1,0,0,0,1,0,1,1,0,0,1,0
1.898904000,0,0,0,0,0,0,0,0,0,0,0,0
1.898909000,1,0,1,1,1,0,1,1,0,0,1,0
1.898987000,1,0,1,1,1,0,1,1,0,0,1,1
1.899487000,1,0,1,1,1,0,1,1,0,0,1,0
1.899904000,0,0,0,0,0,0,0,0,0,0,0,0
1.899909000,0,0,0,1,0,0,1,1,0,0,1,0
1.899987000,0,0,0,1,0,0,1,1,0,0,1,1
1.900487000,0,0,0,1,0,0,1,1,0,0,1,0
1.900904000,0,0,0,0,0,0,0,0,0,0,0,0
1.900909000,1,0,1,1,1,1,0,1,0,0,1,0
1.900987000,1,0,1,1,1,1,0,1,0,0,1,1
1.901487000,1,0,1,1,1,1,0,1,0,0,1,0
1.901904000,0,0,0,0,0,0,0,0,0,0,0,0
1.901909000,0,0,0,1,0,1,0,1,0,0,1,0
1.901987000,0,0,0,1,0,1,0,1,0,0,1,1
1.902487000,0,0,0,1,0,1,0,1,0,0,1,0
1.902904000,0,0,0,0,0,0,0,0,0,0,0,0
1.902909000,1,1,1,1,0,1,0,1,0,0,1,0
1.902987000,1,1,1,1,0,1,0,1,0,0,1,1
1.903487000,1,1,1,1,0,1,0,1,0,0,1,0
1.903904000,0,0,0,0,0,0,0,0,0,0,0,0
1.903909000,0,0,0,1,1,1,0,1,0,0,1,0
1.903987000,0,0,0,1,1,1,0,1,0,0,1,1
1.904487000,0,0,0,1,1,1,0,1,0,0,1,0
1.904904000,0,0,0,0,0,0,0,0,0,0,0,0
1.904909000,0,0,1,0,1,0,1,1,0,0,1,0
1.904987000,0,0,1,0,1,0,1,1,0,0,1,1
1.905487000,0,0,1,0,1,0,1,1,0,0,1,0
1.905904000,0,0,0,0,0,0,0,0,0,0,0,0
1.905909000,1,0,1,0,1,0,1,1,0,0,1,0
1.905987000,1,0,1,0,1,0,1,1,0,0,1,1
1.906487000,1,0,1,0,1,0,1,1,0,0,1,0
1.906904000,0,0,0,0,0,0,0,0,0,0,0,0
1.906909000,1,1,1,1,1,0,1,1,0,0,1,0
1.906987000,1,1,1,1,1,0,1,1,0,0,1,1
1.907487000,1,1,1,1,1,0,1,1,0,0,1,0
1.907904000,0,0,0,0,0,0,0,0,0,0,0,0
1.907909000,1,1,0,1,1,0,1,1,0,0,1,0
1.907987000,1,1,0,1,1,0,1,1,0,0,1,1
1.908487000,1,1,0,1,1,0,1,1,0,0,1,0
1.908904000,0,0,0,0,0,0,0,0,0,0,0,0
1.908909000,1,1,1,1,1,1,0,1,0,0,1,0
1.908987000,1,1,1,1,1,1,0,1,0,0,1,1
1.909487000,1,1,1,1,1,1,0,1,0,0,1,0
1.909904000,0,0,0,0,0,0,0,0,0,0,0,0
1.909909000,0,0,0,0,0,0,1,1,0,0,1,0
1.909987000,0,0,0,0,0,0,1,1,0,0,1,1
1.910487000,0,0,0,0,0,0,1,1,0,0,1,0
1.910904000,0,0,0,0,0,0,0,0,0,0,0,0
1.910909000,1,1,1,1,0,1,0,1,0,0,1,0
1.910987000,1,1,1,1,0,1,0,1,0,0,1,1
1.911487000,1,1,1,1,0,1,0,1,0,0,1,0
1.911904000,0,0,0,0,0,0,0,0,0,0,0,0
1.911909000,1,1,1,0,0,1,0,1,0,0,1,0
1.911987000,1,1,1,0,0,1,0,1,0,0,1,1
1.912487000,1,1,1,0,0,1,0,1,0,0,1,0
1.912904000,0,0,0,0,0,0,0,0,0,0,0,0
1.912909000,1,1,1,1,1,1,0,1,0,0,1,0
1.912987000,1,1,1,1,1,1,0,1,0,0,1,1
1.913487000,1,1,1,1,1,1,0,1,0,0,1,0
1.913904000,0,0,0,0,0,0,0,0,0,0,0,0
1.913909000,1,1,1,0,1,0,1,1,0,0,1,0
1.913987000,1,1,1,0,1,0,1,1,0,0,1,1
1.914487000,1,1,1,0,1,0,1,1,0,0,1,0
1.914904000,0,0,0,0,0,0,0,0,0,0,0,0
1.914909000,1,0,1,0,1,1,1,1,0,0,1,0
1.914987000,1,0,1,0,1,1,1,1,0,0,1,1
1.915487000,1,0,1,0,1,1,1,1,0,0,1,0
1.915904000,0,0,0,0,0,0,0,0,0,0,0,0
1.915909000,0,0,1,0,0,1,1,1,0,0,1,0
1.915987000,0,0,1,0,0,1,1,1,0,0,1,1
1.916487000,0,0,1,0,0,1,1,1,0,0,1,0
1.916904000,0,0,0,0,0,0,0,0,0,0,0,0
1.916909000,0,0,1,1,1,0,1,1,0,0,1,0
1.916987000,0,0,1,1,1,0,1,1,0,0,1,1
1.917487000,0,0,1,1,1,0,1,1,0,0,1,0
1.917904000,0,0,0,0,0,0,0,0,0,0,0,0
1.917909000,1,1,1,0,0,1,0,1,0,0,1,0
1.917987000,1,1,1,0,0,1,0,1,0,0,1,1
1.918487000,1,1,1,0,0,1,0,1,0,0,1,0
1.918904000,0,0,0,0,0,0,0,0,0,0,0,0
1.918909000,0,1,0,1,0,1,0,1,0,0,1,0
1.918987000,0,1,0,1,0,1,0,1,0,0,1,1
1.919487000,0,1,0,1,0,1,0,1,0,0,1,0
1.919903000,0,1,0,1,0,1,0,1,0,0,0,0
1.919904000,0,0,0,0,0,0,0,0,0,0,0,0
1.919909000,1,1,1,1,0,1,0,1,0,0,1,0
1.919987000,1,1,1,1,0,1,0,1,0,0,1,1
1.920487000,1,1,1,1,0,1,0,1,0,0,1,0
1.920903000,1,1,1,1,0,1,0,1,0,0,0,0
1.920904000,0,0,0,0,0,0,0,0,0,0,0,0
1.920909000,1,0,1,0,0,0,1,1,0,0,1,0
1.920987000,1,0,1,0,0,0,1,1,0,0,1,1
1.921487000,1,0,1,0,0,0,1,1,0,0,1,0
1.921903000,1,0,1,0,0,0,1,1,0,0,0,0
1.921904000,0,0,0,0,0,0,0,0,0,0,0,0
1.921909000,1,0,1,1,1,0,1,1,0,0,1,0
1.921987000,1,0,1,1,1,0,1,1,0,0,1,1
1.922487000,1,0,1,1,1,0,1,1,0,0,1,0
1.922903000,1,0,1,1,1,0,1,1,0,0,0,0
1.922904000,0,0,0,0,0,0,0,0,0,0,0,0
1.922909000,1,1,1,0,0,1,1,1,0,0,1,0
1.922987000,1,1,1,0,0,1,1,1,0,0,1,1
1.923487000,1,1,1,0,0,1,1,1,0,0,1,0
1.923903000,1,1,1,1,0,0,0,0,1,1,1,0
1.923904000,0,0,0,0,0,0,0,0,0,0,0,0
1.923909000,1,1,0,1,0,1,1,1,0,0,1,0
1.923987000,1,1,0,1,0,1,1,1,0,0,1,1
1.924487000,1,1,0,1,0,1,1,1,0,0,1,0
1.924903000,0,0,0,1,0,0,1,1,0,0,0,0
1.924904000,0,0,0,0,0,0,0,0,0,0,0,0
1.924909000,1,0,0,1,1,0,1,1,0,0,1,0
1.924987000,1,0,0,1,1,0,1,1,0,0,1,1
1.925487000,1,0,0,1,1,0,1,1,0,0,1,0
1.925903000,0,0,0,0,0,0,0,0,0,0,0,0
1.925909000,1,1,1,1,1,1,0,1,0,0,1,0
1.925987000,1,1,1,1,1,1,0,1,0,0,1,1
1.926487000,1,1,1,1,1,1,0,1,0,0,1,0
1.926903000,0,0,0,0,0,0,0,0,0,0,0,0
1.926909000,0,0,0,0,0,1,0,1,0,0,1,0
1.926987000,0,0,0,0,0,1,0,1,0,0,1,1
1.927487000,0,0,0,0,0,1,0,1,0,0,1,0
1.927903000,0,0,0,0,0,0,0,0,0,0,0,0
1.927909000,1,1,0,1,0,1,0,1,0,0,1,0
1.927987000,1,1,0,1,0,1,0,1,0,0,1,1
1.928487000,1,1,0,1,0,1,0,1,0,0,1,0
1.928903000,0,0,0,0,0,0,0,0,0,0,0,0
1.928909000,1,0,0,1,1,1,0,1,0,0,1,0
1.928987000,1,0,0,1,1,1,0,1,0,0,1,1
1.929487000,1,0,0,1,1,1,0,1,0,0,1,0
1.929903000,0,0,0,0,0,0,0,0,0,0,0,0
1.929908000,0,0,0,0,0,0,0,0,1,0,0,0
1.929909000,0,0,0,0,0,0,0,0,1,0,1,0
1.929987000,0,0,0,0,0,0,0,0,1,0,1,1
1.930487000,0,0,0,0,0,0,0,0,1,0,1,0
1.930903000,0,0,0,0,0,0,0,0,0,0,0,0
1.930908000,0,0,0,0,0,0,0,0,1,0,0,0
1.930909000,0,0,1,1,0,0,0,0,1,0,1,0
1.930987000,0,0,1,1,0,0,0,0,1,0,1,1
1.931487000,0,0,1,1,0,0,0,0,1,0,1,0
1.931903000,0,0,0,0,0,0,0,0,0,0,0,0
1.931908000,0,0,0,0,0,0,0,0,1,0,0,0
1.931909000,1,1,0,0,1,0,0,0,1,0,1,0
1.931987000,1,1,0,0,1,0,0,0,1,0,1,1
1.932487000,1,1,0,0,1,0,0,0,1,0,1,0
1.932903000,0,0,0,0,0,0,0,0,0,0,0,0
1.932908000,0,0,0,0,0,1,1,1,0,0,0,0
1.932909000,1,1,0,1,0,1,1,1,0,0,1,0
1.932987000,1,1,0,1,0,1,1,1,0,0,1,1
1.933487000,1,1,0,1,0,1,1,1,0,0,1,0
1.933903000,0,0,0,0,0,0,0,0,0,0,0,0
1.933908000,0,0,1,0,1,0,1,1,0,0,1,0
1.933909000,0,1,1,0,1,0,1,1,0,0,1,0
1.933987000,0,1,1,0,1,0,1,1,0,0,1,1
1.934487000,0,1,1,0,1,0,1,1,0,0,1,0
1.934903000,0,0,0,0,0,0,0,0,0,0,0,0
1.934908000,0,0,0,1,1,0,0,1,0,0,1,0
1.934909000,1,1,0,1,1,0,0,1,0,0,1,0
1.934987000,1,1,0,1,1,0,0,1,0,0,1,1
1.935487000,1,1,0,1,1,0,0,1,0,0,1,0
1.935903000,0,0,0,0,0,0,0,0,0,0,0,0
1.935908000,0,0,1,0,0,0,0,1,0,0,1,0
1.935987000,0,0,1,0,0,0,0,1,0,0,1,1
1.936487000,0,0,1,0,0,0,0,1,0,0,1,0
1.936903000,0,0,0,0,0,0,0,0,0,0,0,0
1.936908000,1,0,0,0,1,0,0,1,0,0,1,0
1.936987000,1,0,0,0,1,0,0,1,0,0,1,1
1.937487000,1,0,0,0,1,0,0,1,0,0,1,0
1.937903000,0,0,0,0,0,0,0,0,0,0,0,0
1.937908000,1,1,1,1,0,1,0,1,0,0,1,0
1.937987000,1,1,1,1,0,1,0,1,0,0,1,1
1.938487000,1,1,1,1,0,1,0,1,0,0,1,0
1.938903000,0,0,0,0,0,0,0,0,0,0,0,0
1.938908000,0,0,0,0,0,0,0,0,1,0,1,0
1.938987000,0,0,0,0,0,0,0,0,1,0,1,1
1.939487000,0,0,0,0,0,0,0,0,1,0,1,0
1.939903000,0,0,0,0,0,0,0,0,0,0,0,0
1.939908000,0,0,0,0,0,1,0,0,1,0,1,0
1.939987000,0,0,0,0,0,1,0,0,1,0,1,1
1.940487000,0,0,0,0,0,1,0,0,1,0,1,0
1.940903000,0,0,0,0,0,0,0,0,0,0,0,0
1.940908000,0,1,0,0,0,0,0,0,1,0,1,0
1.940987000,0,1,0,0,0,0,0,0,1,0,1,1
1.941487000,0,1,0,0,0,0,0,0,1,0,1,0
1.941903000,0,0,0,0,0,0,0,0,0,0,0,0
1.941908000,1,1,0,1,1,0,1,1,0,0,1,0
1.941987000,1,1,0,1,1,0,1,1,0,0,1,1
1.942487000,1,1,0,1,1,0,1,1,0,0,1,0
1.942903000,0,0,0,0,0,0,0,0,0,0,0,0
1.942908000,1,0,1,0,1,0,0,1,0,0,1,0
1.942987000,1,0,1,0,1,0,0,1,0,0,1,1
1.943487000,1,0,1,0,1,0,0,1,0,0,1,0
1.943903000,0,0,0,0,0,0,0,0,0,0,0,0
1.943908000,1,0,1,0,1,0,0,1,0,0,1,0
1.943987000,1,0,1,0,1,0,0,1,0,0,1,1
1.944487000,1,0,1,0,1,0,0,1,0,0,1,0
1.944903000,0,0,0,0,0,0,0,0,0,0,0,0
1.944908000,0,0,0,1,0,1,0,1,0,0,1,0
1.944987000,0,0,0,1,0,1,0,1,0,0,1,1
1.945487000,0,0,0,1,0,1,0,1,0,0,1,0
1.945903000,0,0,0,0,0,0,0,0,0,0,0,0
1.945908000,0,1,1,0,1,0,1,1,0,0,1,0
1.945987000,0,1,1,0,1,0,1,1,0,0,1,1
1.946487000,0,1,1,0,1,0,1,1,0,0,1,0
1.946903000,0,0,0,0,0,0,0,0,0,0,0,0
1.946908000,1,0,1,0,0,0,0,0,1,0,1,0
1.946987000,1,0,1,0,0,0,0,0,1,0,1,1
1.947487000,1,0,1,0,0,0,0,0,1,0,1,0
1.947903000,0,0,0,0,0,0,0,0,0,0,0,0
1.947908000,0,1,0,0,0,0,0,0,1,0,1,0
1.947987000,0,1,0,0,0,0,0,0,1,0,1,1
1.948487000,0,1,0,0,0,0,0,0,1,0,1,0
1.948903000,0,0,0,0,0,0,0,0,0,0,0,0
1.948908000,0,1,0,0,0,0,0,0,1,0,1,0
1.948987000,0,1,0,0,0,0,0,0,1,0,1,1
1.949487000,0,1,0,0,0,0,0,0,1,0,1,0
1.949903000,0,0,0,0,0,0,0,0,0,0,0,0
1.949908000,0,0,0,0,1,0,1,1,0,0,1,0
1.949987000,0,0,0,0,1,0,1,1,0,0,1,1
1.950487000,0,0,0,0,1,0,1,1,0,0,1,0
1.950903000,0,0,0,0,0,0,0,0,0,0,0,0
1.950908000,0,0,0,0,1,0,0,1,0,0,1,0
1.950987000,0,0,0,0,1,0,0,1,0,0,1,1
1.951487000,0,0,0,0,1,0,0,1,0,0,1,0
1.951903000,0,0,0,0,0,0,0,0,0,0,0,0
1.951908000,0,1,0,1,1,0,1,0,0,0,1,0
1.951987000,0,1,0,1,1,0,1,0,0,0,1,1
1.952487000,0,1,0,1,1,0,1,0,0,0,1,0
1.952903000,0,0,0,0,0,0,0,0,0,0,0,0
1.952908000,1,1,1,1,1,0,1,0,0,0,1,0
1.952987000,1,1,1,1,1,0,1,0,0,0,1,1
1.953487000,1,1,1,1,1,0,1,0,0,0,1,0
1.953903000,0,0,0,0,0,0,0,0,0,0,0,0
1.953908000,0,1,1,0,1,1,0,1,0,0,1,0
1.953987000,0,1,1,0,1,1,0,1,0,0,1,1
1.954487000,0,1,1,0,1,1,0,1,0,0,1,0
1.954903000,0,0,0,0,0,0,0,0,0,0,0,0
1.954908000,0,1,0,0,0,0,0,0,1,0,1,0
1.954987000,0,1,0,0,0,0,0,0,1,0,1,1
1.955487000,0,1,0,0,0,0,0,0,1,0,1,0
1.955903000,0,0,0,0,0,0,0,0,0,0,0,0
1.955908000,0,0,1,1,1,0,0,0,1,0,1,0
1.955987000,0,0,1,1,1,0,0,0,1,0,1,1
1.956487000,0,0,1,1,1,0,0,0,1,0,1,0
1.956903000,0,0,0,0,0,0,0,0,0,0,0,0
1.956908000,1,0,1,0,1,0,0,0,1,0,1,0
1.956987000,1,0,1,0,1,0,0,0,1,0,1,1
1.957487000,1,0,1,0,1,0,0,0,1,0,1,0
1.957903000,0,0,0,0,0,0,0,0,0,0,0,0
1.957908000,1,1,0,1,1,0,1,1,0,0,1,0
1.957987000,1,1,0,1,1,0,1,1,0,0,1,1
1.958487000,1,1,0,1,1,0,1,1,0,0,1,0
1.958903000,0,0,0,0,0,0,0,0,0,0,0,0
1.958908000,1,0,0,1,0,0,0,1,0,0,1,0
1.958987000,1,0,0,1,0,0,0,1,0,0,1,1
1.959487000,1,0,0,1,0,0,0,1,0,0,1,0
1.959903000,0,0,0,0,0,0,0,0,0,0,0,0
1.959908000,0,1,0,1,0,0,1,0,0,0,1,0
1.959987000,0,1,0,1,0,0,1,0,0,0,1,1
1.960487000,0,1,0,1,0,0,1,0,0,0,1,0
1.960903000,0,0,0,0,0,0,0,0,0,0,0,0
1.960908000,1,1,0,1,1,0,1,0,0,0,1,0
1.960987000,1,1,0,1,1,0,1,0,0,0,1,1
1.961487000,1,1,0,1,1,0,1,0,0,0,1,0
1.961903000,0,0,0,0,0,0,0,0,0,0,0,0
1.961908000,0,0,0,1,0,1,0,1,0,0,1,0
1.961987000,0,0,0,1,0,1,0,1,0,0,1,1
1.962487000,0,0,0,1,0,1,0,1,0,0,1,0
1.962903000,0,0,0,0,0,0,0,0,0,0,0,0
1.962908000,1,0,1,0,0,0,0,0,1,0,1,0
1.962987000,1,0,1,0,0,0,0,0,1,0,1,1
1.963487000,1,0,1,0,0,0,0,0,1,0,1,0
1.963903000,0,0,0,0,0,0,0,0,0,0,0,0
1.963908000,0,1,0,0,0,0,1,0,1,0,1,0
1.963987000,0,1,0,0,0,0,1,0,1,0,1,1
1.964487000,0,1,0,0,0,0,1,0,1,0,1,0
1.964903000,0,0,0,0,0,0,0,0,0,0,0,0
1.964908000,1,1,1,0,1,1,0,0,1,0,1,0
1.964987000,1,1,1,0,1,1,0,0,1,0,1,1
1.965487000,1,1,1,0,1,1,0,0,1,0,1,0
1.965903000,0,0,0,0,0,0,0,0,0,0,0,0
1.965908000,1,1,1,0,1,0,0,0,1,0,1,0
1.965987000,1,1,1,0,1,0,0,0,1,0,1,1
1.966486000,1,1,1,0,1,0,0,0,1,0,1,0
1.966903000,0,0,0,0,0,0,0,0,0,0,0,0
1.966908000,0,1,1,0,0,1,0,1,0,0,1,0
1.966986000,0,1,1,0,0,1,0,1,0,0,1,1
1.967486000,0,1,1,0,0,1,0,1,0,0,1,0
1.967903000,0,0,0,0,0,0,0,0,0,0,0,0
1.967908000,0,0,0,1,0,1,0,0,0,0,1,0
1.967986000,0,0,0,1,0,1,0,0,0,0,1,1
1.968486000,0,0,0,1,0,1,0,0,0,0,1,0
1.968903000,0,0,0,0,0,0,0,0,0,0,0,0
1.968908000,0,0,0,0,1,0,0,0,0,0,1,0
1.968986000,0,0,0,0,1,0,0,0,0,0,1,1
1.969486000,0,0,0,0,1,0,0,0,0,0,1,0
1.969903000,0,0,0,0,0,0,0,0,0,0,0,0
1.969908000,0,0,1,0,1,1,0,0,0,0,1,0
1.969986000,0,0,1,0,1,1,0,0,0,0,1,1
1.970486000,0,0,1,0,1,1,0,0,0,0,1,0
1.970903000,0,0,0,0,0,0,0,0,0,0,0,0
1.970908000,0,0,1,1,0,0,0,1,0,0,1,0
1.970986000,0,0,1,1,0,0,0,1,0,0,1,1
1.971486000,0,0,1,1,0,0,0,1,0,0,1,0
1.971903000,0,0,0,0,0,0,0,0,0,0,0,0
1.971908000,1,1,0,1,0,0,0,0,1,0,1,0
1.971986000,1,1,0,1,0,0,0,0,1,0,1,1
1.972486000,1,1,0,1,0,0,0,0,1,0,1,0
1.972903000,0,0,0,0,0,0,0,0,0,0,0,0
1.972908000,0,1,0,1,1,1,0,0,1,0,1,0
1.972986000,0,1,0,1,1,1,0,0,1,0,1,1
1.973486000,0,1,0,1,1,1,0,0,1,0,1,0
1.973903000,0,0,0,0,0,0,0,0,0,0,0,0
1.973908000,0,1,0,1,1,0,1,0,1,0,1,0
1.973986000,0,1,0,1,1,0,1,0,1,0,1,1
1.974486000,0,1,0,1,1,0,1,0,1,0,1,0
1.974903000,0,0,0,0,0,0,0,0,0,0,0,0
1.974908000,0,0,1,1,1,1,0,0,1,0,1,0
1.974986000,0,0,1,1,1,1,0,0,1,0,1,1
1.975486000,0,0,1,1,1,1,0,0,1,0,1,0
1.975903000,0,0,0,0,0,0,0,0,0,0,0,0
1.975908000,0,0,0,0,1,1,1,1,0,0,1,0
1.975986000,0,0,0,0,1,1,1,1,0,0,1,1
1.976486000,0,0,0,0,1,1,1,1,0,0,1,0
1.976903000,0,0,0,0,0,0,0,0,0,0,0,0
1.976908000,0,0,0,0,0,1,0,1,0,0,1,0
1.976986000,0,0,0,0,0,1,0,1,0,0,1,1
1.977486000,0,0,0,0,0,1,0,1,0,0,1,0
1.977903000,0,0,0,0,0,0,0,0,0,0,0,0
1.977908000,1,0,1,1,1,0,1,0,0,0,1,0
1.977986000,1,0,1,1,1,0,1,0,0,0,1,1
1.978486000,1,0,1,1,1,0,1,0,0,0,1,0
1.978903000,0,0,0,0,0,0,0,0,0,0,0,0
1.978908000,0,0,1,1,0,1,1,0,0,0,1,0
1.978986000,0,0,1,1,0,1,1,0,0,0,1,1
1.979486000,0,0,1,1,0,1,1,0,0,0,1,0
1.979903000,0,0,0,0,0,0,0,0,0,0,0,0
1.979908000,1,1,1,1,0,0,0,1,0,0,1,0
1.979986000,1,1,1,1,0,0,0,1,0,0,1,1
1.980486000,1,1,1,1,0,0,0,1,0,0,1,0
1.980903000,0,0,0,0,0,0,0,0,0,0,0,0
1.980908000,1,1,1,1,1,1,0,1,0,0,1,0
1.980986000,1,1,1,1,1,1,0,1,0,0,1,1
1.981486000,1,1,1,1,1,1,0,1,0,0,1,0
1.981903000,0,0,0,0,0,0,0,0,0,0,0,0
1.981908000,0,1,1,0,1,0,1,1,0,0,1,0
1.981986000,0,1,1,0,1,0,1,1,0,0,1,1
1.982486000,0,1,1,0,1,0,1,1,0,0,1,0
1.982903000,0,0,0,0,0,0,0,0,0,0,0,0
1.982908000,1,0,1,0,1,0,1,1,0,0,1,0
1.982986000,1,0,1,0,1,0,1,1,0,0,1,1
1.983486000,1,0,1,0,1,0,1,1,0,0,1,0
1.983903000,0,0,0,0,0,0,0,0,0,0,0,0
1.983908000,1,1,0,1,0,0,1,1,0,0,1,0
1.983986000,1,1,0,1,0,0,1,1,0,0,1,1
1.984486000,1,1,0,1,0,0,1,1,0,0,1,0
1.984903000,0,0,0,0,0,0,0,0,0,0,0,0
1.984908000,0,0,0,0,1,0,1,1,0,0,1,0
1.984986000,0,0,0,0,1,0,1,1,0,0,1,1
1.985486000,0,0,0,0,1,0,1,1,0,0,1,0
1.985903000,0,0,0,0,0,0,0,0,0,0,0,0
1.985908000,0,1,1,1,1,1,0,1,0,0,1,0
1.985986000,0,1,1,1,1,1,0,1,0,0,1,1
1.986486000,0,1,1,1,1,1,0,1,0,0,1,0
1.986903000,0,0,0,0,0,0,0,0,0,0,0,0
1.986908000,1,1,1,1,1,1,0,1,0,0,1,0
1.986986000,1,1,1,1,1,1,0,1,0,0,1,1
1.987486000,1,1,1,1,1,1,0,1,0,0,1,0
1.987903000,0,0,0,0,0,0,0,0,0,0,0,0
1.987908000,1,1,1,1,1,1,0,1,0,0,1,0
1.987986000,1,1,1,1,1,1,0,1,0,0,1,1
1.988486000,1,1,1,1,1,1,0,1,0,0,1,0
1.988903000,0,0,0,0,0,0,0,0,0,0,0,0
1.988908000,0,0,1,0,0,0,1,1,0,0,1,0
1.988986000,0,0,1,0,0,0,1,1,0,0,1,1
1.989486000,0,0,1,0,0,0,1,1,0,0,1,0
1.989903000,0,0,0,0,0,0,0,0,0,0,0,0
1.989908000,0,1,1,1,0,0,1,1,0,0,1,0
1.989986000,0,1,1,1,0,0,1,1,0,0,1,1
1.990486000,0,1,1,1,0,0,1,1,0,0,1,0
1.990903000,0,0,0,0,0,0,0,0,0,0,0,0
1.990908000,1,1,1,0,0,0,1,1,0,0,1,0
1.990986000,1,1,1,0,0,0,1,1,0,0,1,1
1.991486000,1,1,1,0,0,0,1,1,0,0,1,0
1.991903000,0,0,0,0,0,0,0,0,0,0,0,0
1.991908000,0,0,0,0,1,0,1,1,0,0,1,0
1.991986000,0,0,0,0,1,0,1,1,0,0,1,1
1.992486000,0,0,0,0,1,0,1,1,0,0,1,0
1.992903000,0,0,0,0,0,0,0,0,0,0,0,0
1.992908000,1,1,1,0,1,1,0,1,0,0,1,0
1.992986000,1,1,1,0,1,1,0,1,0,0,1,1
1.993486000,1,1,1,0,1,1,0,1,0,0,1,0
1.993903000,0,0,0,0,0,0,0,0,0,0,0,0
1.993908000,1,0,1,1,0,0,1,1,0,0,1,0
1.993986000,1,0,1,1,0,0,1,1,0,0,1,1
1.994486000,1,0,1,1,0,0,1,1,0,0,1,0
1.994903000,0,0,0,0,0,0,0,0,0,0,0,0
1.994908000,1,1,0,1,1,1,0,1,0,0,1,0
1.994986000,1,1,0,1,1,1,0,1,0,0,1,1
1.995486000,1,1,0,1,1,1,0,1,0,0,1,0
1.995903000,0,0,0,0,0,0,0,0,0,0,0,0
1.995908000,1,0,0,1,0,0,1,1,0,0,1,0
1.995986000,1,0,0,1,0,0,1,1,0,0,1,1
1.996486000,1,0,0,1,0,0,1,1,0,0,1,0
1.996903000,0,0,0,0,0,0,0,0,0,0,0,0
1.996908000,1,1,1,1,1,1,0,1,0,0,1,0
1.996986000,1,1,1,1,1,1,0,1,0,0,1,1
1.997486000,1,1,1,1,1,1,0,1,0,0,1,0
1.997903000,0,0,0,0,0,0,0,0,0,0,0,0
1.997908000,1,0,1,0,0,0,1,1,0,0,1,0
1.997986000,1,0,1,0,0,0,1,1,0,0,1,1
1.998486000,1,0,1,0,0,0,1,1,0,0,1,0
1.998903000,0,0,0,0,0,0,0,0,0,0,0,0
1.998908000,0,0,0,1,1,0,1,1,0,0,1,0
1.998986000,0,0,0,1,1,0,1,1,0,0,1,1
1.999486000,0,0,0,1,1,0,1,1,0,0,1,0
1.999903000,0,0,0,0,0,0,0,0,0,0,0,0
1.999908000,1,1,1,1,1,1,0,1,0,0,1,0
1.999986000,1,1,1,1,1,1,0,1,0,0,1,1
2.000486000,1,1,1,1,1,1,0,1,0,0,1,0
2.000903000,0,0,0,0,0,0,0,0,0,0,0,0
2.000908000,1,0,1,1,0,0,1,1,0,0,1,0
2.000986000,1,0,1,1,0,0,1,1,0,0,1,1
2.001486000,1,0,1,1,0,0,1,1,0,0,1,0
2.001903000,0,0,0,0,0,0,0,0,0,0,0,0
2.001908000,1,1,1,1,0,0,1,1,0,0,1,0
2.001986000,1,1,1,1,0,0,1,1,0,0,1,1
2.002486000,1,1,1,1,0,0,1,1,0,0,1,0
2.002903000,0,0,0,0,0,0,0,0,0,0,0,0
2.002908000,1,1,1,1,1,1,0,1,0,0,1,0
2.002986000,1,1,1,1,1,1,0,1,0,0,1,1
2.003486000,1,1,1,1,1,1,0,1,0,0,1,0
2.003903000,0,0,0,0,0,0,0,0,0,0,0,0
2.003908000,1,0,1,1,1,1,0,1,0,0,1,0
2.003986000,1,0,1,1,1,1,0,1,0,0,1,1
2.004486000,1,0,1,1,1,1,0,1,0,0,1,0
2.004903000,0,0,0,0,0,0,0,0,0,0,0,0
2.004908000,1,0,1,0,0,0,1,1,0,0,1,0
2.004986000,1,0,1,0,0,0,1,1,0,0,1,1
2.005486000,1,0,1,0,0,0,1,1,0,0,1,0
2.005903000,0,0,0,0,0,0,0,0,0,0,0,0
2.005908000,0,1,1,1,1,0,1,1,0,0,1,0
2.005986000,0,1,1,1,1,0,1,1,0,0,1,1
2.006486000,0,1,1,1,1,0,1,1,0,0,1,0
2.006903000,0,0,0,0,0,0,0,0,0,0,0,0
2.006908000,1,1,0,1,1,0,1,1,0,0,1,0
2.006986000,1,1,0,1,1,0,1,1,0,0,1,1
2.007486000,1,1,0,1,1,0,1,1,0,0,1,0
2.007903000,0,0,0,0,0,0,0,0,0,0,0,0
2.007908000,1,1,1,1,1,1,0,1,0,0,1,0
2.007986000,1,1,1,1,1,1,0,1,0,0,1,1
2.008486000,1,1,1,1,1,1,0,1,0,0,1,0
2.008903000,0,0,0,0,0,0,0,0,0,0,0,0
2.008908000,0,1,1,0,0,0,1,1,0,0,1,0
2.008986000,0,1,1,0,0,0,1,1,0,0,1,1
2.009486000,0,1,1,0,0,0,1,1,0,0,1,0
2.009903000,0,0,0,0,0,0,0,0,0,0,0,0
2.009908000,1,0,1,0,0,0,1,1,0,0,1,0
2.009986000,1,0,1,0,0,0,1,1,0,0,1,1
2.010486000,1,0,1,0,0,0,1,1,0,0,1,0
2.010903000,0,0,0,0,0,0,0,0,0,0,0,0
2.010908000,1,1,1,0,1,1,0,1,0,0,1,0
2.010986000,1,1,1,0,1,1,0,1,0,0,1,1
2.011486000,1,1,1,0,1,1,0,1,0,0,1,0
2.011903000,0,0,0,0,0,0,0,0,0,0,0,0
2.011908000,1,1,1,0,0,0,1,1,0,0,1,0
2.011986000,1,1,1,0,0,0,1,1,0,0,1,1
2.012486000,1,1,1,0,0,0,1,1,0,0,1,0
2.012903000,0,0,0,0,0,0,0,0,0,0,0,0
2.012908000,1,1,1,0,1,0,1,1,0,0,1,0
2.012986000,1,1,1,0,1,0,1,1,0,0,1,1
2.013486000,1,1,1,0,1,0,1,1,0,0,1,0
2.013903000,0,0,0,0,0,0,0,0,0,0,0,0
2.013908000,1,0,0,0,1,0,1,1,0,0,1,0
2.013986000,1,0,0,0,1,0,1,1,0,0,1,1
2.014486000,1,0,0,0,1,0,1,1,0,0,1,0
2.014903000,0,0,0,0,0,0,0,0,0,0,0,0
2.014908000,0,0,1,1,0,1,1,1,0,0,1,0
2.014986000,0,0,1,1,0,1,1,1,0,0,1,1
2.015486000,0,0,1,1,0,1,1,1,0,0,1,0
2.015903000,0,0,0,0,0,0,0,0,0,0,0,0
2.015908000,0,0,0,0,1,0,1,1,0,0,1,0
2.015986000,0,0,0,0,1,0,1,1,0,0,1,1
2.016486000,0,0,0,0,1,0,1,1,0,0,1,0
2.016903000,0,0,0,0,0,0,0,0,0,0,0,0
2.016908000,1,1,1,1,0,0,1,1,0,0,1,0
2.016986000,1,1,1,1,0,0,1,1,0,0,1,1
2.017486000,1,1,1,1,0,0,1,1,0,0,1,0
2.017903000,0,0,0,0,0,0,0,0,0,0,0,0
2.017908000,0,1,1,1,1,0,1,1,0,0,1,0
2.017986000,0,1,1,1,1,0,1,1,0,0,1,1
2.018486000,0,1,1,1,1,0,1,1,0,0,1,0
2.018903000,0,0,0,0,0,0,0,0,0,0,0,0
2.018908000,1,0,0,1,0,0,1,1,0,0,1,0
2.018986000,1,0,0,1,0,0,1,1,0,0,1,1
2.019486000,1,0,0,1,0,0,1,1,0,0,1,0
2.019903000,0,0,0,0,0,0,0,0,0,0,0,0
2.019908000,0,1,0,1,0,0,1,1,0,0,1,0
2.019986000,0,1,0,1,0,0,1,1,0,0,1,1
2.020486000,0,1,0,1,0,0,1,1,0,0,1,0
2.020903000,0,0,0,0,0,0,0,0,0,0,0,0
2.020908000,1,0,1,1,0,0,1,1,0,0,1,0
2.020986000,1,0,1,1,0,0,1,1,0,0,1,1
2.021486000,1,0,1,1,0,0,1,1,0,0,1,0
2.021903000,0,0,0,0,0,0,0,0,0,0,0,0
2.021908000,0,0,1,1,0,0,1,1,0,0,1,0
2.021986000,0,0,1,1,0,0,1,1,0,0,1,1
2.022486000,0,0,1,1,0,0,1,1,0,0,1,0
2.022903000,0,0,0,0,0,0,0,0,0,0,0,0
2.022908000,0,1,0,1,0,0,1,1,0,0,1,0
2.022986000,0,1,0,1,0,0,1,1,0,0,1,1
2.023486000,0,1,0,1,0,0,1,1,0,0,1,0
2.023903000,0,0,0,0,0,0,0,0,0,0,0,0
2.023908000,0,0,0,0,0,0,1,1,0,0,1,0
2.023986000,0,0,0,0,0,0,1,1,0,0,1,1
2.024486000,0,0,0,0,0,0,1,1,0,0,1,0
2.024903000,0,0,0,0,0,0,0,0,0,0,0,0
2.024908000,1,1,1,1,1,1,0,1,0,0,1,0
2.024986000,1,1,1,1,1,1,0,1,0,0,1,1
2.025486000,1,1,1,1,1,1,0,1,0,0,1,0
2.025903000,0,0,0,0,0,0,0,0,0,0,0,0
2.025908000,1,0,0,0,1,0,1,1,0,0,1,0
2.025986000,1,0,0,0,1,0,1,1,0,0,1,1
2.026486000,1,0,0,0,1,0,1,1,0,0,1,0
2.026903000,0,0,0,0,0,0,0,0,0,0,0,0
2.026908000,0,0,1,0,1,0,1,1,0,0,1,0
2.026986000,0,0,1,0,1,0,1,1,0,0,1,1
2.027486000,0,0,1,0,1,0,1,1,0,0,1,0
2.027903000,0,0,0,0,0,0,0,0,0,0,0,0
2.027908000,0,1,1,0,1,0,1,1,0,0,1,0
2.027986000,0,1,1,0,1,0,1,1,0,0,1,1
2.028486000,0,1,1,0,1,0,1,1,0,0,1,0
2.028903000,0,0,0,0,0,0,0,0,0,0,0,0
2.028908000,0,0,0,0,1,0,1,1,0,0,1,0
2.028986000,0,0,0,0,1,0,1,1,0,0,1,1
2.029486000,0,0,0,0,1,0,1,1,0,0,1,0
2.029903000,0,0,0,0,0,0,0,0,0,0,0,0
2.029908000,0,1,1,0,1,0,1,1,0,0,1,0
2.029986000,0,1,1,0,1,0,1,1,0,0,1,1
2.030486000,0,1,1,0,1,0,1,1,0,0,1,0
2.030903000,0,0,0,0,0,0,0,0,0,0,0,0
2.030908000,0,1,0,0,0,0,1,1,0,0,1,0
2.030986000,0,1,0,0,0,0,1,1,0,0,1,1
2.031486000,0,1,0,0,0,0,1,1,0,0,1,0
2.031903000,0,0,0,0,0,0,0,0,0,0,0,0
2.031908000,0,0,0,0,1,0,1,1,0,0,1,0
2.031986000,0,0,0,0,1,0,1,1,0,0,1,1
2.032486000,0,0,0,0,1,0,1,1,0,0,1,0
2.032903000,0,0,0,0,0,0,0,0,0,0,0,0
2.032908000,1,1,1,0,1,0,1,1,0,0,1,0
2.032986000,1,1,1,0,1,0,1,1,0,0,1,1
2.033486000,1,1,1,0,1,0,1,1,0,0,1,0
2.033903000,0,0,0,0,0,0,0,0,0,0,0,0
2.033908000,1,1,1,1,1,1,0,1,0,0,1,0
2.033986000,1,1,1,1,1,1,0,1,0,0,1,1
2.034486000,1,1,1,1,1,1,0,1,0,0,1,0
2.034903000,0,0,0,0,0,0,0,0,0,0,0,0
2.034908000,0,1,0,1,1,1,0,1,0,0,1,0
2.034986000,0,1,0,1,1,1,0,1,0,0,1,1
2.035486000,0,1,0,1,1,1,0,1,0,0,1,0
2.035903000,0,0,0,0,0,0,0,0,0,0,0,0
2.035908000,0,0,0,0,1,0,1,1,0,0,1,0
2.035986000,0,0,0,0,1,0,1,1,0,0,1,1
2.036486000,0,0,0,0,1,0,1,1,0,0,1,0
2.036903000,0,0,0,0,0,0,0,0,0,0,0,0
2.036908000,1,1,0,1,0,0,1,1,0,0,1,0
2.036986000,1,1,0,1,0,0,1,1,0,0,1,1
2.037486000,1,1,0,1,0,0,1,1,0,0,1,0
2.037903000,0,0,0,0,0,0,0,0,0,0,0,0
2.037908000,0,0,0,0,1,0,1,1,0,0,1,0
2.037986000,0,0,0,0,1,0,1,1,0,0,1,1
2.038486000,0,0,0,0,1,0,1,1,0,0,1,0
2.038903000,0,0,0,0,0,0,0,0,0,0,0,0
2.038908000,1,0,0,0,1,0,1,1,0,0,1,0
2.038986000,1,0,0,0,1,0,1,1,0,0,1,1
2.039486000,1,0,0,0,1,0,1,1,0,0,1,0
2.039903000,0,0,0,0,0,0,0,0,0,0,0,0
2.039908000,0,1,1,1,1,1,0,1,0,0,1,0
2.039986000,0,1,1,1,1,1,0,1,0,0,1,1
2.040486000,0,1,1,1,1,1,0,1,0,0,1,0
2.040903000,0,0,0,0,0,0,0,0,0,0,0,0
2.040908000,1,1,1,0,1,1,0,1,0,0,1,0
2.040986000,1,1,1,0,1,1,0,1,0,0,1,1
2.041486000,1,1,1,0,1,1,0,1,0,0,1,0
2.041903000,0,0,0,0,0,0,0,0,0,0,0,0
2.041908000,1,0,0,0,0,0,1,1,0,0,1,0
2.041986000,1,0,0,0,0,0,1,1,0,0,1,1
2.042486000,1,0,0,0,0,0,1,1,0,0,1,0
2.042903000,0,0,0,0,0,0,0,0,0,0,0,0
2.042908000,0,1,1,0,0,0,1,1,0,0,1,0
2.042986000,0,1,1,0,0,0,1,1,0,0,1,1
2.043486000,0,1,1,0,0,0,1,1,0,0,1,0
2.043903000,0,0,0,0,0,0,0,0,0,0,0,0
2.043908000,1,1,1,1,1,1,0,1,0,0,1,0
2.043986000,1,1,1,1,1,1,0,1,0,0,1,1
2.044486000,1,1,1,1,1,1,0,1,0,0,1,0
2.044903000,0,0,0,0,0,0,0,0,0,0,0,0
2.044908000,0,1,1,0,0,0,1,1,0,0,1,0
2.044986000,0,1,1,0,0,0,1,1,0,0,1,1
2.045486000,0,1,1,0,0,0,1,1,0,0,1,0
2.045903000,0,0,0,0,0,0,0,0,0,0,0,0
2.045908000,0,0,0,1,0,0,1,1,0,0,1,0
2.045986000,0,0,0,1,0,0,1,1,0,0,1,1
2.046486000,0,0,0,1,0,0,1,1,0,0,1,0
2.046903000,0,0,0,0,0,0,0,0,0,0,0,0
2.046908000,1,0,0,1,1,1,0,1,0,0,1,0
2.046986000,1,0,0,1,1,1,0,1,0,0,1,1
2.047486000,1,0,0,1,1,1,0,1,0,0,1,0
2.047903000,0,0,0,0,0,0,0,0,0,0,0,0
2.047908000,1,0,1,1,1,1,0,1,0,0,1,0
2.047986000,1,0,1,1,1,1,0,1,0,0,1,1
2.048486000,1,0,1,1,1,1,0,1,0,0,1,0
2.048903000,0,0,0,0,0,0,0,0,0,0,0,0
2.048908000,1,1,0,0,0,0,1,1,0,0,1,0
2.048986000,1,1,0,0,0,0,1,1,0,0,1,1
2.049486000,1,1,0,0,0,0,1,1,0,0,1,0
2.049903000,0,0,0,0,0,0,0,0,0,0,0,0
2.049908000,1,0,1,1,1,1,0,1,0,0,1,0
2.049986000,1,0,1,1,1,1,0,1,0,0,1,1
2.050486000,1,0,1,1,1,1,0,1,0,0,1,0
2.050903000,0,0,0,0,0,0,0,0,0,0,0,0
2.050908000,1,1,1,1,1,1,0,1,0,0,1,0
2.050986000,1,1,1,1,1,1,0,1,0,0,1,1
2.051486000,1,1,1,1,1,1,0,1,0,0,1,0
2.051903000,0,0,0,0,0,0,0,0,0,0,0,0
2.051908000,1,0,0,1,1,1,0,1,0,0,1,0
2.051986000,1,0,0,1,1,1,0,1,0,0,1,1
2.052486000,1,0,0,1,1,1,0,1,0,0,1,0
2.052903000,0,0,0,0,0,0,0,0,0,0,0,0
2.052908000,0,1,0,0,1,0,1,1,0,0,1,0
2.052986000,0,1,0,0,1,0,1,1,0,0,1,1
2.053486000,0,1,0,0,1,0,1,1,0,0,1,0
2.053903000,0,0,0,0,0,0,0,0,0,0,0,0
2.053908000,1,0,1,1,1,1,0,1,0,0,1,0
2.053986000,1,0,1,1,1,1,0,1,0,0,1,1
2.054486000,1,0,1,1,1,1,0,1,0,0,1,0
2.054903000,0,0,0,0,0,0,0,0,0,0,0,0
2.054908000,1,1,0,1,1,1,0,1,0,0,1,0
2.054986000,1,1,0,1,1,1,0,1,0,0,1,1
2.055486000,1,1,0,1,1,1,0,1,0,0,1,0
2.055903000,0,0,0,0,0,0,0,0,0,0,0,0
2.055908000,0,1,1,1,1,1,0,1,0,0,1,0
2.055986000,0,1,1,1,1,1,0,1,0,0,1,1
2.056486000,0,1,1,1,1,1,0,1,0,0,1,0
2.056903000,0,0,0,0,0,0,0,0,0,0,0,0
2.056908000,0,1,1,1,1,1,0,1,0,0,1,0
2.056986000,0,1,1,1,1,1,0,1,0,0,1,1
2.057486000,0,1,1,1,1,1,0,1,0,0,1,0
2.057903000,0,0,0,0,0,0,0,0,0,0,0,0
2.057908000,0,1,1,0,1,1,0,1,0,0,1,0
2.057986000,0,1,1,0,1,1,0,1,0,0,1,1
2.058486000,0,1,1,0,1,1,0,1,0,0,1,0
2.058903000,0,0,0,0,0,0,0,0,0,0,0,0
2.058908000,1,1,1,1,0,1,0,1,0,0,1,0
2.058986000,1,1,1,1,0,1,0,1,0,0,1,1
2.059486000,1,1,1,1,0,1,0,1,0,0,1,0
2.059903000,0,0,0,0,0,0,0,0,0,0,0,0
2.059908000,1,1,1,1,0,1,0,1,0,0,1,0
2.059986000,1,1,1,1,0,1,0,1,0,0,1,1
2.060486000,1,1,1,1,0,1,0,1,0,0,1,0
2.060903000,0,0,0,0,0,0,0,0,0,0,0,0
2.060908000,1,1,1,1,1,1,0,1,0,0,1,0
2.060986000,1,1,1,1,1,1,0,1,0,0,1,1
2.061486000,1,1,1,1,1,1,0,1,0,0,1,0
2.061903000,0,0,0,0,0,0,0,0,0,0,0,0
2.061908000,1,1,1,1,0,1,0,1,0,0,1,0
2.061986000,1,1,1,1,0,1,0,1,0,0,1,1
2.062486000,1,1,1,1,0,1,0,1,0,0,1,0
2.062903000,0,0,0,0,0,0,0,0,0,0,0,0
2.062908000,1,1,0,1,1,1,0,1,0,0,1,0
2.062986000,1,1,0,1,1,1,0,1,0,0,1,1
2.063486000,1,1,0,1,1,1,0,1,0,0,1,0
2.063903000,0,0,0,0,0,0,0,0,0,0,0,0
2.063908000,1,1,1,1,1,1,0,1,0,0,1,0
2.063986000,1,1,1,1,1,1,0,1,0,0,1,1
2.064486000,1,1,1,1,1,1,0,1,0,0,1,0
2.064902000,1,1,1,1,1,1,0,1,0,0,0,0
2.064903000,0,0,0,0,0,0,0,0,0,0,0,0
2.064908000,0,0,1,1,1,1,0,1,0,0,1,0
2.064986000,0,0,1,1,1,1,0,1,0,0,1,1
2.065486000,0,0,1,1,1,1,0,1,0,0,1,0
2.065902000,0,0,1,1,1,1,0,1,0,0,0,0
2.065903000,0,0,0,0,0,0,0,0,0,0,0,0
2.065908000,0,1,1,1,1,1,0,1,0,0,1,0
2.065986000,0,1,1,1,1,1,0,1,0,0,1,1
2.066486000,0,1,1,1,1,1,0,1,0,0,1,0
2.066902000,0,1,1,1,1,1,0,1,0,0,0,0
2.066903000,0,0,0,0,0,0,0,0,0,0,0,0
2.066908000,1,0,1,0,1,1,0,1,0,0,1,0
2.066986000,1,0,1,0,1,1,0,1,0,0,1,1
2.067486000,1,0,1,0,1,1,0,1,0,0,1,0
2.067902000,1,0,1,0,1,1,0,1,0,0,0,0
2.067903000,0,0,0,0,0,0,0,0,0,0,0,0
2.067908000,1,1,1,1,1,1,0,1,0,0,1,0
2.067986000,1,1,1,1,1,1,0,1,0,0,1,1
2.068486000,1,1,1,1,1,1,0,1,0,0,1,0
2.068902000,1,1,1,1,1,1,1,1,1,1,1,0
2.068903000,0,0,0,0,0,0,0,0,0,0,0,0
2.068908000,1,1,1,0,1,1,0,1,0,0,1,0
2.068986000,1,1,1,0,1,1,0,1,0,0,1,1
2.069486000,1,1,1,0,1,1,0,1,0,0,1,0
2.069902000,0,0,0,0,0,0,0,0,0,0,0,0
2.069908000,1,1,1,0,1,1,0,1,0,0,1,0
2.069986000,1,1,1,0,1,1,0,1,0,0,1,1
2.070486000,1,1,1,0,1,1,0,1,0,0,1,0
2.070902000,0,0,0,0,0,0,0,0,0,0,0,0
2.070908000,1,1,0,1,1,1,0,1,0,0,1,0
2.070986000,1,1,0,1,1,1,0,1,0,0,1,1
2.071486000,1,1,0,1,1,1,0,1,0,0,1,0
2.071902000,0,0,0,0,0,0,0,0,0,0,0,0
2.071908000,1,1,1,1,0,1,0,1,0,0,1,0
2.071986000,1,1,1,1,0,1,0,1,0,0,1,1
2.072486000,1,1,1,1,0,1,0,1,0,0,1,0
2.072902000,0,0,0,0,0,0,0,0,0,0,0,0
2.072908000,1,1,0,1,1,1,0,1,0,0,1,0
2.072986000,1,1,0,1,1,1,0,1,0,0,1,1
2.073486000,1,1,0,1,1,1,0,1,0,0,1,0
2.073902000,0,0,0,0,0,0,0,0,0,0,0,0
2.073908000,1,1,0,1,1,1,0,1,0,0,1,0
2.073986000,1,1,0,1,1,1,0,1,0,0,1,1
2.074486000,1,1,0,1,1,1,0,1,0,0,1,0
2.074902000,0,0,0,0,0,0,0,0,0,0,0,0
2.074908000,1,1,1,1,1,1,0,1,0,0,1,0
2.074986000,1,1,1,1,1,1,0,1,0,0,1,1
2.075486000,1,1,1,1,1,1,0,1,0,0,1,0
2.075902000,0,0,0,0,0,0,0,0,0,0,0,0
2.075908000,1,0,1,1,1,1,0,1,0,0,1,0
2.075986000,1,0,1,1,1,1,0,1,0,0,1,1
2.076486000,1,0,1,1,1,1,0,1,0,0,1,0
2.076902000,0,0,0,0,0,0,0,0,0,0,0,0
2.076907000,0,0,0,0,1,1,0,1,0,0,0,0
2.076908000,0,1,1,1,1,1,0,1,0,0,1,0
2.076986000,0,1,1,1,1,1,0,1,0,0,1,1
2.077486000,0,1,1,1,1,1,0,1,0,0,1,0
2.077902000,0,0,0,0,0,0,0,0,0,0,0,0
2.077907000,0,0,1,1,1,1,0,1,0,0,0,0
2.077908000,0,0,1,1,1,1,0,1,0,0,1,0
2.077986000,0,0,1,1,1,1,0,1,0,0,1,1
2.078486000,0,0,1,1,1,1,0,1,0,0,1,0
2.078902000,0,0,0,0,0,0,0,0,0,0,0,0
2.078907000,0,0,1,0,0,0,1,1,0,0,1,0
2.078908000,0,1,1,0,0,0,1,1,0,0,1,0
2.078986000,0,1,1,0,0,0,1,1,0,0,1,1
2.079486000,0,1,1,0,0,0,1,1,0,0,1,0
2.079902000,0,0,0,0,0,0,0,0,0,0,0,0
2.079907000,0,1,0,1,0,0,1,1,0,0,1,0
2.079986000,0,1,0,1,0,0,1,1,0,0,1,1
2.080486000,0,1,0,1,0,0,1,1,0,0,1,0
2.080902000,0,0,0,0,0,0,0,0,0,0,0,0
2.080907000,0,1,1,1,1,1,0,1,0,0,1,0
2.080986000,0,1,1,1,1,1,0,1,0,0,1,1
2.081486000,0,1,1,1,1,1,0,1,0,0,1,0
2.081902000,0,0,0,0,0,0,0,0,0,0,0,0
2.081907000,1,0,1,1,1,1,0,1,0,0,1,0
2.081986000,1,0,1,1,1,1,0,1,0,0,1,1
2.082486000,1,0,1,1,1,1,0,1,0,0,1,0
2.082902000,0,0,0,0,0,0,0,0,0,0,0,0
2.082907000,1,0,0,0,0,0,1,1,0,0,1,0
2.082986000,1,0,0,0,0,0,1,1,0,0,1,1
2.083486000,1,0,0,0,0,0,1,1,0,0,1,0
2.083902000,0,0,0,0,0,0,0,0,0,0,0,0
2.083907000,1,1,1,1,1,1,0,1,0,0,1,0
2.083986000,1,1,1,1,1,1,0,1,0,0,1,1
2.084486000,1,1,1,1,1,1,0,1,0,0,1,0
2.084902000,0,0,0,0,0,0,0,0,0,0,0,0
2.084907000,1,0,0,1,0,0,1,1,0,0,1,0
2.084986000,1,0,0,1,0,0,1,1,0,0,1,1
2.085486000,1,0,0,1,0,0,1,1,0,0,1,0
2.085902000,0,0,0,0,0,0,0,0,0,0,0,0
2.085907000,1,1,0,0,0,0,1,1,0,0,1,0
2.085986000,1,1,0,0,0,0,1,1,0,0,1,1
2.086486000,1,1,0,0,0,0,1,1,0,0,1,0
2.086902000,0,0,0,0,0,0,0,0,0,0,0,0
2.086907000,1,1,1,1,1,1,0,1,0,0,1,0
2.086986000,1,1,1,1,1,1,0,1,0,0,1,1
2.087486000,1,1,1,1,1,1,0,1,0,0,1,0
2.087902000,0,0,0,0,0,0,0,0,0,0,0,0
2.087907000,0,1,1,1,0,0,1,1,0,0,1,0
2.087986000,0,1,1,1,0,0,1,1,0,0,1,1
2.088486000,0,1,1,1,0,0,1,1,0,0,1,0
2.088902000,0,0,0,0,0,0,0,0,0,0,0,0
2.088907000,1,1,1,1,1,1,0,1,0,0,1,0
2.088986000,1,1,1,1,1,1,0,1,0,0,1,1
2.089486000,1,1,1,1,1,1,0,1,0,0,1,0
2.089902000,0,0,0,0,0,0,0,0,0,0,0,0
2.089907000,0,1,1,0,0,1,0,1,0,0,1,0
2.089986000,0,1,1,0,0,1,0,1,0,0,1,1
2.090486000,0,1,1,0,0,1,0,1,0,0,1,0
2.090902000,0,0,0,0,0,0,0,0,0,0,0,0
2.090907000,1,1,0,1,1,1,0,1,0,0,1,0
2.090986000,1,1,0,1,1,1,0,1,0,0,1,1
2.091486000,1,1,0,1,1,1,0,1,0,0,1,0
2.091902000,0,0,0,0,0,0,0,0,0,0,0,0
2.091907000,1,1,0,0,0,0,1,1,0,0,1,0
2.091986000,1,1,0,0,0,0,1,1,0,0,1,1
2.092486000,1,1,0,0,0,0,1,1,0,0,1,0
2.092902000,0,0,0,0,0,0,0,0,0,0,0,0
2.092907000,1,1,1,0,0,0,1,1,0,0,1,0
2.092986000,1,1,1,0,0,0,1,1,0,0,1,1
2.093486000,1,1,1,0,0,0,1,1,0,0,1,0
2.093902000,0,0,0,0,0,0,0,0,0,0,0,0
2.093907000,0,0,1,1,0,0,1,1,0,0,1,0
2.093986000,0,0,1,1,0,0,1,1,0,0,1,1
2.094486000,0,0,1,1,0,0,1,1,0,0,1,0
2.094902000,0,0,0,0,0,0,0,0,0,0,0,0
2.094907000,1,0,1,0,0,0,1,1,0,0,1,0
2.094986000,1,0,1,0,0,0,1,1,0,0,1,1
2.095486000,1,0,1,0,0,0,1,1,0,0,1,0
2.095902000,0,0,0,0,0,0,0,0,0,0,0,0
2.095907000,1,1,0,1,0,0,1,1,0,0,1,0
2.095986000,1,1,0,1,0,0,1,1,0,0,1,1
2.096486000,1,1,0,1,0,0,1,1,0,0,1,0
2.096902000,0,0,0,0,0,0,0,0,0,0,0,0
2.096907000,1,1,1,1,1,1,0,1,0,0,1,0
2.096986000,1,1,1,1,1,1,0,1,0,0,1,1
2.097486000,1,1,1,1,1,1,0,1,0,0,1,0
2.097902000,0,0,0,0,0,0,0,0,0,0,0,0
2.097907000,0,1,1,1,0,0,1,1,0,0,1,0
2.097986000,0,1,1,1,0,0,1,1,0,0,1,1
2.098486000,0,1,1,1,0,0,1,1,0,0,1,0
2.098902000,0,0,0,0,0,0,0,0,0,0,0,0
2.098907000,0,0,0,1,0,0,1,1,0,0,1,0
2.098986000,0,0,0,1,0,0,1,1,0,0,1,1
2.099486000,0,0,0,1,0,0,1,1,0,0,1,0
2.099902000,0,0,0,0,0,0,0,0,0,0,0,0
2.099907000,0,0,0,0,0,0,1,1,0,0,1,0
2.099986000,0,0,0,0,0,0,1,1,0,0,1,1
2.100486000,0,0,0,0,0,0,1,1,0,0,1,0
2.100902000,0,0,0,0,0,0,0,0,0,0,0,0
2.100907000,1,1,1,1,1,1,0,1,0,0,1,0
2.100986000,1,1,1,1,1,1,0,1,0,0,1,1
2.101486000,1,1,1,1,1,1,0,1,0,0,1,0
2.101902000,0,0,0,0,0,0,0,0,0,0,0,0
2.101907000,1,1,0,0,0,0,1,1,0,0,1,0
2.101986000,1,1,0,0,0,0,1,1,0,0,1,1
2.102486000,1,1,0,0,0,0,1,1,0,0,1,0
2.102902000,0,0,0,0,0,0,0,0,0,0,0,0
2.102907000,0,1,1,1,0,0,1,1,0,0,1,0
2.102986000,0,1,1,1,0,0,1,1,0,0,1,1
2.103486000,0,1,1,1,0,0,1,1,0,0,1,0
2.103902000,0,0,0,0,0,0,0,0,0,0,0,0
2.103907000,1,1,0,0,1,0,1,1,0,0,1,0
2.103986000,1,1,0,0,1,0,1,1,0,0,1,1
2.104486000,1,1,0,0,1,0,1,1,0,0,1,0
2.104902000,0,0,0,0,0,0,0,0,0,0,0,0
2.104907000,1,0,0,0,1,0,1,1,0,0,1,0
2.104986000,1,0,0,0,1,0,1,1,0,0,1,1
2.105486000,1,0,0,0,1,0,1,1,0,0,1,0
2.105902000,0,0,0,0,0,0,0,0,0,0,0,0
2.105907000,0,1,0,1,0,0,1,1,0,0,1,0
2.105986000,0,1,0,1,0,0,1,1,0,0,1,1
2.106486000,0,1,0,1,0,0,1,1,0,0,1,0
2.106902000,0,0,0,0,0,0,0,0,0,0,0,0
2.106907000,1,1,0,0,0,0,1,1,0,0,1,0
2.106986000,1,1,0,0,0,0,1,1,0,0,1,1
2.107486000,1,1,0,0,0,0,1,1,0,0,1,0
2.107902000,0,0,0,0,0,0,0,0,0,0,0,0
2.107907000,1,1,1,1,1,1,0,1,0,0,1,0
2.107986000,1,1,1,1,1,1,0,1,0,0,1,1
2.108486000,1,1,1,1,1,1,0,1,0,0,1,0
2.108902000,0,0,0,0,0,0,0,0,0,0,0,0
2.108907000,1,1,1,0,0,0,1,1,0,0,1,0
2.108986000,1,1,1,0,0,0,1,1,0,0,1,1
2.109486000,1,1,1,0,0,0,1,1,0,0,1,0
2.109902000,0,0,0,0,0,0,0,0,0,0,0,0
2.109907000,0,1,0,0,0,0,1,1,0,0,1,0
2.109986000,0,1,0,0,0,0,1,1,0,0,1,1
2.110486000,0,1,0,0,0,0,1,1,0,0,1,0
2.110902000,0,0,0,0,0,0,0,0,0,0,0,0
2.110907000,1,0,0,0,1,0,1,1,0,0,1,0
2.110985000,1,0,0,0,1,0,1,1,0,0,1,1
2.111485000,1,0,0,0,1,0,1,1,0,0,1,0
2.111902000,0,0,0,0,0,0,0,0,0,0,0,0
2.111907000,0,0,1,0,1,0,1,1,0,0,1,0
2.111985000,0,0,1,0,1,0,1,1,0,0,1,1
2.112485000,0,0,1,0,1,0,1,1,0,0,1,0
2.112902000,0,0,0,0,0,0,0,0,0,0,0,0
2.112907000,1,0,0,0,1,0,1,1,0,0,1,0
2.112985000,1,0,0,0,1,0,1,1,0,0,1,1
2.113485000,1,0,0,0,1,0,1,1,0,0,1,0
2.113902000,0,0,0,0,0,0,0,0,0,0,0,0
2.113907000,1,0,1,1,0,0,1,1,0,0,1,0
2.113985000,1,0,1,1,0,0,1,1,0,0,1,1
2.114485000,1,0,1,1,0,0,1,1,0,0,1,0
2.114902000,0,0,0,0,0,0,0,0,0,0,0,0
2.114907000,1,1,1,1,1,1,0,1,0,0,1,0
2.114985000,1,1,1,1,1,1,0,1,0,0,1,1
2.115485000,1,1,1,1,1,1,0,1,0,0,1,0
2.115902000,0,0,0,0,0,0,0,0,0,0,0,0
2.115907000,1,1,0,1,0,0,1,1,0,0,1,0
2.115985000,1,1,0,1,0,0,1,1,0,0,1,1
2.116485000,1,1,0,1,0,0,1,1,0,0,1,0
2.116902000,0,0,0,0,0,0,0,0,0,0,0,0
2.116907000,1,0,0,1,0,0,1,1,0,0,1,0
2.116985000,1,0,0,1,0,0,1,1,0,0,1,1
2.117485000,1,0,0,1,0,0,1,1,0,0,1,0
2.117902000,0,0,0,0,0,0,0,0,0,0,0,0
2.117907000,1,0,0,1,0,0,1,1,0,0,1,0
2.117985000,1,0,0,1,0,0,1,1,0,0,1,1
2.118485000,1,0,0,1,0,0,1,1,0,0,1,0
2.118902000,0,0,0,0,0,0,0,0,0,0,0,0
2.118907000,0,0,1,0,0,0,1,1,0,0,1,0
2.118985000,0,0,1,0,0,0,1,1,0,0,1,1
2.119485000,0,0,1,0,0,0,1,1,0,0,1,0
2.119902000,0,0,0,0,0,0,0,0,0,0,0,0
2.119907000,0,0,0,0,0,0,1,1,0,0,1,0
2.119985000,0,0,0,0,0,0,1,1,0,0,1,1
2.120485000,0,0,0,0,0,0,1,1,0,0,1,0
2.120902000,0,0,0,0,0,0,0,0,0,0,0,0
2.120907000,1,1,1,1,1,1,0,1,0,0,1,0
2.120985000,1,1,1,1,1,1,0,1,0,0,1,1
2.121485000,1,1,1,1,1,1,0,1,0,0,1,0
2.121902000,0,0,0,0,0,0,0,0,0,0,0,0
2.121907000,0,0,0,0,1,0,1,1,0,0,1,0
2.121985000,0,0,0,0,1,0,1,1,0,0,1,1
2.122485000,0,0,0,0,1,0,1,1,0,0,1,0
2.122902000,0,0,0,0,0,0,0,0,0,0,0,0
2.122907000,0,0,0,0,1,0,1,1,0,0,1,0
2.122985000,0,0,0,0,1,0,1,1,0,0,1,1
2.123485000,0,0,0,0,1,0,1,1,0,0,1,0
2.123902000,0,0,0,0,0,0,0,0,0,0,0,0
2.123907000,0,0,1,1,0,0,1,1,0,0,1,0
2.123985000,0,0,1,1,0,0,1,1,0,0,1,1
2.124485000,0,0,1,1,0,0,1,1,0,0,1,0
2.124902000,0,0,0,0,0,0,0,0,0,0,0,0
2.124907000,0,1,0,1,1,0,1,1,0,0,1,0
2.124985000,0,1,0,1,1,0,1,1,0,0,1,1
2.125485000,0,1,0,1,1,0,1,1,0,0,1,0
2.125902000,0,0,0,0,0,0,0,0,0,0,0,0
2.125907000,1,1,1,0,0,0,1,1,0,0,1,0
2.125985000,1,1,1,0,0,0,1,1,0,0,1,1
2.126485000,1,1,1,0,0,0,1,1,0,0,1,0
2.126902000,0,0,0,0,0,0,0,0,0,0,0,0
2.126907000,1,1,0,0,0,0,1,1,0,0,1,0
2.126985000,1,1,0,0,0,0,1,1,0,0,1,1
2.127485000,1,1,0,0,0,0,1,1,0,0,1,0
2.127902000,0,0,0,0,0,0,0,0,0,0,0,0
2.127907000,1,0,1,1,1,1,0,1,0,0,1,0
2.127985000,1,0,1,1,1,1,0,1,0,0,1,1
2.128485000,1,0,1,1,1,1,0,1,0,0,1,0
2.128902000,0,0,0,0,0,0,0,0,0,0,0,0
2.128907000,0,1,0,0,1,0,1,1,0,0,1,0
2.128985000,0,1,0,0,1,0,1,1,0,0,1,1
2.129485000,0,1,0,0,1,0,1,1,0,0,1,0
2.129902000,0,0,0,0,0,0,0,0,0,0,0,0
2.129907000,1,0,0,0,0,0,1,1,0,0,1,0
2.129985000,1,0,0,0,0,0,1,1,0,0,1,1
2.130485000,1,0,0,0,0,0,1,1,0,0,1,0
2.130902000,0,0,0,0,0,0,0,0,0,0,0,0
2.130907000,0,1,0,1,0,0,1,1,0,0,1,0
2.130985000,0,1,0,1,0,0,1,1,0,0,1,1
2.131485000,0,1,0,1,0,0,1,1,0,0,1,0
2.131902000,0,0,0,0,0,0,0,0,0,0,0,0
2.131907000,0,0,1,0,0,0,1,1,0,0,1,0
2.131985000,0,0,1,0,0,0,1,1,0,0,1,1
2.132485000,0,0,1,0,0,0,1,1,0,0,1,0
2.132902000,0,0,0,0,0,0,0,0,0,0,0,0
2.132907000,1,1,1,1,0,0,1,1,0,0,1,0
2.132985000,1,1,1,1,0,0,1,1,0,0,1,1
2.133485000,1,1,1,1,0,0,1,1,0,0,1,0
2.133902000,0,0,0,0,0,0,0,0,0,0,0,0
2.133907000,0,0,1,0,0,0,1,1,0,0,1,0
2.133985000,0,0,1,0,0,0,1,1,0,0,1,1
2.134485000,0,0,1,0,0,0,1,1,0,0,1,0
2.134902000,0,0,0,0,0,0,0,0,0,0,0,0
2.134907000,1,1,0,1,1,1,0,1,0,0,1,0
2.134985000,1,1,0,1,1,1,0,1,0,0,1,1
2.135485000,1,1,0,1,1,1,0,1,0,0,1,0
2.135902000,0,0,0,0,0,0,0,0,0,0,0,0
2.135907000,1,1,1,1,1,1,0,1,0,0,1,0
2.135985000,1,1,1,1,1,1,0,1,0,0,1,1
2.136485000,1,1,1,1,1,1,0,1,0,0,1,0
2.136902000,0,0,0,0,0,0,0,0,0,0,0,0
2.136907000,1,0,0,0,1,0,1,1,0,0,1,0
2.136985000,1,0,0,0,1,0,1,1,0,0,1,1
2.137485000,1,0,0,0,1,0,1,1,0,0,1,0
2.137902000,0,0,0,0,0,0,0,0,0,0,0,0
2.137907000,0,1,1,1,1,1,0,1,0,0,1,0
2.137985000,0,1,1,1,1,1,0,1,0,0,1,1
2.138485000,0,1,1,1,1,1,0,1,0,0,1,0
2.138902000,0,0,0,0,0,0,0,0,0,0,0,0
2.138907000,0,1,1,1,1,1,0,1,0,0,1,0
2.138985000,0,1,1,1,1,1,0,1,0,0,1,1
2.139485000,0,1,1,1,1,1,0,1,0,0,1,0
2.139902000,0,0,0,0,0,0,0,0,0,0,0,0
2.139907000,1,1,1,0,0,0,1,1,0,0,1,0
2.139985000,1,1,1,0,0,0,1,1,0,0,1,1
2.140485000,1,1,1,0,0,0,1,1,0,0,1,0
2.140902000,0,0,0,0,0,0,0,0,0,0,0,0
2.140907000,1,0,1,0,0,0,1,1,0,0,1,0
2.140985000,1,0,1,0,0,0,1,1,0,0,1,1
2.141485000,1,0,1,0,0,0,1,1,0,0,1,0
2.141902000,0,0,0,0,0,0,0,0,0,0,0,0
2.141907000,1,1,1,0,1,1,0,1,0,0,1,0
2.141985000,1,1,1,0,1,1,0,1,0,0,1,1
2.142485000,1,1,1,0,1,1,0,1,0,0,1,0
2.142902000,0,0,0,0,0,0,0,0,0,0,0,0
2.142907000,1,1,0,1,0,0,1,1,0,0,1,0
2.142985000,1,1,0,1,0,0,1,1,0,0,1,1
2.143485000,1,1,0,1,0,0,1,1,0,0,1,0
2.143902000,0,0,0,0,0,0,0,0,0,0,0,0
2.143907000,1,1,1,1,1,1,0,1,0,0,1,0
2.143985000,1,1,1,1,1,1,0,1,0,0,1,1
2.144485000,1,1,1,1,1,1,0,1,0,0,1,0
2.144902000,0,0,0,0,0,0,0,0,0,0,0,0
2.144907000,0,0,0,1,0,0,1,1,0,0,1,0
2.144985000,0,0,0,1,0,0,1,1,0,0,1,1
2.145485000,0,0,0,1,0,0,1,1,0,0,1,0
2.145902000,0,0,0,0,0,0,0,0,0,0,0,0
2.145907000,1,1,1,0,1,1,0,1,0,0,1,0
2.145985000,1,1,1,0,1,1,0,1,0,0,1,1
2.146485000,1,1,1,0,1,1,0,1,0,0,1,0
2.146902000,0,0,0,0,0,0,0,0,0,0,0,0
2.146907000,1,1,1,1,1,1,0,1,0,0,1,0
2.146985000,1,1,1,1,1,1,0,1,0,0,1,1
2.147485000,1,1,1,1,1,1,0,1,0,0,1,0
2.147902000,0,0,0,0,0,0,0,0,0,0,0,0
2.147907000,0,0,0,1,1,1,0,1,0,0,1,0
2.147985000,0,0,0,1,1,1,0,1,0,0,1,1
2.148485000,0,0,0,1,1,1,0,1,0,0,1,0
2.148902000,0,0,0,0,0,0,0,0,0,0,0,0
2.148907000,1,0,1,0,1,1,0,1,0,0,1,0
2.148985000,1,0,1,0,1,1,0,1,0,0,1,1
2.149485000,1,0,1,0,1,1,0,1,0,0,1,0
2.149902000,0,0,0,0,0,0,0,0,0,0,0,0
2.149907000,1,0,1,1,1,1,0,1,0,0,1,0
2.149985000,1,0,1,1,1,1,0,1,0,0,1,1
2.150485000,1,0,1,1,1,1,0,1,0,0,1,0
2.150902000,0,0,0,0,0,0,0,0,0,0,0,0
2.150907000,1,0,1,1,1,1,0,1,0,0,1,0
2.150985000,1,0,1,1,1,1,0,1,0,0,1,1
2.151485000,1,0,1,1,1,1,0,1,0,0,1,0
2.151902000,0,0,0,0,0,0,0,0,0,0,0,0
2.151907000,1,1,1,0,1,1,0,1,0,0,1,0
2.151985000,1,1,1,0,1,1,0,1,0,0,1,1
2.152485000,1,1,1,0,1,1,0,1,0,0,1,0
2.152902000,0,0,0,0,0,0,0,0,0,0,0,0
2.152907000,0,0,1,0,1,0,1,1,0,0,1,0
2.152985000,0,0,1,0,1,0,1,1,0,0,1,1
2.153485000,0,0,1,0,1,0,1,1,0,0,1,0
2.153902000,0,0,0,0,0,0,0,0,0,0,0,0
2.153907000,1,1,1,1,1,1,0,1,0,0,1,0
2.153985000,1,1,1,1,1,1,0,1,0,0,1,1
2.154485000,1,1,1,1,1,1,0,1,0,0,1,0
2.154902000,0,0,0,0,0,0,0,0,0,0,0,0
2.154907000,0,1,1,1,0,0,1,1,0,0,1,0
2.154985000,0,1,1,1,0,0,1,1,0,0,1,1
2.155485000,0,1,1,1,0,0,1,1,0,0,1,0
2.155902000,0,0,0,0,0,0,0,0,0,0,0,0
2.155907000,1,0,0,0,0,0,1,1,0,0,1,0
2.155985000,1,0,0,0,0,0,1,1,0,0,1,1
2.156485000,1,0,0,0,0,0,1,1,0,0,1,0
2.156902000,0,0,0,0,0,0,0,0,0,0,0,0
2.156907000,0,0,0,0,0,0,1,1,0,0,1,0
2.156985000,0,0,0,0,0,0,1,1,0,0,1,1
2.157485000,0,0,0,0,0,0,1,1,0,0,1,0
2.157902000,0,0,0,0,0,0,0,0,0,0,0,0
2.157907000,0,0,1,1,0,0,1,1,0,0,1,0
2.157985000,0,0,1,1,0,0,1,1,0,0,1,1
2.158485000,0,0,1,1,0,0,1,1,0,0,1,0
2.158902000,0,0,0,0,0,0,0,0,0,0,0,0
2.158907000,1,1,1,1,1,1,0,1,0,0,1,0
2.158985000,1,1,1,1,1,1,0,1,0,0,1,1
2.159485000,1,1,1,1,1,1,0,1,0,0,1,0
2.159902000,0,0,0,0,0,0,0,0,0,0,0,0
2.159907000,1,1,1,1,1,1,0,1,0,0,1,0
2.159985000,1,1,1,1,1,1,0,1,0,0,1,1
2.160485000,1,1,1,1,1,1,0,1,0,0,1,0
2.160902000,0,0,0,0,0,0,0,0,0,0,0,0
2.160907000,0,0,1,1,0,0,1,1,0,0,1,0
2.160985000,0,0,1,1,0,0,1,1,0,0,1,1
2.161485000,0,0,1,1,0,0,1,1,0,0,1,0
2.161902000,0,0,0,0,0,0,0,0,0,0,0,0
2.161907000,0,0,0,1,0,0,1,1,0,0,1,0
2.161985000,0,0,0,1,0,0,1,1,0,0,1,1
2.162485000,0,0,0,1,0,0,1,1,0,0,1,0
2.162902000,0,0,0,0,0,0,0,0,0,0,0,0
2.162907000,0,0,0,0,0,0,1,1,0,0,1,0
2.162985000,0,0,0,0,0,0,1,1,0,0,1,1
2.163485000,0,0,0,0,0,0,1,1,0,0,1,0
2.163902000,0,0,0,0,0,0,0,0,0,0,0,0
2.163907000,1,1,1,0,1,1,0,1,0,0,1,0
2.163985000,1,1,1,0,1,1,0,1,0,0,1,1
2.164485000,1,1,1,0,1,1,0,1,0,0,1,0
2.164902000,0,0,0,0,0,0,0,0,0,0,0,0
2.164907000,0,1,1,1,1,1,0,1,0,0,1,0
2.164985000,0,1,1,1,1,1,0,1,0,0,1,1
2.165485000,0,1,1,1,1,1,0,1,0,0,1,0
2.165902000,0,0,0,0,0,0,0,0,0,0,0,0
2.165907000,0,1,1,1,1,1,0,1,0,0,1,0
2.165985000,0,1,1,1,1,1,0,1,0,0,1,1
2.166485000,0,1,1,1,1,1,0,1,0,0,1,0
2.166902000,0,0,0,0,0,0,0,0,0,0,0,0
2.166907000,1,0,1,0,0,0,1,1,0,0,1,0
2.166985000,1,0,1,0,0,0,1,1,0,0,1,1
2.167485000,1,0,1,0,0,0,1,1,0,0,1,0
2.167902000,0,0,0,0,0,0,0,0,0,0,0,0
2.167907000,0,0,0,0,1,0,1,1,0,0,1,0
2.167985000,0,0,0,0,1,0,1,1,0,0,1,1
2.168485000,0,0,0,0,1,0,1,1,0,0,1,0
2.168902000,0,0,0,0,0,0,0,0,0,0,0,0
2.168907000,1,1,1,1,1,1,0,1,0,0,1,0
2.168985000,1,1,1,1,1,1,0,1,0,0,1,1
2.169485000,1,1,1,1,1,1,0,1,0,0,1,0
2.169902000,0,0,0,0,0,0,0,0,0,0,0,0
2.169907000,0,1,1,1,1,1,0,1,0,0,1,0
2.169985000,0,1,1,1,1,1,0,1,0,0,1,1
2.170485000,0,1,1,1,1,1,0,1,0,0,1,0
2.170902000,0,0,0,0,0,0,0,0,0,0,0,0
2.170907000,0,1,0,1,0,1,0,1,0,0,1,0
2.170985000,0,1,0,1,0,1,0,1,0,0,1,1
2.171485000,0,1,0,1,0,1,0,1,0,0,1,0
2.171902000,0,0,0,0,0,0,0,0,0,0,0,0
2.171907000,1,1,1,1,1,1,0,1,0,0,1,0
2.171985000,1,1,1,1,1,1,0,1,0,0,1,1
2.172485000,1,1,1,1,1,1,0,1,0,0,1,0
2.172902000,0,0,0,0,0,0,0,0,0,0,0,0
2.172907000,1,1,1,1,1,1,0,1,0,0,1,0
2.172985000,1,1,1,1,1,1,0,1,0,0,1,1
2.173485000,1,1,1,1,1,1,0,1,0,0,1,0
2.173902000,0,0,0,0,0,0,0,0,0,0,0,0
2.173907000,1,1,1,1,0,1,0,1,0,0,1,0
2.173985000,1,1,1,1,0,1,0,1,0,0,1,1
2.174485000,1,1,1,1,0,1,0,1,0,0,1,0
2.174902000,0,0,0,0,0,0,0,0,0,0,0,0
2.174907000,1,1,1,1,1,1,0,1,0,0,1,0
2.174985000,1,1,1,1,1,1,0,1,0,0,1,1
2.175485000,1,1,1,1,1,1,0,1,0,0,1,0
2.175902000,0,0,0,0,0,0,0,0,0,0,0,0
2.175907000,1,1,1,1,1,1,0,1,0,0,1,0
2.175985000,1,1,1,1,1,1,0,1,0,0,1,1
2.176485000,1,1,1,1,1,1,0,1,0,0,1,0
2.176902000,0,0,0,0,0,0,0,0,0,0,0,0
2.176907000,1,1,1,1,1,1,0,1,0,0,1,0
2.176985000,1,1,1,1,1,1,0,1,0,0,1,1
2.177485000,1,1,1,1,1,1,0,1,0,0,1,0
2.177902000,0,0,0,0,0,0,0,0,0,0,0,0
2.177907000,1,1,0,1,0,0,1,1,0,0,1,0
2.177985000,1,1,0,1,0,0,1,1,0,0,1,1
2.178485000,1,1,0,1,0,0,1,1,0,0,1,0
2.178902000,0,0,0,0,0,0,0,0,0,0,0,0
2.178907000,1,1,1,1,1,1,0,1,0,0,1,0
2.178985000,1,1,1,1,1,1,0,1,0,0,1,1
2.179485000,1,1,1,1,1,1,0,1,0,0,1,0
2.179902000,0,0,0,0,0,0,0,0,0,0,0,0
2.179907000,1,0,0,0,0,0,1,1,0,0,1,0
2.179985000,1,0,0,0,0,0,1,1,0,0,1,1
2.180485000,1,0,0,0,0,0,1,1,0,0,1,0
2.180902000,0,0,0,0,0,0,0,0,0,0,0,0
2.180907000,1,1,1,0,0,0,1,1,0,0,1,0
2.180985000,1,1,1,0,0,0,1,1,0,0,1,1
2.181485000,1,1,1,0,0,0,1,1,0,0,1,0
2.181902000,0,0,0,0,0,0,0,0,0,0,0,0
2.181907000,1,1,1,1,1,1,0,1,0,0,1,0
2.181985000,1,1,1,1,1,1,0,1,0,0,1,1
2.182485000,1,1,1,1,1,1,0,1,0,0,1,0
2.182902000,0,0,0,0,0,0,0,0,0,0,0,0
2.182907000,0,1,1,1,0,0,1,1,0,0,1,0
2.182985000,0,1,1,1,0,0,1,1,0,0,1,1
2.183485000,0,1,1,1,0,0,1,1,0,0,1,0
2.183902000,0,0,0,0,0,0,0,0,0,0,0,0
2.183907000,1,0,1,0,0,0,1,1,0,0,1,0
2.183985000,1,0,1,0,0,0,1,1,0,0,1,1
2.184485000,1,0,1,0,0,0,1,1,0,0,1,0
2.184902000,0,0,0,0,0,0,0,0,0,0,0,0
2.184907000,0,1,0,0,1,0,1,1,0,0,1,0
2.184985000,0,1,0,0,1,0,1,1,0,0,1,1
2.185485000,0,1,0,0,1,0,1,1,0,0,1,0
2.185902000,0,0,0,0,0,0,0,0,0,0,0,0
2.185907000,0,0,0,0,1,0,1,1,0,0,1,0
2.185985000,0,0,0,0,1,0,1,1,0,0,1,1
2.186485000,0,0,0,0,1,0,1,1,0,0,1,0
2.186902000,0,0,0,0,0,0,0,0,0,0,0,0
2.186907000,0,1,0,1,0,0,1,1,0,0,1,0
2.186985000,0,1,0,1,0,0,1,1,0,0,1,1
2.187485000,0,1,0,1,0,0,1,1,0,0,1,0
2.187902000,0,0,0,0,0,0,0,0,0,0,0,0
2.187907000,1,1,1,1,0,0,1,1,0,0,1,0
2.187985000,1,1,1,1,0,0,1,1,0,0,1,1
2.188485000,1,1,1,1,0,0,1,1,0,0,1,0
2.188902000,0,0,0,0,0,0,0,0,0,0,0,0
2.188907000,1,1,1,1,1,1,0,1,0,0,1,0
2.188985000,1,1,1,1,1,1,0,1,0,0,1,1
2.189485000,1,1,1,1,1,1,0,1,0,0,1,0
2.189902000,0,0,0,0,0,0,0,0,0,0,0,0
2.189907000,0,0,1,0,0,0,1,1,0,0,1,0
2.189985000,0,0,1,0,0,0,1,1,0,0,1,1
2.190485000,0,0,1,0,0,0,1,1,0,0,1,0
2.190902000,0,0,0,0,0,0,0,0,0,0,0,0
2.190907000,1,1,0,1,1,1,0,1,0,0,1,0
2.190985000,1,1,0,1,1,1,0,1,0,0,1,1
2.191485000,1,1,0,1,1,1,0,1,0,0,1,0
2.191902000,0,0,0,0,0,0,0,0,0,0,0,0
2.191907000,0,0,0,0,1,0,1,1,0,0,1,0
2.191985000,0,0,0,0,1,0,1,1,0,0,1,1
2.192485000,0,0,0,0,1,0,1,1,0,0,1,0
2.192902000,0,0,0,0,0,0,0,0,0,0,0,0
2.192907000,0,0,1,1,0,0,1,1,0,0,1,0
2.192985000,0,0,1,1,0,0,1,1,0,0,1,1
2.193485000,0,0,1,1,0,0,1,1,0,0,1,0
2.193902000,0,0,0,0,0,0,0,0,0,0,0,0
2.193907000,1,1,1,0,0,0,1,1,0,0,1,0
2.193985000,1,1,1,0,0,0,1,1,0,0,1,1
2.194485000,1,1,1,0,0,0,1,1,0,0,1,0
2.194902000,0,0,0,0,0,0,0,0,0,0,0,0
2.194907000,1,0,1,0,0,0,1,1,0,0,1,0
2.194985000,1,0,1,0,0,0,1,1,0,0,1,1
2.195485000,1,0,1,0,0,0,1,1,0,0,1,0
2.195902000,0,0,0,0,0,0,0,0,0,0,0,0
2.195907000,0,1,0,0,1,0,1,1,0,0,1,0
2.195985000,0,1,0,0,1,0,1,1,0,0,1,1
2.196485000,0,1,0,0,1,0,1,1,0,0,1,0
2.196902000,0,0,0,0,0,0,0,0,0,0,0,0
2.196907000,0,0,1,1,0,0,1,1,0,0,1,0
2.196985000,0,0,1,1,0,0,1,1,0,0,1,1
2.197485000,0,0,1,1,0,0,1,1,0,0,1,0
2.197902000,0,0,0,0,0,0,0,0,0,0,0,0
2.197907000,1,1,0,1,0,0,1,1,0,0,1,0
2.197985000,1,1,0,1,0,0,1,1,0,0,1,1
2.198485000,1,1,0,1,0,0,1,1,0,0,1,0
2.198902000,0,0,0,0,0,0,0,0,0,0,0,0
2.198907000,1,1,1,1,1,1,0,1,0,0,1,0
2.198985000,1,1,1,1,1,1,0,1,0,0,1,1
2.199485000,1,1,1,1,1,1,0,1,0,0,1,0
2.199902000,0,0,0,0,0,0,0,0,0,0,0,0
2.199907000,0,1,0,0,0,0,1,1,0,0,1,0
2.199985000,0,1,0,0,0,0,1,1,0,0,1,1
2.200485000,0,1,0,0,0,0,1,1,0,0,1,0
2.200902000,0,0,0,0,0,0,0,0,0,0,0,0
2.200907000,1,1,0,1,1,1,0,1,0,0,1,0
2.200985000,1,1,0,1,1,1,0,1,0,0,1,1
2.201485000,1,1,0,1,1,1,0,1,0,0,1,0
2.201902000,0,0,0,0,0,0,0,0,0,0,0,0
2.201907000,1,1,0,1,0,0,1,1,0,0,1,0
2.201985000,1,1,0,1,0,0,1,1,0,0,1,1
2.202485000,1,1,0,1,0,0,1,1,0,0,1,0
2.202902000,0,0,0,0,0,0,0,0,0,0,0,0
2.202907000,1,0,1,0,0,0,1,1,0,0,1,0
2.202985000,1,0,1,0,0,0,1,1,0,0,1,1
2.203485000,1,0,1,0,0,0,1,1,0,0,1,0
2.203902000,0,0,0,0,0,0,0,0,0,0,0,0
2.203907000,0,1,0,0,1,0,1,1,0,0,1,0
2.203985000,0,1,0,0,1,0,1,1,0,0,1,1
2.204485000,0,1,0,0,1,0,1,1,0,0,1,0
2.204902000,0,0,0,0,0,0,0,0,0,0,0,0
2.204907000,0,0,1,0,0,0,1,1,0,0,1,0
2.204985000,0,0,1,0,0,0,1,1,0,0,1,1
2.205485000,0,0,1,0,0,0,1,1,0,0,1,0
2.205902000,0,0,0,0,0,0,0,0,0,0,0,0
2.205907000,1,0,0,1,1,0,1,1,0,0,1,0
2.205985000,1,0,0,1,1,0,1,1,0,0,1,1
2.206485000,1,0,0,1,1,0,1,1,0,0,1,0
2.206902000,0,0,0,0,0,0,0,0,0,0,0,0
2.206907000,1,1,1,1,0,0,1,1,0,0,1,0
2.206985000,1,1,1,1,0,0,1,1,0,0,1,1
2.207485000,1,1,1,1,0,0,1,1,0,0,1,0
2.207902000,0,0,0,0,0,0,0,0,0,0,0,0
2.207907000,0,1,0,0,1,0,1,1,0,0,1,0
2.207985000,0,1,0,0,1,0,1,1,0,0,1,1
2.208485000,0,1,0,0,1,0,1,1,0,0,1,0
2.208901000,0,1,0,0,1,0,1,1,0,0,0,0
2.208902000,0,0,0,0,0,0,0,0,0,0,0,0
2.208907000,1,1,0,1,0,0,1,1,0,0,1,0
2.208985000,1,1,0,1,0,0,1,1,0,0,1,1
2.209485000,1,1,0,1,0,0,1,1,0,0,1,0
2.209901000,1,1,0,1,0,0,1,1,0,0,0,0
2.209902000,0,0,0,0,0,0,0,0,0,0,0,0
2.209907000,1,1,1,1,1,1,0,1,0,0,1,0
2.209985000,1,1,1,1,1,1,0,1,0,0,1,1
2.210485000,1,1,1,1,1,1,0,1,0,0,1,0
2.210901000,1,1,1,1,1,1,0,1,0,0,0,0
2.210902000,0,0,0,0,0,0,0,0,0,0,0,0
2.210907000,0,1,1,0,0,0,1,1,0,0,1,0
2.210985000,0,1,1,0,0,0,1,1,0,0,1,1
2.211485000,0,1,1,0,0,0,1,1,0,0,1,0
2.211901000,0,1,1,0,0,0,1,1,0,0,0,0
2.211902000,0,0,0,0,0,0,0,0,0,0,0,0
2.211907000,0,1,0,0,1,0,1,1,0,0,1,0
2.211985000,0,1,0,0,1,0,1,1,0,0,1,1
2.212485000,0,1,0,0,1,0,1,1,0,0,1,0
2.212901000,0,1,0,0,1,0,1,0,0,0,0,0
2.212902000,0,0,0,0,0,0,0,0,0,0,0,0
2.212907000,1,1,1,1,1,1,0,1,0,0,1,0
2.212985000,1,1,1,1,1,1,0,1,0,0,1,1
2.213485000,1,1,1,1,1,1,0,1,0,0,1,0
2.213901000,0,1,1,1,1,1,1,1,0,0,0,0
2.213902000,0,0,0,0,0,0,0,0,0,0,0,0
2.213907000,1,0,1,1,0,0,1,1,0,0,1,0
2.213985000,1,0,1,1,0,0,1,1,0,0,1,1
2.214485000,1,0,1,1,0,0,1,1,0,0,1,0
2.214901000,0,0,0,0,0,0,0,0,0,0,0,0
2.214907000,1,1,0,1,1,1,0,1,0,0,1,0
2.214985000,1,1,0,1,1,1,0,1,0,0,1,1
2.215485000,1,1,0,1,1,1,0,1,0,0,1,0
2.215901000,0,0,0,0,0,0,0,0,0,0,0,0
2.215907000,0,0,1,1,0,0,1,1,0,0,1,0
2.215985000,0,0,1,1,0,0,1,1,0,0,1,1
2.216485000,0,0,1,1,0,0,1,1,0,0,1,0
2.216901000,0,0,0,0,0,0,0,0,0,0,0,0
2.216907000,0,0,0,0,1,0,1,1,0,0,1,0
2.216985000,0,0,0,0,1,0,1,1,0,0,1,1
2.217485000,0,0,0,0,1,0,1,1,0,0,1,0
2.217901000,0,0,0,0,0,0,0,0,0,0,0,0
2.217907000,0,1,1,0,1,0,1,1,0,0,1,0
2.217985000,0,1,1,0,1,0,1,1,0,0,1,1
2.218485000,0,1,1,0,1,0,1,1,0,0,1,0
2.218901000,0,0,0,0,0,0,0,0,0,0,0,0
2.218907000,1,1,0,1,1,1,0,1,0,0,1,0
2.218985000,1,1,0,1,1,1,0,1,0,0,1,1
2.219485000,1,1,0,1,1,1,0,1,0,0,1,0
2.219901000,0,0,0,0,0,0,0,0,0,0,0,0
2.219906000,0,0,0,0,0,0,1,0,0,0,0,0
2.219907000,0,1,1,0,0,0,1,1,0,0,1,0
2.219985000,0,1,1,0,0,0,1,1,0,0,1,1
2.220485000,0,1,1,0,0,0,1,1,0,0,1,0
2.220901000,0,0,0,0,0,0,0,0,0,0,0,0
2.220907000,1,1,1,1,1,1,0,1,0,0,1,0
2.220985000,1,1,1,1,1,1,0,1,0,0,1,1
2.221485000,1,1,1,1,1,1,0,1,0,0,1,0
2.221901000,1,0,1,1,1,0,0,1,0,0,0,0
2.221902000,0,0,0,0,0,0,0,0,0,0,0,0
2.221906000,0,0,1,1,0,0,1,1,0,0,0,0
2.221907000,0,0,1,1,0,0,1,1,0,0,1,0
2.221985000,0,0,1,1,0,0,1,1,0,0,1,1
2.222485000,0,0,1,1,0,0,1,1,0,0,1,0
2.222901000,0,0,0,0,0,0,0,0,0,0,0,0
2.222906000,0,1,0,0,0,0,1,1,0,0,1,0
2.222985000,0,1,0,0,0,0,1,1,0,0,1,1
2.223485000,0,1,0,0,0,0,1,1,0,0,1,0
2.223901000,0,0,0,0,0,0,0,0,0,0,0,0
2.223906000,0,0,1,1,0,0,1,1,0,0,1,0
2.223985000,0,0,1,1,0,0,1,1,0,0,1,1
2.224485000,0,0,1,1,0,0,1,1,0,0,1,0
2.224901000,0,0,0,0,0,0,0,0,0,0,0,0
2.224906000,0,0,1,1,1,1,0,1,0,0,1,0
2.224907000,1,1,1,1,1,1,0,1,0,0,1,0
2.224985000,1,1,1,1,1,1,0,1,0,0,1,1
2.225485000,1,1,1,1,1,1,0,1,0,0,1,0
2.225901000,0,0,0,0,0,0,0,0,0,0,0,0
2.225906000,1,1,1,0,0,0,1,1,0,0,1,0
2.225985000,1,1,1,0,0,0,1,1,0,0,1,1
2.226485000,1,1,1,0,0,0,1,1,0,0,1,0
2.226901000,0,0,0,0,0,0,0,0,0,0,0,0
2.226906000,1,1,1,0,1,1,0,1,0,0,1,0
2.226985000,1,1,1,0,1,1,0,1,0,0,1,1
2.227485000,1,1,1,0,1,1,0,1,0,0,1,0
2.227901000,0,0,0,0,0,0,0,0,0,0,0,0
2.227906000,1,1,1,1,1,1,0,1,0,0,1,0
2.227985000,1,1,1,1,1,1,0,1,0,0,1,1
2.228485000,1,1,1,1,1,1,0,1,0,0,1,0
2.228901000,0,0,0,0,0,0,0,0,0,0,0,0
2.228906000,0,0,1,0,0,0,1,1,0,0,1,0
2.228985000,0,0,1,0,0,0,1,1,0,0,1,1
2.229485000,0,0,1,0,0,0,1,1,0,0,1,0
2.229901000,0,0,0,0,0,0,0,0,0,0,0,0
2.229906000,0,0,1,1,1,1,0,1,0,0,1,0
2.229985000,0,0,1,1,1,1,0,1,0,0,1,1
2.230485000,0,0,1,1,1,1,0,1,0,0,1,0
2.230901000,0,0,0,0,0,0,0,0,0,0,0,0
2.230906000,1,1,1,1,1,1,0,1,0,0,1,0
2.230985000,1,1,1,1,1,1,0,1,0,0,1,1
2.231485000,1,1,1,1,1,1,0,1,0,0,1,0
2.231901000,0,0,0,0,0,0,0,0,0,0,0,0
2.231906000,0,0,1,0,0,0,1,1,0,0,1,0
2.231985000,0,0,1,0,0,0,1,1,0,0,1,1
2.232485000,0,0,1,0,0,0,1,1,0,0,1,0
2.232901000,0,0,0,0,0,0,0,0,0,0,0,0
2.232906000,1,1,0,0,1,0,1,1,0,0,1,0
2.232985000,1,1,0,0,1,0,1,1,0,0,1,1
2.233485000,1,1,0,0,1,0,1,1,0,0,1,0
2.233901000,0,0,0,0,0,0,0,0,0,0,0,0
2.233906000,1,0,0,1,0,0,1,1,0,0,1,0
2.233985000,1,0,0,1,0,0,1,1,0,0,1,1
2.234485000,1,0,0,1,0,0,1,1,0,0,1,0
2.234901000,0,0,0,0,0,0,0,0,0,0,0,0
2.234906000,1,1,1,1,1,1,0,1,0,0,1,0
2.234985000,1,1,1,1,1,1,0,1,0,0,1,1
2.235485000,1,1,1,1,1,1,0,1,0,0,1,0
2.235901000,0,0,0,0,0,0,0,0,0,0,0,0
2.235906000,1,0,0,1,0,0,1,1,0,0,1,0
2.235985000,1,0,0,1,0,0,1,1,0,0,1,1
2.236485000,1,0,0,1,0,0,1,1,0,0,1,0
2.236901000,0,0,0,0,0,0,0,0,0,0,0,0
2.236906000,1,0,1,0,0,0,1,1,0,0,1,0
2.236985000,1,0,1,0,0,0,1,1,0,0,1,1
2.237485000,1,0,1,0,0,0,1,1,0,0,1,0
2.237901000,0,0,0,0,0,0,0,0,0,0,0,0
2.237906000,1,1,0,1,1,1,0,1,0,0,1,0
2.237985000,1,1,0,1,1,1,0,1,0,0,1,1
2.238485000,1,1,0,1,1,1,0,1,0,0,1,0
2.238901000,0,0,0,0,0,0,0,0,0,0,0,0
2.238906000,0,1,0,1,0,0,1,1,0,0,1,0
2.238985000,0,1,0,1,0,0,1,1,0,0,1,1
2.239485000,0,1,0,1,0,0,1,1,0,0,1,0
2.239901000,0,0,0,0,0,0,0,0,0,0,0,0
2.239906000,0,0,1,0,1,1,0,1,0,0,1,0
2.239985000,0,0,1,0,1,1,0,1,0,0,1,1
2.240485000,0,0,1,0,1,1,0,1,0,0,1,0
2.240901000,0,0,0,0,0,0,0,0,0,0,0,0
2.240906000,0,1,1,1,1,1,0,1,0,0,1,0
2.240985000,0,1,1,1,1,1,0,1,0,0,1,1
2.241485000,0,1,1,1,1,1,0,1,0,0,1,0
2.241901000,0,0,0,0,0,0,0,0,0,0,0,0
2.241906000,1,1,1,1,1,1,0,1,0,0,1,0
2.241985000,1,1,1,1,1,1,0,1,0,0,1,1
2.242485000,1,1,1,1,1,1,0,1,0,0,1,0
2.242901000,0,0,0,0,0,0,0,0,0,0,0,0
2.242906000,0,0,0,0,0,0,1,1,0,0,1,0
2.242985000,0,0,0,0,0,0,1,1,0,0,1,1
2.243485000,0,0,0,0,0,0,1,1,0,0,1,0
2.243901000,0,0,0,0,0,0,0,0,0,0,0,0
2.243906000,1,1,1,0,1,1,0,1,0,0,1,0
2.243985000,1,1,1,0,1,1,0,1,0,0,1,1
2.244485000,1,1,1,0,1,1,0,1,0,0,1,0
2.244901000,0,0,0,0,0,0,0,0,0,0,0,0
2.244906000,1,1,0,1,0,0,1,1,0,0,1,0
2.244985000,1,1,0,1,0,0,1,1,0,0,1,1
2.245485000,1,1,0,1,0,0,1,1,0,0,1,0
2.245901000,0,0,0,0,0,0,0,0,0,0,0,0
2.245906000,0,1,1,0,0,0,1,1,0,0,1,0
2.245985000,0,1,1,0,0,0,1,1,0,0,1,1
2.246485000,0,1,1,0,0,0,1,1,0,0,1,0
2.246901000,0,0,0,0,0,0,0,0,0,0,0,0
2.246906000,1,1,0,0,0,0,1,1,0,0,1,0
2.246985000,1,1,0,0,0,0,1,1,0,0,1,1
2.247485000,1,1,0,0,0,0,1,1,0,0,1,0
2.247901000,0,0,0,0,0,0,0,0,0,0,0,0
2.247906000,0,0,1,0,0,0,1,1,0,0,1,0
2.247985000,0,0,1,0,0,0,1,1,0,0,1,1
2.248485000,0,0,1,0,0,0,1,1,0,0,1,0
2.248901000,0,0,0,0,0,0,0,0,0,0,0,0
2.248906000,1,0,1,1,0,1,0,1,0,0,1,0
2.248985000,1,0,1,1,0,1,0,1,0,0,1,1
2.249485000,1,0,1,1,0,1,0,1,0,0,1,0
2.249901000,0,0,0,0,0,0,0,0,0,0,0,0
2.249906000,1,1,0,1,0,0,1,1,0,0,1,0
2.249985000,1,1,0,1,0,0,1,1,0,0,1,1
2.250485000,1,1,0,1,0,0,1,1,0,0,1,0
2.250901000,0,0,0,0,0,0,0,0,0,0,0,0
2.250906000,1,0,1,0,1,1,0,1,0,0,1,0
2.250985000,1,0,1,0,1,1,0,1,0,0,1,1
2.251485000,1,0,1,0,1,1,0,1,0,0,1,0
2.251901000,0,0,0,0,0,0,0,0,0,0,0,0
2.251906000,1,1,0,1,0,0,1,1,0,0,1,0
2.251985000,1,1,0,1,0,0,1,1,0,0,1,1
2.252485000,1,1,0,1,0,0,1,1,0,0,1,0
2.252901000,0,0,0,0,0,0,0,0,0,0,0,0
2.252906000,1,0,0,0,0,0,1,1,0,0,1,0
2.252985000,1,0,0,0,0,0,1,1,0,0,1,1
2.253485000,1,0,0,0,0,0,1,1,0,0,1,0
2.253901000,0,0,0,0,0,0,0,0,0,0,0,0
2.253906000,1,1,1,1,1,1,0,1,0,0,1,0
2.253985000,1,1,1,1,1,1,0,1,0,0,1,1
2.254485000,1,1,1,1,1,1,0,1,0,0,1,0
2.254901000,0,0,0,0,0,0,0,0,0,0,0,0
2.254906000,0,0,1,0,1,0,1,1,0,0,1,0
2.254985000,0,0,1,0,1,0,1,1,0,0,1,1
2.255484000,0,0,1,0,1,0,1,1,0,0,1,0
2.255901000,0,0,0,0,0,0,0,0,0,0,0,0
2.255906000,1,1,1,1,1,1,0,1,0,0,1,0
2.255984000,1,1,1,1,1,1,0,1,0,0,1,1
2.256484000,1,1,1,1,1,1,0,1,0,0,1,0
2.256901000,0,0,0,0,0,0,0,0,0,0,0,0
2.256906000,1,1,1,1,1,1,0,1,0,0,1,0
2.256984000,1,1,1,1,1,1,0,1,0,0,1,1
2.257484000,1,1,1,1,1,1,0,1,0,0,1,0
2.257901000,0,0,0,0,0,0,0,0,0,0,0,0
2.257906000,0,0,1,0,0,0,1,1,0,0,1,0
2.257984000,0,0,1,0,0,0,1,1,0,0,1,1
2.258484000,0,0,1,0,0,0,1,1,0,0,1,0
2.258901000,0,0,0,0,0,0,0,0,0,0,0,0
2.258906000,1,1,1,0,0,0,1,1,0,0,1,0
2.258984000,1,1,1,0,0,0,1,1,0,0,1,1
2.259484000,1,1,1,0,0,0,1,1,0,0,1,0
2.259901000,0,0,0,0,0,0,0,0,0,0,0,0
2.259906000,0,0,1,0,0,0,1,1,0,0,1,0
2.259984000,0,0,1,0,0,0,1,1,0,0,1,1
2.260484000,0,0,1,0,0,0,1,1,0,0,1,0
2.260901000,0,0,0,0,0,0,0,0,0,0,0,0
2.260906000,0,1,0,0,0,0,1,1,0,0,1,0
2.260984000,0,1,0,0,0,0,1,1,0,0,1,1
2.261484000,0,1,0,0,0,0,1,1,0,0,1,0
2.261901000,0,0,0,0,0,0,0,0,0,0,0,0
2.261906000,0,1,1,1,0,0,1,1,0,0,1,0
2.261984000,0,1,1,1,0,0,1,1,0,0,1,1
2.262484000,0,1,1,1,0,0,1,1,0,0,1,0
2.262901000,0,0,0,0,0,0,0,0,0,0,0,0
2.262906000,0,0,0,0,0,0,1,1,0,0,1,0
2.262984000,0,0,0,0,0,0,1,1,0,0,1,1
2.263484000,0,0,0,0,0,0,1,1,0,0,1,0
2.263901000,0,0,0,0,0,0,0,0,0,0,0,0
2.263906000,1,1,1,1,1,1,0,1,0,0,1,0
2.263984000,1,1,1,1,1,1,0,1,0,0,1,1
2.264484000,1,1,1,1,1,1,0,1,0,0,1,0
2.264901000,0,0,0,0,0,0,0,0,0,0,0,0
2.264906000,1,0,1,1,1,1,0,1,0,0,1,0
2.264984000,1,0,1,1,1,1,0,1,0,0,1,1
2.265484000,1,0,1,1,1,1,0,1,0,0,1,0
2.265901000,0,0,0,0,0,0,0,0,0,0,0,0
2.265906000,1,0,1,1,1,1,0,1,0,0,1,0
2.265984000,1,0,1,1,1,1,0,1,0,0,1,1
2.266484000,1,0,1,1,1,1,0,1,0,0,1,0
2.266901000,0,0,0,0,0,0,0,0,0,0,0,0
2.266906000,1,1,1,1,1,1,0,1,0,0,1,0
2.266984000,1,1,1,1,1,1,0,1,0,0,1,1
2.267484000,1,1,1,1,1,1,0,1,0,0,1,0
2.267901000,0,0,0,0,0,0,0,0,0,0,0,0
2.267906000,0,0,0,1,0,0,1,1,0,0,1,0
2.267984000,0,0,0,1,0,0,1,1,0,0,1,1
2.268484000,0,0,0,1,0,0,1,1,0,0,1,0
2.268901000,0,0,0,0,0,0,0,0,0,0,0,0
2.268906000,1,0,1,0,1,1,0,1,0,0,1,0
2.268984000,1,0,1,0,1,1,0,1,0,0,1,1
2.269484000,1,0,1,0,1,1,0,1,0,0,1,0
2.269901000,0,0,0,0,0,0,0,0,0,0,0,0
2.269906000,0,0,1,0,0,0,1,1,0,0,1,0
2.269984000,0,0,1,0,0,0,1,1,0,0,1,1
2.270484000,0,0,1,0,0,0,1,1,0,0,1,0
2.270901000,0,0,0,0,0,0,0,0,0,0,0,0
2.270906000,1,1,1,1,1,1,0,1,0,0,1,0
2.270984000,1,1,1,1,1,1,0,1,0,0,1,1
2.271484000,1,1,1,1,1,1,0,1,0,0,1,0
2.271901000,0,0,0,0,0,0,0,0,0,0,0,0
2.271906000,1,1,1,1,0,0,1,1,0,0,1,0
2.271984000,1,1,1,1,0,0,1,1,0,0,1,1
2.272484000,1,1,1,1,0,0,1,1,0,0,1,0
2.272901000,0,0,0,0,0,0,0,0,0,0,0,0
2.272906000,1,0,0,1,1,1,0,1,0,0,1,0
2.272984000,1,0,0,1,1,1,0,1,0,0,1,1
2.273484000,1,0,0,1,1,1,0,1,0,0,1,0
2.273901000,0,0,0,0,0,0,0,0,0,0,0,0
2.273906000,1,1,1,1,1,1,0,1,0,0,1,0
2.273984000,1,1,1,1,1,1,0,1,0,0,1,1
2.274484000,1,1,1,1,1,1,0,1,0,0,1,0
2.274901000,0,0,0,0,0,0,0,0,0,0,0,0
2.274906000,0,0,0,1,0,0,1,1,0,0,1,0
2.274984000,0,0,0,1,0,0,1,1,0,0,1,1
2.275484000,0,0,0,1,0,0,1,1,0,0,1,0
2.275901000,0,0,0,0,0,0,0,0,0,0,0,0
2.275906000,0,1,0,1,1,1,0,1,0,0,1,0
2.275984000,0,1,0,1,1,1,0,1,0,0,1,1
2.276484000,0,1,0,1,1,1,0,1,0,0,1,0
2.276901000,0,0,0,0,0,0,0,0,0,0,0,0
2.276906000,1,0,1,0,1,0,1,1,0,0,1,0
2.276984000,1,0,1,0,1,0,1,1,0,0,1,1
2.277484000,1,0,1,0,1,0,1,1,0,0,1,0
2.277901000,0,0,0,0,0,0,0,0,0,0,0,0
2.277906000,1,1,1,0,1,1,0,1,0,0,1,0
2.277984000,1,1,1,0,1,1,0,1,0,0,1,1
2.278484000,1,1,1,0,1,1,0,1,0,0,1,0
2.278901000,0,0,0,0,0,0,0,0,0,0,0,0
2.278906000,0,1,1,1,1,1,0,1,0,0,1,0
2.278984000,0,1,1,1,1,1,0,1,0,0,1,1
2.279484000,0,1,1,1,1,1,0,1,0,0,1,0
2.279901000,0,0,0,0,0,0,0,0,0,0,0,0
2.279906000,0,0,1,0,0,0,1,1,0,0,1,0
2.279984000,0,0,1,0,0,0,1,1,0,0,1,1
2.280484000,0,0,1,0,0,0,1,1,0,0,1,0
2.280901000,0,0,0,0,0,0,0,0,0,0,0,0
2.280906000,0,1,1,0,1,0,1,1,0,0,1,0
2.280984000,0,1,1,0,1,0,1,1,0,0,1,1
2.281484000,0,1,1,0,1,0,1,1,0,0,1,0
2.281901000,0,0,0,0,0,0,0,0,0,0,0,0
2.281906000,0,1,1,1,1,1,0,1,0,0,1,0
2.281984000,0,1,1,1,1,1,0,1,0,0,1,1
2.282484000,0,1,1,1,1,1,0,1,0,0,1,0
2.282901000,0,0,0,0,0,0,0,0,0,0,0,0
2.282906000,0,0,1,1,1,1,0,1,0,0,1,0
2.282984000,0,0,1,1,1,1,0,1,0,0,1,1
2.283484000,0,0,1,1,1,1,0,1,0,0,1,0
2.283901000,0,0,0,0,0,0,0,0,0,0,0,0
2.283906000,0,0,1,0,0,0,1,1,0,0,1,0
2.283984000,0,0,1,0,0,0,1,1,0,0,1,1
2.284484000,0,0,1,0,0,0,1,1,0,0,1,0
2.284901000,0,0,0,0,0,0,0,0,0,0,0,0
2.284906000,1,0,0,0,0,0,1,1,0,0,1,0
2.284984000,1,0,0,0,0,0,1,1,0,0,1,1
2.285484000,1,0,0,0,0,0,1,1,0,0,1,0
2.285901000,0,0,0,0,0,0,0,0,0,0,0,0
2.285906000,0,0,1,0,0,0,1,1,0,0,1,0
2.285984000,0,0,1,0,0,0,1,1,0,0,1,1
2.286484000,0,0,1,0,0,0,1,1,0,0,1,0
2.286901000,0,0,0,0,0,0,0,0,0,0,0,0
2.286906000,1,1,1,1,1,1,0,1,0,0,1,0
2.286984000,1,1,1,1,1,1,0,1,0,0,1,1
2.287484000,1,1,1,1,1,1,0,1,0,0,1,0
2.287901000,0,0,0,0,0,0,0,0,0,0,0,0
2.287906000,0,0,1,1,0,0,1,1,0,0,1,0
2.287984000,0,0,1,1,0,0,1,1,0,0,1,1
2.288484000,0,0,1,1,0,0,1,1,0,0,1,0
2.288901000,0,0,0,0,0,0,0,0,0,0,0,0
2.288906000,0,0,1,1,0,0,1,1,0,0,1,0
2.288984000,0,0,1,1,0,0,1,1,0,0,1,1
2.289484000,0,0,1,1,0,0,1,1,0,0,1,0
2.289901000,0,0,0,0,0,0,0,0,0,0,0,0
2.289906000,1,0,0,0,1,0,1,1,0,0,1,0
2.289984000,1,0,0,0,1,0,1,1,0,0,1,1
2.290484000,1,0,0,0,1,0,1,1,0,0,1,0
2.290901000,0,0,0,0,0,0,0,0,0,0,0,0
2.290906000,1,1,1,1,1,1,0,1,0,0,1,0
2.290984000,1,1,1,1,1,1,0,1,0,0,1,1
2.291484000,1,1,1,1,1,1,0,1,0,0,1,0
2.291901000,0,0,0,0,0,0,0,0,0,0,0,0
2.291906000,1,1,1,1,1,1,0,1,0,0,1,0
2.291984000,1,1,1,1,1,1,0,1,0,0,1,1
2.292484000,1,1,1,1,1,1,0,1,0,0,1,0
2.292901000,0,0,0,0,0,0,0,0,0,0,0,0
2.292906000,0,0,1,0,1,1,0,1,0,0,1,0
2.292984000,0,0,1,0,1,1,0,1,0,0,1,1
2.293484000,0,0,1,0,1,1,0,1,0,0,1,0
2.293901000,0,0,0,0,0,0,0,0,0,0,0,0
2.293906000,1,1,1,1,1,1,0,1,0,0,1,0
2.293984000,1,1,1,1,1,1,0,1,0,0,1,1
2.294484000,1,1,1,1,1,1,0,1,0,0,1,0
2.294901000,0,0,0,0,0,0,0,0,0,0,0,0
2.294906000,0,0,0,0,0,0,1,1,0,0,1,0
2.294984000,0,0,0,0,0,0,1,1,0,0,1,1
2.295484000,0,0,0,0,0,0,1,1,0,0,1,0
2.295901000,0,0,0,0,0,0,0,0,0,0,0,0
2.295906000,1,0,1,1,0,0,1,1,0,0,1,0
2.295984000,1,0,1,1,0,0,1,1,0,0,1,1
2.296484000,1,0,1,1,0,0,1,1,0,0,1,0
2.296901000,0,0,0,0,0,0,0,0,0,0,0,0
2.296906000,1,1,1,1,1,1,0,1,0,0,1,0
2.296984000,1,1,1,1,1,1,0,1,0,0,1,1
2.297484000,1,1,1,1,1,1,0,1,0,0,1,0
2.297901000,0,0,0,0,0,0,0,0,0,0,0,0
2.297906000,1,1,1,0,1,1,0,1,0,0,1,0
2.297984000,1,1,1,0,1,1,0,1,0,0,1,1
2.298484000,1,1,1,0,1,1,0,1,0,0,1,0
2.298901000,0,0,0,0,0,0,0,0,0,0,0,0
2.298906000,0,1,1,0,0,0,1,1,0,0,1,0
2.298984000,0,1,1,0,0,0,1,1,0,0,1,1
2.299484000,0,1,1,0,0,0,1,1,0,0,1,0
2.299901000,0,0,0,0,0,0,0,0,0,0,0,0
2.299906000,1,0,1,0,0,0,1,1,0,0,1,0
2.299984000,1,0,1,0,0,0,1,1,0,0,1,1
2.300484000,1,0,1,0,0,0,1,1,0,0,1,0
2.300901000,0,0,0,0,0,0,0,0,0,0,0,0
2.300906000,0,0,0,0,0,0,1,1,0,0,1,0
2.300984000,0,0,0,0,0,0,1,1,0,0,1,1
2.301484000,0,0,0,0,0,0,1,1,0,0,1,0
2.301901000,0,0,0,0,0,0,0,0,0,0,0,0
2.301906000,0,0,0,0,1,0,1,1,0,0,1,0
2.301984000,0,0,0,0,1,0,1,1,0,0,1,1
2.302484000,0,0,0,0,1,0,1,1,0,0,1,0
2.302901000,0,0,0,0,0,0,0,0,0,0,0,0
2.302906000,0,1,1,0,0,0,1,1,0,0,1,0
2.302984000,0,1,1,0,0,0,1,1,0,0,1,1
2.303484000,0,1,1,0,0,0,1,1,0,0,1,0
2.303901000,0,0,0,0,0,0,0,0,0,0,0,0
2.303906000,1,1,1,0,1,1,0,1,0,0,1,0
2.303984000,1,1,1,0,1,1,0,1,0,0,1,1
2.304484000,1,1,1,0,1,1,0,1,0,0,1,0
2.304901000,0,0,0,0,0,0,0,0,0,0,0,0
2.304906000,1,1,1,1,1,1,0,1,0,0,1,0
2.304984000,1,1,1,1,1,1,0,1,0,0,1,1
2.305484000,1,1,1,1,1,1,0,1,0,0,1,0
2.305901000,0,0,0,0,0,0,0,0,0,0,0,0
2.305906000,1,1,0,1,1,1,0,1,0,0,1,0
2.305984000,1,1,0,1,1,1,0,1,0,0,1,1
2.306484000,1,1,0,1,1,1,0,1,0,0,1,0
2.306901000,0,0,0,0,0,0,0,0,0,0,0,0
2.306906000,0,0,1,0,0,0,1,1,0,0,1,0
2.306984000,0,0,1,0,0,0,1,1,0,0,1,1
2.307484000,0,0,1,0,0,0,1,1,0,0,1,0
2.307901000,0,0,0,0,0,0,0,0,0,0,0,0
2.307906000,1,1,1,1,0,1,0,1,0,0,1,0
2.307984000,1,1,1,1,0,1,0,1,0,0,1,1
2.308484000,1,1,1,1,0,1,0,1,0,0,1,0
2.308901000,0,0,0,0,0,0,0,0,0,0,0,0
2.308906000,0,0,0,0,1,0,1,1,0,0,1,0
2.308984000,0,0,0,0,1,0,1,1,0,0,1,1
2.309484000,0,0,0,0,1,0,1,1,0,0,1,0
2.309901000,0,0,0,0,0,0,0,0,0,0,0,0
2.309906000,1,1,1,1,1,1,0,1,0,0,1,0
2.309984000,1,1,1,1,1,1,0,1,0,0,1,1
2.310484000,1,1,1,1,1,1,0,1,0,0,1,0
2.310901000,0,0,0,0,0,0,0,0,0,0,0,0
2.310906000,1,0,1,1,0,0,1,1,0,0,1,0
2.310984000,1,0,1,1,0,0,1,1,0,0,1,1
2.311484000,1,0,1,1,0,0,1,1,0,0,1,0
2.311901000,0,0,0,0,0,0,0,0,0,0,0,0
2.311906000,0,0,1,0,0,0,1,1,0,0,1,0
2.311984000,0,0,1,0,0,0,1,1,0,0,1,1
2.312484000,0,0,1,0,0,0,1,1,0,0,1,0
2.312901000,0,0,0,0,0,0,0,0,0,0,0,0
2.312906000,0,1,1,1,0,0,1,1,0,0,1,0
2.312984000,0,1,1,1,0,0,1,1,0,0,1,1
2.313484000,0,1,1,1,0,0,1,1,0,0,1,0
2.313901000,0,0,0,0,0,0,0,0,0,0,0,0
2.313906000,0,0,0,1,0,0,1,1,0,0,1,0
2.313984000,0,0,0,1,0,0,1,1,0,0,1,1
2.314484000,0,0,0,1,0,0,1,1,0,0,1,0
2.314901000,0,0,0,0,0,0,0,0,0,0,0,0
2.314906000,1,1,0,0,0,0,1,1,0,0,1,0
2.314984000,1,1,0,0,0,0,1,1,0,0,1,1
2.315484000,1,1,0,0,0,0,1,1,0,0,1,0
2.315901000,0,0,0,0,0,0,0,0,0,0,0,0
2.315906000,1,1,1,1,1,1,0,1,0,0,1,0
2.315984000,1,1,1,1,1,1,0,1,0,0,1,1
2.316484000,1,1,1,1,1,1,0,1,0,0,1,0
2.316901000,0,0,0,0,0,0,0,0,0,0,0,0
2.316906000,1,0,1,1,0,0,1,1,0,0,1,0
2.316984000,1,0,1,1,0,0,1,1,0,0,1,1
2.317484000,1,0,1,1,0,0,1,1,0,0,1,0
2.317901000,0,0,0,0,0,0,0,0,0,0,0,0
2.317906000,0,0,0,1,0,0,1,1,0,0,1,0
2.317984000,0,0,0,1,0,0,1,1,0,0,1,1
2.318484000,0,0,0,1,0,0,1,1,0,0,1,0
2.318901000,0,0,0,0,0,0,0,0,0,0,0,0
2.318906000,0,1,0,0,0,0,1,1,0,0,1,0
2.318984000,0,1,0,0,0,0,1,1,0,0,1,1
2.319484000,0,1,0,0,0,0,1,1,0,0,1,0
2.319901000,0,0,0,0,0,0,0,0,0,0,0,0
2.319906000,0,0,1,0,1,0,1,1,0,0,1,0
2.319984000,0,0,1,0,1,0,1,1,0,0,1,1
2.320484000,0,0,1,0,1,0,1,1,0,0,1,0
2.320901000,0,0,0,0,0,0,0,0,0,0,0,0
2.320906000,1,1,0,0,1,0,1,1,0,0,1,0
2.320984000,1,1,0,0,1,0,1,1,0,0,1,1
2.321484000,1,1,0,0,1,0,1,1,0,0,1,0
2.321901000,0,0,0,0,0,0,0,0,0,0,0,0
2.321906000,1,0,1,0,1,0,1,1,0,0,1,0
2.321984000,1,0,1,0,1,0,1,1,0,0,1,1
2.322484000,1,0,1,0,1,0,1,1,0,0,1,0
2.322901000,0,0,0,0,0,0,0,0,0,0,0,0
2.322906000,1,0,1,0,1,0,1,1,0,0,1,0
2.322984000,1,0,1,0,1,0,1,1,0,0,1,1
2.323484000,1,0,1,0,1,0,1,1,0,0,1,0
2.323901000,0,0,0,0,0,0,0,0,0,0,0,0
2.323906000,1,1,0,1,1,1,0,1,0,0,1,0
2.323984000,1,1,0,1,1,1,0,1,0,0,1,1
2.324484000,1,1,0,1,1,1,0,1,0,0,1,0
2.324901000,0,0,0,0,0,0,0,0,0,0,0,0
2.324906000,1,1,1,1,1,1,0,1,0,0,1,0
2.324984000,1,1,1,1,1,1,0,1,0,0,1,1
2.325484000,1,1,1,1,1,1,0,1,0,0,1,0
2.325901000,0,0,0,0,0,0,0,0,0,0,0,0
2.325906000,0,0,0,1,1,0,1,1,0,0,1,0
2.325984000,0,0,0,1,1,0,1,1,0,0,1,1
2.326484000,0,0,0,1,1,0,1,1,0,0,1,0
2.326901000,0,0,0,0,0,0,0,0,0,0,0,0
2.326906000,1,1,1,1,1,1,0,1,0,0,1,0
2.326984000,1,1,1,1,1,1,0,1,0,0,1,1
2.327484000,1,1,1,1,1,1,0,1,0,0,1,0
2.327901000,0,0,0,0,0,0,0,0,0,0,0,0
2.327906000,1,1,1,1,1,1,0,1,0,0,1,0
2.327984000,1,1,1,1,1,1,0,1,0,0,1,1
2.328484000,1,1,1,1,1,1,0,1,0,0,1,0
2.328901000,0,0,0,0,0,0,0,0,0,0,0,0
2.328906000,0,1,0,0,1,0,1,1,0,0,1,0
2.328984000,0,1,0,0,1,0,1,1,0,0,1,1
2.329484000,0,1,0,0,1,0,1,1,0,0,1,0
2.329901000,0,0,0,0,0,0,0,0,0,0,0,0
2.329906000,0,0,1,0,1,0,1,1,0,0,1,0
2.329984000,0,0,1,0,1,0,1,1,0,0,1,1
2.330484000,0,0,1,0,1,0,1,1,0,0,1,0
2.330901000,0,0,0,0,0,0,0,0,0,0,0,0
2.330906000,1,0,0,0,0,0,1,1,0,0,1,0
2.330984000,1,0,0,0,0,0,1,1,0,0,1,1
2.331484000,1,0,0,0,0,0,1,1,0,0,1,0
2.331901000,0,0,0,0,0,0,0,0,0,0,0,0
2.331906000,1,1,1,1,1,1,0,1,0,0,1,0
2.331984000,1,1,1,1,1,1,0,1,0,0,1,1
2.332484000,1,1,1,1,1,1,0,1,0,0,1,0
2.332901000,0,0,0,0,0,0,0,0,0,0,0,0
2.332906000,1,1,1,0,1,0,1,1,0,0,1,0
2.332984000,1,1,1,0,1,0,1,1,0,0,1,1
2.333484000,1,1,1,0,1,0,1,1,0,0,1,0
2.333901000,0,0,0,0,0,0,0,0,0,0,0,0
2.333906000,0,0,1,1,0,0,1,1,0,0,1,0
2.333984000,0,0,1,1,0,0,1,1,0,0,1,1
2.334484000,0,0,1,1,0,0,1,1,0,0,1,0
2.334901000,0,0,0,0,0,0,0,0,0,0,0,0
2.334906000,0,0,1,1,0,0,1,1,0,0,1,0
2.334984000,0,0,1,1,0,0,1,1,0,0,1,1
2.335484000,0,0,1,1,0,0,1,1,0,0,1,0
2.335901000,0,0,0,0,0,0,0,0,0,0,0,0
2.335906000,1,1,1,1,1,1,0,1,0,0,1,0
2.335984000,1,1,1,1,1,1,0,1,0,0,1,1
2.336484000,1,1,1,1,1,1,0,1,0,0,1,0
2.336901000,0,0,0,0,0,0,0,0,0,0,0,0
2.336906000,1,0,0,0,1,0,1,1,0,0,1,0
2.336984000,1,0,0,0,1,0,1,1,0,0,1,1
2.337484000,1,0,0,0,1,0,1,1,0,0,1,0
2.337901000,0,0,0,0,0,0,0,0,0,0,0,0
2.337906000,0,1,1,1,1,1,0,1,0,0,1,0
2.337984000,0,1,1,1,1,1,0,1,0,0,1,1
2.338484000,0,1,1,1,1,1,0,1,0,0,1,0
2.338901000,0,0,0,0,0,0,0,0,0,0,0,0
2.338906000,1,1,1,1,1,1,0,1,0,0,1,0
2.338984000,1,1,1,1,1,1,0,1,0,0,1,1
2.339484000,1,1,1,1,1,1,0,1,0,0,1,0
2.339901000,0,0,0,0,0,0,0,0,0,0,0,0
2.339906000,1,1,1,1,1,1,0,1,0,0,1,0
2.339984000,1,1,1,1,1,1,0,1,0,0,1,1
2.340484000,1,1,1,1,1,1,0,1,0,0,1,0
2.340901000,0,0,0,0,0,0,0,0,0,0,0,0
2.340906000,0,0,0,1,1,1,0,1,0,0,1,0
2.340984000,0,0,0,1,1,1,0,1,0,0,1,1
2.341484000,0,0,0,1,1,1,0,1,0,0,1,0
2.341901000,0,0,0,0,0,0,0,0,0,0,0,0
2.341906000,0,0,0,0,0,0,1,1,0,0,1,0
2.341984000,0,0,0,0,0,0,1,1,0,0,1,1
2.342484000,0,0,0,0,0,0,1,1,0,0,1,0
2.342901000,0,0,0,0,0,0,0,0,0,0,0,0
2.342906000,0,0,1,1,0,0,1,1,0,0,1,0
2.342984000,0,0,1,1,0,0,1,1,0,0,1,1
2.343484000,0,0,1,1,0,0,1,1,0,0,1,0
2.343901000,0,0,0,0,0,0,0,0,0,0,0,0
2.343906000,1,1,1,1,1,1,0,1,0,0,1,0
2.343984000,1,1,1,1,1,1,0,1,0,0,1,1
2.344484000,1,1,1,1,1,1,0,1,0,0,1,0
2.344901000,0,0,0,0,0,0,0,0,0,0,0,0
2.344906000,1,1,0,1,1,1,0,1,0,0,1,0
2.344984000,1,1,0,1,1,1,0,1,0,0,1,1
2.345484000,1,1,0,1,1,1,0,1,0,0,1,0
2.345901000,0,0,0,0,0,0,0,0,0,0,0,0
2.345906000,1,0,0,1,0,0,1,1,0,0,1,0
2.345984000,1,0,0,1,0,0,1,1,0,0,1,1
2.346484000,1,0,0,1,0,0,1,1,0,0,1,0
2.346901000,0,0,0,0,0,0,0,0,0,0,0,0
2.346906000,0,0,0,1,0,0,1,1,0,0,1,0
2.346984000,0,0,0,1,0,0,1,1,0,0,1,1
2.347484000,0,0,0,1,0,0,1,1,0,0,1,0
2.347901000,0,0,0,0,0,0,0,0,0,0,0,0
2.347906000,1,1,0,1,1,1,0,1,0,0,1,0
2.347984000,1,1,0,1,1,1,0,1,0,0,1,1
2.348484000,1,1,0,1,1,1,0,1,0,0,1,0
2.348901000,0,0,0,0,0,0,0,0,0,0,0,0
2.348906000,1,1,0,1,1,1,0,1,0,0,1,0
2.348984000,1,1,0,1,1,1,0,1,0,0,1,1
2.349484000,1,1,0,1,1,1,0,1,0,0,1,0
2.349901000,0,0,0,0,0,0,0,0,0,0,0,0
2.349906000,1,1,1,1,1,1,0,1,0,0,1,0
2.349984000,1,1,1,1,1,1,0,1,0,0,1,1
2.350484000,1,1,1,1,1,1,0,1,0,0,1,0
2.350901000,0,0,0,0,0,0,0,0,0,0,0,0
2.350906000,1,1,1,1,1,1,0,1,0,0,1,0
2.350984000,1,1,1,1,1,1,0,1,0,0,1,1
2.351484000,1,1,1,1,1,1,0,1,0,0,1,0
2.351901000,0,0,0,0,0,0,0,0,0,0,0,0
2.351906000,0,1,0,0,1,0,1,1,0,0,1,0
2.351984000,0,1,0,0,1,0,1,1,0,0,1,1
2.352484000,0,1,0,0,1,0,1,1,0,0,1,0
2.352901000,0,0,0,0,0,0,0,0,0,0,0,0
2.352906000,0,1,1,1,1,0,1,1,0,0,1,0
2.352984000,0,1,1,1,1,0,1,1,0,0,1,1
2.353484000,0,1,1,1,1,0,1,1,0,0,1,0
2.353900000,0,1,1,1,1,0,1,1,0,0,0,0
2.353901000,0,0,0,0,0,0,0,0,0,0,0,0
2.353906000,0,0,0,0,1,0,1,1,0,0,1,0
2.353984000,0,0,0,0,1,0,1,1,0,0,1,1
2.354484000,0,0,0,0,1,0,1,1,0,0,1,0
2.354900000,0,0,0,0,1,0,1,1,0,0,0,0
2.354901000,0,0,0,0,0,0,0,0,0,0,0,0
2.354906000,1,0,1,1,0,0,1,1,0,0,1,0
2.354984000,1,0,1,1,0,0,1,1,0,0,1,1
2.355484000,1,0,1,1,0,0,1,1,0,0,1,0
2.355900000,1,0,1,1,0,0,1,1,0,0,0,0
2.355901000,0,0,0,0,0,0,0,0,0,0,0,0
2.355906000,1,1,1,1,1,1,0,1,0,0,1,0
2.355984000,1,1,1,1,1,1,0,1,0,0,1,1
2.356484000,1,1,1,1,1,1,0,1,0,0,1,0
2.356900000,1,1,1,1,1,1,0,1,0,0,0,0
2.356901000,0,0,0,0,0,0,0,0,0,0,0,0
2.356906000,0,1,1,1,1,1,0,1,0,0,1,0
2.356984000,0,1,1,1,1,1,0,1,0,0,1,1
2.357484000,0,1,1,1,1,1,0,1,0,0,1,0
2.357900000,1,1,1,0,1,1,0,1,1,1,1,0
2.357901000,0,0,0,0,0,0,0,0,0,0,0,0
2.357906000,0,0,1,1,1,1,0,1,0,0,1,0
2.357984000,0,0,1,1,1,1,0,1,0,0,1,1
2.358484000,0,0,1,1,1,1,0,1,0,0,1,0
2.358900000,0,0,0,0,0,0,0,0,0,0,0,0
2.358906000,1,1,1,1,1,1,0,1,0,0,1,0
2.358984000,1,1,1,1,1,1,0,1,0,0,1,1
2.359484000,1,1,1,1,1,1,0,1,0,0,1,0
2.359900000,0,0,0,0,0,0,0,0,0,0,0,0
2.359906000,0,1,0,1,1,0,1,1,0,0,1,0
2.359984000,0,1,0,1,1,0,1,1,0,0,1,1
2.360484000,0,1,0,1,1,0,1,1,0,0,1,0
2.360900000,0,0,0,0,0,0,0,0,0,0,0,0
2.360906000,0,1,0,1,0,0,1,1,0,0,1,0
2.360984000,0,1,0,1,0,0,1,1,0,0,1,1
2.361484000,0,1,0,1,0,0,1,1,0,0,1,0
2.361900000,0,0,0,0,0,0,0,0,0,0,0,0
2.361906000,1,1,0,1,0,0,1,1,0,0,1,0
2.361984000,1,1,0,1,0,0,1,1,0,0,1,1
2.362484000,1,1,0,1,0,0,1,1,0,0,1,0
2.362900000,0,0,0,0,0,0,0,0,0,0,0,0
2.362906000,0,0,0,1,1,0,1,1,0,0,1,0
2.362984000,0,0,0,1,1,0,1,1,0,0,1,1
2.363484000,0,0,0,1,1,0,1,1,0,0,1,0
2.363900000,0,0,0,0,0,0,0,0,0,0,0,0
2.363906000,0,1,1,1,1,1,0,1,0,0,1,0
2.363984000,0,1,1,1,1,1,0,1,0,0,1,1
2.364484000,0,1,1,1,1,1,0,1,0,0,1,0
2.364900000,0,0,0,0,0,0,0,0,0,0,0,0
2.364905000,0,0,0,0,0,0,1,0,0,0,0,0
2.364906000,0,1,0,1,1,0,1,1,0,0,1,0
2.364984000,0,1,0,1,1,0,1,1,0,0,1,1
2.365484000,0,1,0,1,1,0,1,1,0,0,1,0
2.365900000,0,0,0,0,0,0,0,0,0,0,0,0
2.365905000,0,0,0,0,0,0,1,1,0,0,0,0
2.365906000,1,0,0,0,1,0,1,1,0,0,1,0
2.365984000,1,0,0,0,1,0,1,1,0,0,1,1
2.366484000,1,0,0,0,1,0,1,1,0,0,1,0
2.366900000,0,0,0,0,0,0,0,0,0,0,0,0
2.366905000,0,0,1,1,0,0,1,1,0,0,1,0
2.366984000,0,0,1,1,0,0,1,1,0,0,1,1
2.367484000,0,0,1,1,0,0,1,1,0,0,1,0
2.367900000,0,0,0,0,0,0,0,0,0,0,0,0
2.367905000,0,0,1,0,1,1,0,1,0,0,0,0
2.367906000,1,1,1,0,1,1,0,1,0,0,1,0
2.367984000,1,1,1,0,1,1,0,1,0,0,1,1
2.368484000,1,1,1,0,1,1,0,1,0,0,1,0
2.368900000,0,0,0,0,0,0,0,0,0,0,0,0
2.368905000,0,1,0,1,0,0,1,1,0,0,1,0
2.368984000,0,1,0,1,0,0,1,1,0,0,1,1
2.369484000,0,1,0,1,0,0,1,1,0,0,1,0
2.369900000,0,0,0,0,0,0,0,0,0,0,0,0
2.369905000,1,1,0,0,1,0,1,1,0,0,1,0
2.369984000,1,1,0,0,1,0,1,1,0,0,1,1
2.370484000,1,1,0,0,1,0,1,1,0,0,1,0
2.370900000,0,0,0,0,0,0,0,0,0,0,0,0
2.370905000,0,0,1,0,0,0,1,1,0,0,1,0
2.370984000,0,0,1,0,0,0,1,1,0,0,1,1
2.371484000,0,0,1,0,0,0,1,1,0,0,1,0
2.371900000,0,0,0,0,0,0,0,0,0,0,0,0
2.371905000,1,1,0,1,1,1,0,1,0,0,1,0
2.371984000,1,1,0,1,1,1,0,1,0,0,1,1
2.372484000,1,1,0,1,1,1,0,1,0,0,1,0
2.372900000,0,0,0,0,0,0,0,0,0,0,0,0
2.372905000,1,1,1,0,1,0,1,1,0,0,1,0
2.372984000,1,1,1,0,1,0,1,1,0,0,1,1
2.373484000,1,1,1,0,1,0,1,1,0,0,1,0
2.373900000,0,0,0,0,0,0,0,0,0,0,0,0
2.373905000,1,1,1,1,1,1,0,1,0,0,1,0
2.373984000,1,1,1,1,1,1,0,1,0,0,1,1
2.374484000,1,1,1,1,1,1,0,1,0,0,1,0
2.374900000,0,0,0,0,0,0,0,0,0,0,0,0
2.374905000,0,0,1,0,1,0,1,1,0,0,1,0
2.374984000,0,0,1,0,1,0,1,1,0,0,1,1
2.375484000,0,0,1,0,1,0,1,1,0,0,1,0
2.375900000,0,0,0,0,0,0,0,0,0,0,0,0
2.375905000,1,0,1,1,1,1,0,1,0,0,1,0
2.375984000,1,0,1,1,1,1,0,1,0,0,1,1
2.376484000,1,0,1,1,1,1,0,1,0,0,1,0
2.376900000,0,0,0,0,0,0,0,0,0,0,0,0
2.376905000,1,1,1,1,1,1,0,1,0,0,1,0
2.376984000,1,1,1,1,1,1,0,1,0,0,1,1
2.377484000,1,1,1,1,1,1,0,1,0,0,1,0
2.377900000,0,0,0,0,0,0,0,0,0,0,0,0
2.377905000,0,0,0,1,1,1,0,1,0,0,1,0
2.377984000,0,0,0,1,1,1,0,1,0,0,1,1
2.378484000,0,0,0,1,1,1,0,1,0,0,1,0
2.378900000,0,0,0,0,0,0,0,0,0,0,0,0
2.378905000,1,1,0,1,0,0,1,1,0,0,1,0
2.378984000,1,1,0,1,0,0,1,1,0,0,1,1
2.379484000,1,1,0,1,0,0,1,1,0,0,1,0
2.379900000,0,0,0,0,0,0,0,0,0,0,0,0
2.379905000,0,0,0,0,1,0,1,1,0,0,1,0
2.379984000,0,0,0,0,1,0,1,1,0,0,1,1
2.380484000,0,0,0,0,1,0,1,1,0,0,1,0
2.380900000,0,0,0,0,0,0,0,0,0,0,0,0
2.380905000,0,0,1,0,0,0,1,1,0,0,1,0
2.380984000,0,0,1,0,0,0,1,1,0,0,1,1
2.381484000,0,0,1,0,0,0,1,1,0,0,1,0
2.381900000,0,0,0,0,0,0,0,0,0,0,0,0
2.381905000,1,1,0,1,1,1,0,1,0,0,1,0
2.381984000,1,1,0,1,1,1,0,1,0,0,1,1
2.382484000,1,1,0,1,1,1,0,1,0,0,1,0
2.382900000,0,0,0,0,0,0,0,0,0,0,0,0
2.382905000,1,0,1,1,1,0,1,1,0,0,1,0
2.382984000,1,0,1,1,1,0,1,1,0,0,1,1
2.383484000,1,0,1,1,1,0,1,1,0,0,1,0
2.383900000,0,0,0,0,0,0,0,0,0,0,0,0
2.383905000,0,0,1,1,0,0,1,1,0,0,1,0
2.383984000,0,0,1,1,0,0,1,1,0,0,1,1
2.384484000,0,0,1,1,0,0,1,1,0,0,1,0
2.384900000,0,0,0,0,0,0,0,0,0,0,0,0
2.384905000,1,1,0,0,1,0,1,1,0,0,1,0
2.384984000,1,1,0,0,1,0,1,1,0,0,1,1
2.385484000,1,1,0,0,1,0,1,1,0,0,1,0
2.385900000,0,0,0,0,0,0,0,0,0,0,0,0
2.385905000,0,0,0,0,1,0,1,1,0,0,1,0
2.385984000,0,0,0,0,1,0,1,1,0,0,1,1
2.386484000,0,0,0,0,1,0,1,1,0,0,1,0
2.386900000,0,0,0,0,0,0,0,0,0,0,0,0
2.386905000,1,1,1,0,1,1,0,1,0,0,1,0
2.386984000,1,1,1,0,1,1,0,1,0,0,1,1
2.387484000,1,1,1,0,1,1,0,1,0,0,1,0
2.387900000,0,0,0,0,0,0,0,0,0,0,0,0
2.387905000,0,0,1,1,1,1,0,1,0,0,1,0
2.387984000,0,0,1,1,1,1,0,1,0,0,1,1
2.388484000,0,0,1,1,1,1,0,1,0,0,1,0
2.388900000,0,0,0,0,0,0,0,0,0,0,0,0
2.388905000,1,1,1,1,0,0,1,1,0,0,1,0
2.388984000,1,1,1,1,0,0,1,1,0,0,1,1
2.389484000,1,1,1,1,0,0,1,1,0,0,1,0
2.389900000,0,0,0,0,0,0,0,0,0,0,0,0
2.389905000,1,1,1,1,1,1,0,1,0,0,1,0
2.389984000,1,1,1,1,1,1,0,1,0,0,1,1
2.390484000,1,1,1,1,1,1,0,1,0,0,1,0
2.390900000,0,0,0,0,0,0,0,0,0,0,0,0
2.390905000,1,1,1,1,1,1,0,1,0,0,1,0
2.390984000,1,1,1,1,1,1,0,1,0,0,1,1
2.391484000,1,1,1,1,1,1,0,1,0,0,1,0
2.391900000,0,0,0,0,0,0,0,0,0,0,0,0
2.391905000,1,0,1,0,0,0,1,1,0,0,1,0
2.391984000,1,0,1,0,0,0,1,1,0,0,1,1
2.392484000,1,0,1,0,0,0,1,1,0,0,1,0
2.392900000,0,0,0,0,0,0,0,0,0,0,0,0
2.392905000,0,0,1,0,0,0,1,1,0,0,1,0
2.392984000,0,0,1,0,0,0,1,1,0,0,1,1
2.393484000,0,0,1,0,0,0,1,1,0,0,1,0
2.393900000,0,0,0,0,0,0,0,0,0,0,0,0
2.393905000,0,0,0,0,1,0,1,1,0,0,1,0
2.393984000,0,0,0,0,1,0,1,1,0,0,1,1
2.394484000,0,0,0,0,1,0,1,1,0,0,1,0
2.394900000,0,0,0,0,0,0,0,0,0,0,0,0
2.394905000,1,1,1,1,1,1,0,1,0,0,1,0
2.394984000,1,1,1,1,1,1,0,1,0,0,1,1
2.395484000,1,1,1,1,1,1,0,1,0,0,1,0
2.395900000,0,0,0,0,0,0,0,0,0,0,0,0
2.395905000,1,0,0,1,0,0,1,1,0,0,1,0
2.395984000,1,0,0,1,0,0,1,1,0,0,1,1
2.396484000,1,0,0,1,0,0,1,1,0,0,1,0
2.396900000,0,0,0,0,0,0,0,0,0,0,0,0
2.396905000,0,1,0,0,1,0,1,1,0,0,1,0
2.396984000,0,1,0,0,1,0,1,1,0,0,1,1
2.397484000,0,1,0,0,1,0,1,1,0,0,1,0
2.397900000,0,0,0,0,0,0,0,0,0,0,0,0
2.397905000,0,0,0,0,1,0,1,1,0,0,1,0
2.397984000,0,0,0,0,1,0,1,1,0,0,1,1
2.398484000,0,0,0,0,1,0,1,1,0,0,1,0
2.398900000,0,0,0,0,0,0,0,0,0,0,0,0
2.398905000,1,0,0,1,0,0,1,1,0,0,1,0
2.398984000,1,0,0,1,0,0,1,1,0,0,1,1
2.399484000,1,0,0,1,0,0,1,1,0,0,1,0
2.399900000,0,0,0,0,0,0,0,0,0,0,0,0
2.399905000,1,1,1,0,0,0,1,1,0,0,1,0
2.399983000,1,1,1,0,0,0,1,1,0,0,1,1
2.400483000,1,1,1,0,0,0,1,1,0,0,1,0
2.400900000,0,0,0,0,0,0,0,0,0,0,0,0
2.400905000,0,1,0,1,0,0,1,1,0,0,1,0
2.400983000,0,1,0,1,0,0,1,1,0,0,1,1
2.401483000,0,1,0,1,0,0,1,1,0,0,1,0
2.401900000,0,0,0,0,0,0,0,0,0,0,0,0
2.401905000,0,1,1,0,0,0,1,1,0,0,1,0
2.401983000,0,1,1,0,0,0,1,1,0,0,1,1
2.402483000,0,1,1,0,0,0,1,1,0,0,1,0
2.402900000,0,0,0,0,0,0,0,0,0,0,0,0
2.402905000,0,1,1,0,1,0,1,1,0,0,1,0
2.402983000,0,1,1,0,1,0,1,1,0,0,1,1
2.403483000,0,1,1,0,1,0,1,1,0,0,1,0
2.403900000,0,0,0,0,0,0,0,0,0,0,0,0
2.403905000,1,1,1,1,1,1,0,1,0,0,1,0
2.403983000,1,1,1,1,1,1,0,1,0,0,1,1
2.404483000,1,1,1,1,1,1,0,1,0,0,1,0
2.404900000,0,0,0,0,0,0,0,0,0,0,0,0
2.404905000,0,0,1,0,1,0,1,1,0,0,1,0
2.404983000,0,0,1,0,1,0,1,1,0,0,1,1
2.405483000,0,0,1,0,1,0,1,1,0,0,1,0
2.405900000,0,0,0,0,0,0,0,0,0,0,0,0
2.405905000,1,1,1,1,1,1,0,1,0,0,1,0
2.405983000,1,1,1,1,1,1,0,1,0,0,1,1
2.406483000,1,1,1,1,1,1,0,1,0,0,1,0
2.406900000,0,0,0,0,0,0,0,0,0,0,0,0
2.406905000,0,1,1,1,1,1,0,1,0,0,1,0
2.406983000,0,1,1,1,1,1,0,1,0,0,1,1
2.407483000,0,1,1,1,1,1,0,1,0,0,1,0
2.407900000,0,0,0,0,0,0,0,0,0,0,0,0
2.407905000,1,1,1,0,1,1,0,1,0,0,1,0
2.407983000,1,1,1,0,1,1,0,1,0,0,1,1
2.408483000,1,1,1,0,1,1,0,1,0,0,1,0
2.408900000,0,0,0,0,0,0,0,0,0,0,0,0
2.408905000,0,1,1,1,1,1,0,1,0,0,1,0
2.408983000,0,1,1,1,1,1,0,1,0,0,1,1
2.409483000,0,1,1,1,1,1,0,1,0,0,1,0
2.409900000,0,0,0,0,0,0,0,0,0,0,0,0
2.409905000,1,1,0,1,1,1,0,1,0,0,1,0
2.409983000,1,1,0,1,1,1,0,1,0,0,1,1
2.410483000,1,1,0,1,1,1,0,1,0,0,1,0
2.410900000,0,0,0,0,0,0,0,0,0,0,0,0
2.410905000,0,0,1,0,1,0,1,1,0,0,1,0
2.410983000,0,0,1,0,1,0,1,1,0,0,1,1
2.411483000,0,0,1,0,1,0,1,1,0,0,1,0
2.411900000,0,0,0,0,0,0,0,0,0,0,0,0
2.411905000,1,1,0,1,0,0,1,1,0,0,1,0
2.411983000,1,1,0,1,0,0,1,1,0,0,1,1
2.412483000,1,1,0,1,0,0,1,1,0,0,1,0
2.412900000,0,0,0,0,0,0,0,0,0,0,0,0
2.412905000,1,1,1,0,0,0,1,1,0,0,1,0
2.412983000,1,1,1,0,0,0,1,1,0,0,1,1
2.413483000,1,1,1,0,0,0,1,1,0,0,1,0
2.413900000,0,0,0,0,0,0,0,0,0,0,0,0
2.413905000,0,1,1,1,0,1,0,1,0,0,1,0
2.413983000,0,1,1,1,0,1,0,1,0,0,1,1
2.414483000,0,1,1,1,0,1,0,1,0,0,1,0
2.414900000,0,0,0,0,0,0,0,0,0,0,0,0
2.414905000,1,0,0,0,1,0,1,1,0,0,1,0
2.414983000,1,0,0,0,1,0,1,1,0,0,1,1
2.415483000,1,0,0,0,1,0,1,1,0,0,1,0
2.415900000,0,0,0,0,0,0,0,0,0,0,0,0
2.415905000,0,1,0,0,1,0,1,1,0,0,1,0
2.415983000,0,1,0,0,1,0,1,1,0,0,1,1
2.416483000,0,1,0,0,1,0,1,1,0,0,1,0
2.416900000,0,0,0,0,0,0,0,0,0,0,0,0
2.416905000,0,0,0,1,1,1,0,1,0,0,1,0
2.416983000,0,0,0,1,1,1,0,1,0,0,1,1
2.417483000,0,0,0,1,1,1,0,1,0,0,1,0
2.417900000,0,0,0,0,0,0,0,0,0,0,0,0
2.417905000,1,1,0,1,1,1,0,1,0,0,1,0
2.417983000,1,1,0,1,1,1,0,1,0,0,1,1
2.418483000,1,1,0,1,1,1,0,1,0,0,1,0
2.418900000,0,0,0,0,0,0,0,0,0,0,0,0
2.418905000,1,1,1,1,1,1,0,1,0,0,1,0
2.418983000,1,1,1,1,1,1,0,1,0,0,1,1
2.419483000,1,1,1,1,1,1,0,1,0,0,1,0
2.419900000,0,0,0,0,0,0,0,0,0,0,0,0
2.419905000,0,1,0,0,0,0,1,1,0,0,1,0
2.419983000,0,1,0,0,0,0,1,1,0,0,1,1
2.420483000,0,1,0,0,0,0,1,1,0,0,1,0
2.420900000,0,0,0,0,0,0,0,0,0,0,0,0
2.420905000,0,1,1,1,1,1,0,1,0,0,1,0
2.420983000,0,1,1,1,1,1,0,1,0,0,1,1
2.421483000,0,1,1,1,1,1,0,1,0,0,1,0
2.421900000,0,0,0,0,0,0,0,0,0,0,0,0
2.421905000,0,0,0,0,1,0,1,1,0,0,1,0
2.421983000,0,0,0,0,1,0,1,1,0,0,1,1
2.422483000,0,0,0,0,1,0,1,1,0,0,1,0
2.422900000,0,0,0,0,0,0,0,0,0,0,0,0
2.422905000,1,1,1,1,1,1,0,1,0,0,1,0
2.422983000,1,1,1,1,1,1,0,1,0,0,1,1
2.423483000,1,1,1,1,1,1,0,1,0,0,1,0
2.423900000,0,0,0,0,0,0,0,0,0,0,0,0
2.423905000,0,0,0,0,1,0,1,1,0,0,1,0
2.423983000,0,0,0,0,1,0,1,1,0,0,1,1
2.424483000,0,0,0,0,1,0,1,1,0,0,1,0
2.424900000,0,0,0,0,0,0,0,0,0,0,0,0
2.424905000,1,0,1,0,0,0,1,1,0,0,1,0
2.424983000,1,0,1,0,0,0,1,1,0,0,1,1
2.425483000,1,0,1,0,0,0,1,1,0,0,1,0
2.425900000,0,0,0,0,0,0,0,0,0,0,0,0
2.425905000,0,0,1,1,1,1,0,1,0,0,1,0
2.425983000,0,0,1,1,1,1,0,1,0,0,1,1
2.426483000,0,0,1,1,1,1,0,1,0,0,1,0
2.426900000,0,0,0,0,0,0,0,0,0,0,0,0
2.426905000,0,0,1,0,0,0,1,1,0,0,1,0
2.426983000,0,0,1,0,0,0,1,1,0,0,1,1
2.427483000,0,0,1,0,0,0,1,1,0,0,1,0
2.427900000,0,0,0,0,0,0,0,0,0,0,0,0
2.427905000,1,0,0,0,1,0,1,1,0,0,1,0
2.427983000,1,0,0,0,1,0,1,1,0,0,1,1
2.428483000,1,0,0,0,1,0,1,1,0,0,1,0
2.428900000,0,0,0,0,0,0,0,0,0,0,0,0
2.428905000,1,1,0,1,0,0,1,1,0,0,1,0
2.428983000,1,1,0,1,0,0,1,1,0,0,1,1
2.429483000,1,1,0,1,0,0,1,1,0,0,1,0
2.429900000,0,0,0,0,0,0,0,0,0,0,0,0
2.429905000,1,1,1,1,1,1,0,1,0,0,1,0
2.429983000,1,1,1,1,1,1,0,1,0,0,1,1
2.430483000,1,1,1,1,1,1,0,1,0,0,1,0
2.430900000,0,0,0,0,0,0,0,0,0,0,0,0
2.430905000,0,1,0,0,1,0,1,1,0,0,1,0
2.430983000,0,1,0,0,1,0,1,1,0,0,1,1
2.431483000,0,1,0,0,1,0,1,1,0,0,1,0
2.431900000,0,0,0,0,0,0,0,0,0,0,0,0
2.431905000,0,0,1,0,0,0,1,1,0,0,1,0
2.431983000,0,0,1,0,0,0,1,1,0,0,1,1
2.432483000,0,0,1,0,0,0,1,1,0,0,1,0
2.432900000,0,0,0,0,0,0,0,0,0,0,0,0
2.432905000,1,0,1,1,1,1,0,1,0,0,1,0
2.432983000,1,0,1,1,1,1,0,1,0,0,1,1
2.433483000,1,0,1,1,1,1,0,1,0,0,1,0
2.433900000,0,0,0,0,0,0,0,0,0,0,0,0
2.433905000,1,0,0,0,1,0,1,1,0,0,1,0
2.433983000,1,0,0,0,1,0,1,1,0,0,1,1
2.434483000,1,0,0,0,1,0,1,1,0,0,1,0
2.434900000,0,0,0,0,0,0,0,0,0,0,0,0
2.434905000,0,0,0,0,1,0,1,1,0,0,1,0
2.434983000,0,0,0,0,1,0,1,1,0,0,1,1
2.435483000,0,0,0,0,1,0,1,1,0,0,1,0
2.435900000,0,0,0,0,0,0,0,0,0,0,0,0
2.435905000,0,1,1,0,1,0,1,1,0,0,1,0
2.435983000,0,1,1,0,1,0,1,1,0,0,1,1
2.436483000,0,1,1,0,1,0,1,1,0,0,1,0
2.436900000,0,0,0,0,0,0,0,0,0,0,0,0
2.436905000,0,1,1,0,1,0,1,1,0,0,1,0
2.436983000,0,1,1,0,1,0,1,1,0,0,1,1
2.437483000,0,1,1,0,1,0,1,1,0,0,1,0
2.437900000,0,0,0,0,0,0,0,0,0,0,0,0
2.437905000,1,1,1,1,0,0,1,1,0,0,1,0
2.437983000,1,1,1,1,0,0,1,1,0,0,1,1
2.438483000,1,1,1,1,0,0,1,1,0,0,1,0
2.438900000,0,0,0,0,0,0,0,0,0,0,0,0
2.438905000,1,1,1,1,1,1,0,1,0,0,1,0
2.438983000,1,1,1,1,1,1,0,1,0,0,1,1
2.439483000,1,1,1,1,1,1,0,1,0,0,1,0
2.439900000,0,0,0,0,0,0,0,0,0,0,0,0
2.439905000,0,0,0,0,1,0,1,1,0,0,1,0
2.439983000,0,0,0,0,1,0,1,1,0,0,1,1
2.440483000,0,0,0,0,1,0,1,1,0,0,1,0
2.440900000,0,0,0,0,0,0,0,0,0,0,0,0
2.440905000,1,0,0,0,0,0,1,1,0,0,1,0
2.440983000,1,0,0,0,0,0,1,1,0,0,1,1
2.441483000,1,0,0,0,0,0,1,1,0,0,1,0
2.441900000,0,0,0,0,0,0,0,0,0,0,0,0
2.441905000,0,0,1,0,0,0,1,1,0,0,1,0
2.441983000,0,0,1,0,0,0,1,1,0,0,1,1
2.442483000,0,0,1,0,0,0,1,1,0,0,1,0
2.442900000,0,0,0,0,0,0,0,0,0,0,0,0
2.442905000,1,1,1,1,1,1,0,1,0,0,1,0
2.442983000,1,1,1,1,1,1,0,1,0,0,1,1
2.443483000,1,1,1,1,1,1,0,1,0,0,1,0
2.443900000,0,0,0,0,0,0,0,0,0,0,0,0
2.443905000,0,0,0,1,0,0,1,1,0,0,1,0
2.443983000,0,0,0,1,0,0,1,1,0,0,1,1
2.444483000,0,0,0,1,0,0,1,1,0,0,1,0
2.444900000,0,0,0,0,0,0,0,0,0,0,0,0
2.444905000,0,1,1,1,0,0,1,1,0,0,1,0
2.444983000,0,1,1,1,0,0,1,1,0,0,1,1
2.445483000,0,1,1,1,0,0,1,1,0,0,1,0
2.445900000,0,0,0,0,0,0,0,0,0,0,0,0
2.445905000,0,0,1,0,0,0,1,1,0,0,1,0
2.445983000,0,0,1,0,0,0,1,1,0,0,1,1
2.446483000,0,0,1,0,0,0,1,1,0,0,1,0
2.446900000,0,0,0,0,0,0,0,0,0,0,0,0
2.446905000,0,1,0,1,0,0,1,1,0,0,1,0
2.446983000,0,1,0,1,0,0,1,1,0,0,1,1
2.447483000,0,1,0,1,0,0,1,1,0,0,1,0
2.447900000,0,0,0,0,0,0,0,0,0,0,0,0
2.447905000,0,0,0,0,0,0,1,1,0,0,1,0
2.447983000,0,0,0,0,0,0,1,1,0,0,1,1
2.448483000,0,0,0,0,0,0,1,1,0,0,1,0
2.448900000,0,0,0,0,0,0,0,0,0,0,0,0
2.448905000,0,0,1,1,0,0,1,1,0,0,1,0
2.448983000,0,0,1,1,0,0,1,1,0,0,1,1
2.449483000,0,0,1,1,0,0,1,1,0,0,1,0
2.449900000,0,0,0,0,0,0,0,0,0,0,0,0
2.449905000,1,1,1,1,1,1,0,1,0,0,1,0
2.449983000,1,1,1,1,1,1,0,1,0,0,1,1
2.450483000,1,1,1,1,1,1,0,1,0,0,1,0
2.450900000,0,0,0,0,0,0,0,0,0,0,0,0
2.450905000,1,0,1,0,0,0,1,1,0,0,1,0
2.450983000,1,0,1,0,0,0,1,1,0,0,1,1
2.451483000,1,0,1,0,0,0,1,1,0,0,1,0
2.451900000,0,0,0,0,0,0,0,0,0,0,0,0
2.451905000,0,1,1,1,1,1,0,1,0,0,1,0
2.451983000,0,1,1,1,1,1,0,1,0,0,1,1
2.452483000,0,1,1,1,1,1,0,1,0,0,1,0
2.452900000,0,0,0,0,0,0,0,0,0,0,0,0
2.452905000,1,1,1,1,1,1,0,1,0,0,1,0
2.452983000,1,1,1,1,1,1,0,1,0,0,1,1
2.453483000,1,1,1,1,1,1,0,1,0,0,1,0
2.453900000,0,0,0,0,0,0,0,0,0,0,0,0
2.453905000,1,1,0,1,0,0,1,1,0,0,1,0
2.453983000,1,1,0,1,0,0,1,1,0,0,1,1
2.454483000,1,1,0,1,0,0,1,1,0,0,1,0
2.454900000,0,0,0,0,0,0,0,0,0,0,0,0
2.454905000,1,1,1,0,0,0,1,1,0,0,1,0
2.454983000,1,1,1,0,0,0,1,1,0,0,1,1
2.455483000,1,1,1,0,0,0,1,1,0,0,1,0
2.455900000,0,0,0,0,0,0,0,0,0,0,0,0
2.455905000,1,1,1,1,1,1,0,1,0,0,1,0
2.455983000,1,1,1,1,1,1,0,1,0,0,1,1
2.456483000,1,1,1,1,1,1,0,1,0,0,1,0
2.456900000,0,0,0,0,0,0,0,0,0,0,0,0
2.456905000,1,1,1,1,1,1,0,1,0,0,1,0
2.456983000,1,1,1,1,1,1,0,1,0,0,1,1
2.457483000,1,1,1,1,1,1,0,1,0,0,1,0
2.457900000,0,0,0,0,0,0,0,0,0,0,0,0
2.457905000,1,1,1,1,1,1,0,1,0,0,1,0
2.457983000,1,1,1,1,1,1,0,1,0,0,1,1
2.458483000,1,1,1,1,1,1,0,1,0,0,1,0
2.458900000,0,0,0,0,0,0,0,0,0,0,0,0
2.458905000,1,1,1,0,0,0,1,1,0,0,1,0
2.458983000,1,1,1,0,0,0,1,1,0,0,1,1
2.459483000,1,1,1,0,0,0,1,1,0,0,1,0
2.459900000,0,0,0,0,0,0,0,0,0,0,0,0
2.459905000,0,1,0,0,0,0,1,1,0,0,1,0
2.459983000,0,1,0,0,0,0,1,1,0,0,1,1
2.460483000,0,1,0,0,0,0,1,1,0,0,1,0
2.460900000,0,0,0,0,0,0,0,0,0,0,0,0
2.460905000,1,1,0,0,1,0,1,1,0,0,1,0
2.460983000,1,1,0,0,1,0,1,1,0,0,1,1
2.461483000,1,1,0,0,1,0,1,1,0,0,1,0
2.461900000,0,0,0,0,0,0,0,0,0,0,0,0
2.461905000,0,0,0,1,0,0,1,1,0,0,1,0
2.461983000,0,0,0,1,0,0,1,1,0,0,1,1
2.462483000,0,0,0,1,0,0,1,1,0,0,1,0
2.462900000,0,0,0,0,0,0,0,0,0,0,0,0
2.462905000,0,0,0,0,1,0,1,1,0,0,1,0
2.462983000,0,0,0,0,1,0,1,1,0,0,1,1
2.463483000,0,0,0,0,1,0,1,1,0,0,1,0
2.463900000,0,0,0,0,0,0,0,0,0,0,0,0
2.463905000,1,0,1,0,0,0,1,1,0,0,1,0
2.463983000,1,0,1,0,0,0,1,1,0,0,1,1
2.464483000,1,0,1,0,0,0,1,1,0,0,1,0
2.464900000,0,0,0,0,0,0,0,0,0,0,0,0
2.464905000,1,1,1,1,1,1,0,1,0,0,1,0
2.464983000,1,1,1,1,1,1,0,1,0,0,1,1
2.465483000,1,1,1,1,1,1,0,1,0,0,1,0
2.465900000,0,0,0,0,0,0,0,0,0,0,0,0
2.465905000,1,1,0,1,0,0,1,1,0,0,1,0
2.465983000,1,1,0,1,0,0,1,1,0,0,1,1
2.466483000,1,1,0,1,0,0,1,1,0,0,1,0
2.466900000,0,0,0,0,0,0,0,0,0,0,0,0
2.466905000,1,1,0,0,0,0,1,1,0,0,1,0
2.466983000,1,1,0,0,0,0,1,1,0,0,1,1
2.467483000,1,1,0,0,0,0,1,1,0,0,1,0
2.467900000,0,0,0,0,0,0,0,0,0,0,0,0
2.467905000,1,1,1,1,1,1,0,1,0,0,1,0
2.467983000,1,1,1,1,1,1,0,1,0,0,1,1
2.468483000,1,1,1,1,1,1,0,1,0,0,1,0
2.468900000,0,0,0,0,0,0,0,0,0,0,0,0
2.468905000,1,1,1,1,1,1,0,1,0,0,1,0
2.468983000,1,1,1,1,1,1,0,1,0,0,1,1
2.469483000,1,1,1,1,1,1,0,1,0,0,1,0
2.469900000,0,0,0,0,0,0,0,0,0,0,0,0
2.469905000,0,0,0,0,1,0,1,1,0,0,1,0
2.469983000,0,0,0,0,1,0,1,1,0,0,1,1
2.470483000,0,0,0,0,1,0,1,1,0,0,1,0
2.470900000,0,0,0,0,0,0,0,0,0,0,0,0
2.470905000,0,1,0,0,1,0,1,1,0,0,1,0
2.470983000,0,1,0,0,1,0,1,1,0,0,1,1
2.471483000,0,1,0,0,1,0,1,1,0,0,1,0
2.471900000,0,0,0,0,0,0,0,0,0,0,0,0
2.471905000,0,0,1,0,0,0,1,1,0,0,1,0
2.471983000,0,0,1,0,0,0,1,1,0,0,1,1
2.472483000,0,0,1,0,0,0,1,1,0,0,1,0
2.472900000,0,0,0,0,0,0,0,0,0,0,0,0
2.472905000,1,1,1,0,0,0,1,1,0,0,1,0
2.472983000,1,1,1,0,0,0,1,1,0,0,1,1
2.473483000,1,1,1,0,0,0,1,1,0,0,1,0
2.473900000,0,0,0,0,0,0,0,0,0,0,0,0
2.473905000,0,1,0,1,0,0,1,1,0,0,1,0
2.473983000,0,1,0,1,0,0,1,1,0,0,1,1
2.474483000,0,1,0,1,0,0,1,1,0,0,1,0
2.474900000,0,0,0,0,0,0,0,0,0,0,0,0
2.474905000,1,1,1,1,1,1,0,1,0,0,1,0
2.474983000,1,1,1,1,1,1,0,1,0,0,1,1
2.475483000,1,1,1,1,1,1,0,1,0,0,1,0
2.475900000,0,0,0,0,0,0,0,0,0,0,0,0
2.475905000,0,0,1,0,0,0,1,1,0,0,1,0
2.475983000,0,0,1,0,0,0,1,1,0,0,1,1
2.476483000,0,0,1,0,0,0,1,1,0,0,1,0
2.476900000,0,0,0,0,0,0,0,0,0,0,0,0
2.476905000,1,0,0,0,0,0,1,1,0,0,1,0
2.476983000,1,0,0,0,0,0,1,1,0,0,1,1
2.477483000,1,0,0,0,0,0,1,1,0,0,1,0
2.477900000,0,0,0,0,0,0,0,0,0,0,0,0
2.477905000,1,1,1,1,1,1,0,1,0,0,1,0
2.477983000,1,1,1,1,1,1,0,1,0,0,1,1
2.478483000,1,1,1,1,1,1,0,1,0,0,1,0
2.478900000,0,0,0,0,0,0,0,0,0,0,0,0
2.478905000,1,0,1,0,1,0,1,1,0,0,1,0
2.478983000,1,0,1,0,1,0,1,1,0,0,1,1
2.479483000,1,0,1,0,1,0,1,1,0,0,1,0
2.479900000,0,0,0,0,0,0,0,0,0,0,0,0
2.479905000,0,1,0,1,1,1,0,1,0,0,1,0
2.479983000,0,1,0,1,1,1,0,1,0,0,1,1
2.480483000,0,1,0,1,1,1,0,1,0,0,1,0
2.480900000,0,0,0,0,0,0,0,0,0,0,0,0
2.480905000,0,0,1,0,1,0,1,1,0,0,1,0
2.480983000,0,0,1,0,1,0,1,1,0,0,1,1
2.481483000,0,0,1,0,1,0,1,1,0,0,1,0
2.481900000,0,0,0,0,0,0,0,0,0,0,0,0
2.481905000,1,1,1,1,1,1,0,1,0,0,1,0
2.481983000,1,1,1,1,1,1,0,1,0,0,1,1
2.482483000,1,1,1,1,1,1,0,1,0,0,1,0
2.482900000,0,0,0,0,0,0,0,0,0,0,0,0
2.482905000,1,0,1,1,0,0,1,1,0,0,1,0
2.482983000,1,0,1,1,0,0,1,1,0,0,1,1
2.483483000,1,0,1,1,0,0,1,1,0,0,1,0
2.483900000,0,0,0,0,0,0,0,0,0,0,0,0
2.483905000,1,0,0,0,0,0,1,1,0,0,1,0
2.483983000,1,0,0,0,0,0,1,1,0,0,1,1
2.484483000,1,0,0,0,0,0,1,1,0,0,1,0
2.484900000,0,0,0,0,0,0,0,0,0,0,0,0
2.484905000,1,1,1,1,1,1,0,1,0,0,1,0
2.484983000,1,1,1,1,1,1,0,1,0,0,1,1
2.485483000,1,1,1,1,1,1,0,1,0,0,1,0
2.485900000,0,0,0,0,0,0,0,0,0,0,0,0
2.485905000,1,1,1,0,1,1,0,1,0,0,1,0
2.485983000,1,1,1,0,1,1,0,1,0,0,1,1
2.486483000,1,1,1,0,1,1,0,1,0,0,1,0
2.486900000,0,0,0,0,0,0,0,0,0,0,0,0
2.486905000,1,1,1,1,1,1,0,1,0,0,1,0
2.486983000,1,1,1,1,1,1,0,1,0,0,1,1
2.487483000,1,1,1,1,1,1,0,1,0,0,1,0
2.487900000,0,0,0,0,0,0,0,0,0,0,0,0
2.487905000,1,1,1,1,1,1,0,1,0,0,1,0
2.487983000,1,1,1,1,1,1,0,1,0,0,1,1
2.488483000,1,1,1,1,1,1,0,1,0,0,1,0
2.488900000,0,0,0,0,0,0,0,0,0,0,0,0
2.488905000,0,1,0,0,0,0,1,1,0,0,1,0
2.488983000,0,1,0,0,0,0,1,1,0,0,1,1
2.489483000,0,1,0,0,0,0,1,1,0,0,1,0
2.489900000,0,0,0,0,0,0,0,0,0,0,0,0
2.489905000,0,1,1,1,1,1,0,1,0,0,1,0
2.489983000,0,1,1,1,1,1,0,1,0,0,1,1
2.490483000,0,1,1,1,1,1,0,1,0,0,1,0
2.490900000,0,0,0,0,0,0,0,0,0,0,0,0
2.490905000,1,0,1,1,1,0,1,1,0,0,1,0
2.490983000,1,0,1,1,1,0,1,1,0,0,1,1
2.491483000,1,0,1,1,1,0,1,1,0,0,1,0
2.491900000,0,0,0,0,0,0,0,0,0,0,0,0
2.491905000,1,1,1,0,1,1,0,1,0,0,1,0
2.491983000,1,1,1,0,1,1,0,1,0,0,1,1
2.492483000,1,1,1,0,1,1,0,1,0,0,1,0
2.492900000,0,0,0,0,0,0,0,0,0,0,0,0
2.492905000,0,0,0,1,0,0,1,1,0,0,1,0
2.492983000,0,0,0,1,0,0,1,1,0,0,1,1
2.493483000,0,0,0,1,0,0,1,1,0,0,1,0
2.493900000,0,0,0,0,0,0,0,0,0,0,0,0
2.493905000,0,0,0,0,1,0,1,1,0,0,1,0
2.493983000,0,0,0,0,1,0,1,1,0,0,1,1
2.494483000,0,0,0,0,1,0,1,1,0,0,1,0
2.494900000,0,0,0,0,0,0,0,0,0,0,0,0
2.494905000,1,0,0,0,0,0,1,1,0,0,1,0
2.494983000,1,0,0,0,0,0,1,1,0,0,1,1
2.495483000,1,0,0,0,0,0,1,1,0,0,1,0
2.495900000,0,0,0,0,0,0,0,0,0,0,0,0
2.495905000,1,1,1,1,1,1,0,1,0,0,1,0
2.495983000,1,1,1,1,1,1,0,1,0,0,1,1
2.496483000,1,1,1,1,1,1,0,1,0,0,1,0
2.496900000,0,0,0,0,0,0,0,0,0,0,0,0
2.496905000,1,0,0,1,0,0,1,1,0,0,1,0
2.496983000,1,0,0,1,0,0,1,1,0,0,1,1
2.497483000,1,0,0,1,0,0,1,1,0,0,1,0
2.497899000,1,0,0,1,0,0,1,1,0,0,0,0
2.497900000,0,0,0,0,0,0,0,0,0,0,0,0
2.497905000,0,1,0,1,0,0,1,1,0,0,1,0
2.497983000,0,1,0,1,0,0,1,1,0,0,1,1
2.498483000,0,1,0,1,0,0,1,1,0,0,1,0
2.498899000,0,1,0,1,0,0,1,1,0,0,0,0
2.498900000,0,0,0,0,0,0,0,0,0,0,0,0
2.498905000,0,1,0,1,1,1,0,1,0,0,1,0
2.498983000,0,1,0,1,1,1,0,1,0,0,1,1
2.499483000,0,1,0,1,1,1,0,1,0,0,1,0
2.499899000,0,1,0,1,1,1,0,1,0,0,0,0
2.499900000,0,0,0,0,0,0,0,0,0,0,0,0
2.499905000,1,1,1,1,1,1,0,1,0,0,1,0
2.499983000,1,1,1,1,1,1,0,1,0,0,1,1
2.500483000,1,1,1,1,1,1,0,1,0,0,1,0
2.500899000,1,1,1,1,1,1,0,1,0,0,0,0
2.500900000,0,0,0,0,0,0,0,0,0,0,0,0
2.500905000,1,1,0,0,0,0,1,1,0,0,1,0
2.500983000,1,1,0,0,0,0,1,1,0,0,1,1
2.501483000,1,1,0,0,0,0,1,1,0,0,1,0
2.501899000,1,1,0,0,0,0,1,1,0,0,0,0
2.501900000,0,0,0,0,0,0,0,0,0,0,0,0
2.501905000,1,1,1,1,0,0,1,1,0,0,1,0
2.501983000,1,1,1,1,0,0,1,1,0,0,1,1
2.502483000,1,1,1,1,0,0,1,1,0,0,1,0
2.502899000,0,1,1,1,0,0,1,1,1,1,1,0
2.502900000,0,0,0,0,0,0,0,0,0,0,0,0
2.502905000,0,1,0,1,0,0,1,1,0,0,1,0
2.502983000,0,1,0,1,0,0,1,1,0,0,1,1
2.503483000,0,1,0,1,0,0,1,1,0,0,1,0
2.503899000,0,0,0,0,0,0,0,0,0,0,0,0
2.503905000,1,0,0,1,0,0,1,1,0,0,1,0
2.503983000,1,0,0,1,0,0,1,1,0,0,1,1
2.504483000,1,0,0,1,0,0,1,1,0,0,1,0
2.504899000,0,0,0,0,0,0,0,0,0,0,0,0
2.504905000,1,1,1,1,1,1,0,1,0,0,1,0
2.504983000,1,1,1,1,1,1,0,1,0,0,1,1
2.505483000,1,1,1,1,1,1,0,1,0,0,1,0
2.505899000,0,0,0,0,0,0,0,0,0,0,0,0
2.505905000,1,0,0,0,1,0,1,1,0,0,1,0
2.505983000,1,0,0,0,1,0,1,1,0,0,1,1
2.506483000,1,0,0,0,1,0,1,1,0,0,1,0
2.506899000,0,0,0,0,0,0,0,0,0,0,0,0
2.506905000,1,0,1,0,1,0,1,1,0,0,1,0
2.506983000,1,0,1,0,1,0,1,1,0,0,1,1
2.507483000,1,0,1,0,1,0,1,1,0,0,1,0
2.507899000,0,0,0,0,0,0,0,0,0,0,0,0
2.507905000,1,0,0,0,1,0,1,1,0,0,1,0
2.507983000,1,0,0,0,1,0,1,1,0,0,1,1
2.508483000,1,0,0,0,1,0,1,1,0,0,1,0
2.508899000,0,0,0,0,0,0,0,0,0,0,0,0
2.508905000,1,1,1,1,1,1,0,1,0,0,1,0
2.508983000,1,1,1,1,1,1,0,1,0,0,1,1
2.509483000,1,1,1,1,1,1,0,1,0,0,1,0
2.509899000,0,0,0,0,0,0,0,0,0,0,0,0
2.509904000,0,0,0,0,0,0,1,1,0,0,0,0
2.509905000,0,1,1,1,0,0,1,1,0,0,1,0
2.509983000,0,1,1,1,0,0,1,1,0,0,1,1
2.510483000,0,1,1,1,0,0,1,1,0,0,1,0
2.510899000,0,0,0,0,0,0,0,0,0,0,0,0
2.510904000,0,0,0,0,0,0,1,1,0,0,1,0
2.510905000,1,1,0,0,0,0,1,1,0,0,1,0
2.510983000,1,1,0,0,0,0,1,1,0,0,1,1
2.511483000,1,1,0,0,0,0,1,1,0,0,1,0
2.511899000,0,0,0,0,0,0,0,0,0,0,0,0
2.511904000,0,0,0,1,0,0,1,1,0,0,1,0
2.511905000,1,1,0,1,0,0,1,1,0,0,1,0
2.511983000,1,1,0,1,0,0,1,1,0,0,1,1
2.512483000,1,1,0,1,0,0,1,1,0,0,1,0
2.512899000,0,0,0,0,0,0,0,0,0,0,0,0
2.512904000,0,0,1,1,1,1,0,1,0,0,0,0
2.512905000,1,1,1,1,1,1,0,1,0,0,1,0
2.512983000,1,1,1,1,1,1,0,1,0,0,1,1
2.513483000,1,1,1,1,1,1,0,1,0,0,1,0
2.513899000,0,0,0,0,0,0,0,0,0,0,0,0
2.513904000,0,1,0,0,1,0,1,1,0,0,1,0
2.513983000,0,1,0,0,1,0,1,1,0,0,1,1
2.514483000,0,1,0,0,1,0,1,1,0,0,1,0
2.514899000,0,0,0,0,0,0,0,0,0,0,0,0
2.514904000,0,1,1,1,1,1,0,1,0,0,1,0
2.514983000,0,1,1,1,1,1,0,1,0,0,1,1
2.515483000,0,1,1,1,1,1,0,1,0,0,1,0
2.515899000,0,0,0,0,0,0,0,0,0,0,0,0
2.515904000,1,1,1,1,1,1,0,1,0,0,1,0
2.515983000,1,1,1,1,1,1,0,1,0,0,1,1
2.516483000,1,1,1,1,1,1,0,1,0,0,1,0
2.516899000,0,0,0,0,0,0,0,0,0,0,0,0
2.516904000,0,1,0,0,1,0,1,1,0,0,1,0
2.516983000,0,1,0,0,1,0,1,1,0,0,1,1
2.517483000,0,1,0,0,1,0,1,1,0,0,1,0
2.517899000,0,0,0,0,0,0,0,0,0,0,0,0
2.517904000,0,0,0,0,1,0,1,1,0,0,1,0
2.517983000,0,0,0,0,1,0,1,1,0,0,1,1
2.518483000,0,0,0,0,1,0,1,1,0,0,1,0
2.518899000,0,0,0,0,0,0,0,0,0,0,0,0
2.518904000,1,1,1,1,1,1,0,1,0,0,1,0
2.518983000,1,1,1,1,1,1,0,1,0,0,1,1
2.519483000,1,1,1,1,1,1,0,1,0,0,1,0
2.519899000,0,0,0,0,0,0,0,0,0,0,0,0
2.519904000,0,1,0,1,0,0,1,1,0,0,1,0
2.519983000,0,1,0,1,0,0,1,1,0,0,1,1
2.520483000,0,1,0,1,0,0,1,1,0,0,1,0
2.520899000,0,0,0,0,0,0,0,0,0,0,0,0
2.520904000,0,1,0,1,1,1,0,1,0,0,1,0
2.520983000,0,1,0,1,1,1,0,1,0,0,1,1
2.521483000,0,1,0,1,1,1,0,1,0,0,1,0
2.521899000,0,0,0,0,0,0,0,0,0,0,0,0
2.521904000,0,0,1,0,0,0,1,1,0,0,1,0
2.521983000,0,0,1,0,0,0,1,1,0,0,1,1
2.522483000,0,0,1,0,0,0,1,1,0,0,1,0
2.522899000,0,0,0,0,0,0,0,0,0,0,0,0
2.522904000,1,1,1,0,0,0,1,1,0,0,1,0
2.522983000,1,1,1,0,0,0,1,1,0,0,1,1
2.523483000,1,1,1,0,0,0,1,1,0,0,1,0
2.523899000,0,0,0,0,0,0,0,0,0,0,0,0
2.523904000,0,1,0,0,1,0,1,1,0,0,1,0
2.523983000,0,1,0,0,1,0,1,1,0,0,1,1
2.524483000,0,1,0,0,1,0,1,1,0,0,1,0
2.524899000,0,0,0,0,0,0,0,0,0,0,0,0
2.524904000,0,0,0,1,0,0,1,1,0,0,1,0
2.524983000,0,0,0,1,0,0,1,1,0,0,1,1
2.525483000,0,0,0,1,0,0,1,1,0,0,1,0
2.525899000,0,0,0,0,0,0,0,0,0,0,0,0
2.525904000,1,1,1,0,1,0,1,1,0,0,1,0
2.525983000,1,1,1,0,1,0,1,1,0,0,1,1
2.526483000,1,1,1,0,1,0,1,1,0,0,1,0
2.526899000,0,0,0,0,0,0,0,0,0,0,0,0
2.526904000,0,0,0,1,1,0,1,1,0,0,1,0
2.526983000,0,0,0,1,1,0,1,1,0,0,1,1
2.527483000,0,0,0,1,1,0,1,1,0,0,1,0
2.527899000,0,0,0,0,0,0,0,0,0,0,0,0
2.527904000,1,1,1,1,1,1,0,1,0,0,1,0
2.527983000,1,1,1,1,1,1,0,1,0,0,1,1
2.528483000,1,1,1,1,1,1,0,1,0,0,1,0
2.528899000,0,0,0,0,0,0,0,0,0,0,0,0
2.528904000,1,0,0,0,0,0,1,1,0,0,1,0
2.528983000,1,0,0,0,0,0,1,1,0,0,1,1
2.529483000,1,0,0,0,0,0,1,1,0,0,1,0
2.529899000,0,0,0,0,0,0,0,0,0,0,0,0
2.529904000,1,1,1,1,1,1,0,1,0,0,1,0
2.529983000,1,1,1,1,1,1,0,1,0,0,1,1
2.530483000,1,1,1,1,1,1,0,1,0,0,1,0
2.530899000,0,0,0,0,0,0,0,0,0,0,0,0
2.530904000,1,1,1,1,1,1,0,1,0,0,1,0
2.530983000,1,1,1,1,1,1,0,1,0,0,1,1
2.531483000,1,1,1,1,1,1,0,1,0,0,1,0
2.531899000,0,0,0,0,0,0,0,0,0,0,0,0
2.531904000,1,1,1,0,1,1,0,1,0,0,1,0
2.531983000,1,1,1,0,1,1,0,1,0,0,1,1
2.532483000,1,1,1,0,1,1,0,1,0,0,1,0
2.532899000,0,0,0,0,0,0,0,0,0,0,0,0
2.532904000,1,1,0,1,1,1,0,1,0,0,1,0
2.532983000,1,1,0,1,1,1,0,1,0,0,1,1
2.533483000,1,1,0,1,1,1,0,1,0,0,1,0
2.533899000,0,0,0,0,0,0,0,0,0,0,0,0
2.533904000,1,1,1,1,1,1,0,1,0,0,1,0
2.533983000,1,1,1,1,1,1,0,1,0,0,1,1
2.534483000,1,1,1,1,1,1,0,1,0,0,1,0
2.534899000,0,0,0,0,0,0,0,0,0,0,0,0
2.534904000,1,1,1,1,1,1,0,1,0,0,1,0
2.534983000,1,1,1,1,1,1,0,1,0,0,1,1
2.535483000,1,1,1,1,1,1,0,1,0,0,1,0
2.535899000,0,0,0,0,0,0,0,0,0,0,0,0
2.535904000,1,0,1,0,1,0,1,1,0,0,1,0
2.535983000,1,0,1,0,1,0,1,1,0,0,1,1
2.536483000,1,0,1,0,1,0,1,1,0,0,1,0
2.536899000,0,0,0,0,0,0,0,0,0,0,0,0
2.536904000,0,0,1,0,1,0,1,1,0,0,1,0
2.536983000,0,0,1,0,1,0,1,1,0,0,1,1
2.537483000,0,0,1,0,1,0,1,1,0,0,1,0
2.537899000,0,0,0,0,0,0,0,0,0,0,0,0
2.537904000,1,1,1,1,1,1,0,1,0,0,1,0
2.537983000,1,1,1,1,1,1,0,1,0,0,1,1
2.538483000,1,1,1,1,1,1,0,1,0,0,1,0
2.538899000,0,0,0,0,0,0,0,0,0,0,0,0
2.538904000,0,0,0,1,0,0,1,1,0,0,1,0
2.538983000,0,0,0,1,0,0,1,1,0,0,1,1
2.539483000,0,0,0,1,0,0,1,1,0,0,1,0
2.539899000,0,0,0,0,0,0,0,0,0,0,0,0
2.539904000,1,0,1,0,1,0,1,1,0,0,1,0
2.539983000,1,0,1,0,1,0,1,1,0,0,1,1
2.540483000,1,0,1,0,1,0,1,1,0,0,1,0
2.540899000,0,0,0,0,0,0,0,0,0,0,0,0
2.540904000,0,0,1,1,1,1,0,1,0,0,1,0
2.540983000,0,0,1,1,1,1,0,1,0,0,1,1
2.541483000,0,0,1,1,1,1,0,1,0,0,1,0
2.541899000,0,0,0,0,0,0,0,0,0,0,0,0
2.541904000,1,0,1,0,0,0,1,1,0,0,1,0
2.541983000,1,0,1,0,0,0,1,1,0,0,1,1
2.542483000,1,0,1,0,0,0,1,1,0,0,1,0
2.542899000,0,0,0,0,0,0,0,0,0,0,0,0
2.542904000,0,1,1,1,1,1,0,1,0,0,1,0
2.542983000,0,1,1,1,1,1,0,1,0,0,1,1
2.543483000,0,1,1,1,1,1,0,1,0,0,1,0
2.543899000,0,0,0,0,0,0,0,0,0,0,0,0
2.543904000,1,0,0,1,0,0,1,1,0,0,1,0
2.543983000,1,0,0,1,0,0,1,1,0,0,1,1
2.544482000,1,0,0,1,0,0,1,1,0,0,1,0
2.544899000,0,0,0,0,0,0,0,0,0,0,0,0
2.544904000,1,1,1,1,0,0,1,1,0,0,1,0
2.544982000,1,1,1,1,0,0,1,1,0,0,1,1
2.545482000,1,1,1,1,0,0,1,1,0,0,1,0
2.545899000,0,0,0,0,0,0,0,0,0,0,0,0
2.545904000,1,0,1,1,1,1,0,1,0,0,1,0
2.545982000,1,0,1,1,1,1,0,1,0,0,1,1
2.546482000,1,0,1,1,1,1,0,1,0,0,1,0
2.546899000,0,0,0,0,0,0,0,0,0,0,0,0
2.546904000,1,0,1,0,0,0,1,1,0,0,1,0
2.546982000,1,0,1,0,0,0,1,1,0,0,1,1
2.547482000,1,0,1,0,0,0,1,1,0,0,1,0
2.547899000,0,0,0,0,0,0,0,0,0,0,0,0
2.547904000,0,0,0,0,1,0,1,1,0,0,1,0
2.547982000,0,0,0,0,1,0,1,1,0,0,1,1
2.548482000,0,0,0,0,1,0,1,1,0,0,1,0
2.548899000,0,0,0,0,0,0,0,0,0,0,0,0
2.548904000,1,1,0,1,1,1,0,1,0,0,1,0
2.548982000,1,1,0,1,1,1,0,1,0,0,1,1
2.549482000,1,1,0,1,1,1,0,1,0,0,1,0
2.549899000,0,0,0,0,0,0,0,0,0,0,0,0
2.549904000,1,1,1,1,1,1,0,1,0,0,1,0
2.549982000,1,1,1,1,1,1,0,1,0,0,1,1
2.550482000,1,1,1,1,1,1,0,1,0,0,1,0
2.550899000,0,0,0,0,0,0,0,0,0,0,0,0
2.550904000,0,1,0,0,0,0,1,1,0,0,1,0
2.550982000,0,1,0,0,0,0,1,1,0,0,1,1
2.551482000,0,1,0,0,0,0,1,1,0,0,1,0
2.551899000,0,0,0,0,0,0,0,0,0,0,0,0
2.551904000,0,1,0,0,0,0,1,1,0,0,1,0
2.551982000,0,1,0,0,0,0,1,1,0,0,1,1
2.552482000,0,1,0,0,0,0,1,1,0,0,1,0
2.552899000,0,0,0,0,0,0,0,0,0,0,0,0
2.552904000,1,1,1,1,1,1,0,1,0,0,1,0
2.552982000,1,1,1,1,1,1,0,1,0,0,1,1
2.553482000,1,1,1,1,1,1,0,1,0,0,1,0
2.553899000,0,0,0,0,0,0,0,0,0,0,0,0
2.553904000,1,1,0,1,1,1,0,1,0,0,1,0
2.553982000,1,1,0,1,1,1,0,1,0,0,1,1
2.554482000,1,1,0,1,1,1,0,1,0,0,1,0
2.554899000,0,0,0,0,0,0,0,0,0,0,0,0
2.554904000,0,0,0,1,0,0,1,1,0,0,1,0
2.554982000,0,0,0,1,0,0,1,1,0,0,1,1
2.555482000,0,0,0,1,0,0,1,1,0,0,1,0
2.555899000,0,0,0,0,0,0,0,0,0,0,0,0
2.555904000,0,1,1,1,1,1,0,1,0,0,1,0
2.555982000,0,1,1,1,1,1,0,1,0,0,1,1
2.556482000,0,1,1,1,1,1,0,1,0,0,1,0
2.556899000,0,0,0,0,0,0,0,0,0,0,0,0
2.556904000,0,0,0,1,0,0,1,1,0,0,1,0
2.556982000,0,0,0,1,0,0,1,1,0,0,1,1
2.557482000,0,0,0,1,0,0,1,1,0,0,1,0
2.557899000,0,0,0,0,0,0,0,0,0,0,0,0
2.557904000,1,1,1,1,1,1,0,1,0,0,1,0
2.557982000,1,1,1,1,1,1,0,1,0,0,1,1
2.558482000,1,1,1,1,1,1,0,1,0,0,1,0
2.558899000,0,0,0,0,0,0,0,0,0,0,0,0
2.558904000,0,0,0,1,0,0,1,1,0,0,1,0
2.558982000,0,0,0,1,0,0,1,1,0,0,1,1
2.559482000,0,0,0,1,0,0,1,1,0,0,1,0
2.559899000,0,0,0,0,0,0,0,0,0,0,0,0
2.559904000,0,0,0,0,1,0,1,1,0,0,1,0
2.559982000,0,0,0,0,1,0,1,1,0,0,1,1
2.560482000,0,0,0,0,1,0,1,1,0,0,1,0
2.560899000,0,0,0,0,0,0,0,0,0,0,0,0
2.560904000,1,0,0,1,1,1,0,1,0,0,1,0
2.560982000,1,0,0,1,1,1,0,1,0,0,1,1
2.561482000,1,0,0,1,1,1,0,1,0,0,1,0
2.561899000,0,0,0,0,0,0,0,0,0,0,0,0
2.561904000,1,1,1,1,1,1,0,1,0,0,1,0
2.561982000,1,1,1,1,1,1,0,1,0,0,1,1
2.562482000,1,1,1,1,1,1,0,1,0,0,1,0
2.562899000,0,0,0,0,0,0,0,0,0,0,0,0
2.562904000,0,0,1,1,0,0,1,1,0,0,1,0
2.562982000,0,0,1,1,0,0,1,1,0,0,1,1
2.563482000,0,0,1,1,0,0,1,1,0,0,1,0
2.563899000,0,0,0,0,0,0,0,0,0,0,0,0
2.563904000,0,1,0,1,0,0,1,1,0,0,1,0
2.563982000,0,1,0,1,0,0,1,1,0,0,1,1
2.564482000,0,1,0,1,0,0,1,1,0,0,1,0
2.564899000,0,0,0,0,0,0,0,0,0,0,0,0
2.564904000,1,1,1,0,1,1,0,1,0,0,1,0
2.564982000,1,1,1,0,1,1,0,1,0,0,1,1
2.565482000,1,1,1,0,1,1,0,1,0,0,1,0
2.565899000,0,0,0,0,0,0,0,0,0,0,0,0
2.565904000,0,1,1,0,0,0,1,1,0,0,1,0
2.565982000,0,1,1,0,0,0,1,1,0,0,1,1
2.566482000,0,1,1,0,0,0,1,1,0,0,1,0
2.566899000,0,0,0,0,0,0,0,0,0,0,0,0
2.566904000,0,0,0,0,1,0,1,1,0,0,1,0
2.566982000,0,0,0,0,1,0,1,1,0,0,1,1
2.567482000,0,0,0,0,1,0,1,1,0,0,1,0
2.567899000,0,0,0,0,0,0,0,0,0,0,0,0
2.567904000,1,1,1,1,1,1,0,1,0,0,1,0
2.567982000,1,1,1,1,1,1,0,1,0,0,1,1
2.568482000,1,1,1,1,1,1,0,1,0,0,1,0
2.568899000,0,0,0,0,0,0,0,0,0,0,0,0
2.568904000,0,0,1,0,0,0,1,1,0,0,1,0
2.568982000,0,0,1,0,0,0,1,1,0,0,1,1
2.569482000,0,0,1,0,0,0,1,1,0,0,1,0
2.569899000,0,0,0,0,0,0,0,0,0,0,0,0
2.569904000,1,1,0,0,0,0,1,1,0,0,1,0
2.569982000,1,1,0,0,0,0,1,1,0,0,1,1
2.570482000,1,1,0,0,0,0,1,1,0,0,1,0
2.570899000,0,0,0,0,0,0,0,0,0,0,0,0
2.570904000,0,1,1,1,1,1,0,1,0,0,1,0
2.570982000,0,1,1,1,1,1,0,1,0,0,1,1
2.571482000,0,1,1,1,1,1,0,1,0,0,1,0
2.571899000,0,0,0,0,0,0,0,0,0,0,0,0
2.571904000,1,1,1,1,0,0,1,1,0,0,1,0
2.571982000,1,1,1,1,0,0,1,1,0,0,1,1
2.572482000,1,1,1,1,0,0,1,1,0,0,1,0
2.572899000,0,0,0,0,0,0,0,0,0,0,0,0
2.572904000,0,0,1,0,0,0,1,1,0,0,1,0
2.572982000,0,0,1,0,0,0,1,1,0,0,1,1
2.573482000,0,0,1,0,0,0,1,1,0,0,1,0
2.573899000,0,0,0,0,0,0,0,0,0,0,0,0
2.573904000,1,1,1,1,1,1,0,1,0,0,1,0
2.573982000,1,1,1,1,1,1,0,1,0,0,1,1
2.574482000,1,1,1,1,1,1,0,1,0,0,1,0
2.574899000,0,0,0,0,0,0,0,0,0,0,0,0
2.574904000,1,1,1,0,1,1,0,1,0,0,1,0
2.574982000,1,1,1,0,1,1,0,1,0,0,1,1
2.575482000,1,1,1,0,1,1,0,1,0,0,1,0
2.575899000,0,0,0,0,0,0,0,0,0,0,0,0
2.575904000,1,0,0,1,1,1,0,1,0,0,1,0
2.575982000,1,0,0,1,1,1,0,1,0,0,1,1
2.576482000,1,0,0,1,1,1,0,1,0,0,1,0
2.576899000,0,0,0,0,0,0,0,0,0,0,0,0
2.576904000,1,1,1,1,1,1,0,1,0,0,1,0
2.576982000,1,1,1,1,1,1,0,1,0,0,1,1
2.577482000,1,1,1,1,1,1,0,1,0,0,1,0
2.577899000,0,0,0,0,0,0,0,0,0,0,0,0
2.577904000,1,1,0,1,0,0,1,1,0,0,1,0
2.577982000,1,1,0,1,0,0,1,1,0,0,1,1
2.578482000,1,1,0,1,0,0,1,1,0,0,1,0
2.578899000,0,0,0,0,0,0,0,0,0,0,0,0
2.578904000,1,1,0,1,0,0,1,1,0,0,1,0
2.578982000,1,1,0,1,0,0,1,1,0,0,1,1
2.579482000,1,1,0,1,0,0,1,1,0,0,1,0
2.579899000,0,0,0,0,0,0,0,0,0,0,0,0
2.579904000,0,0,1,1,1,0,1,1,0,0,1,0
2.579982000,0,0,1,1,1,0,1,1,0,0,1,1
2.580482000,0,0,1,1,1,0,1,1,0,0,1,0
2.580899000,0,0,0,0,0,0,0,0,0,0,0,0
2.580904000,0,1,1,0,0,0,1,1,0,0,1,0
2.580982000,0,1,1,0,0,0,1,1,0,0,1,1
2.581482000,0,1,1,0,0,0,1,1,0,0,1,0
2.581899000,0,0,0,0,0,0,0,0,0,0,0,0
2.581904000,1,0,0,1,0,0,1,1,0,0,1,0
2.581982000,1,0,0,1,0,0,1,1,0,0,1,1
2.582482000,1,0,0,1,0,0,1,1,0,0,1,0
2.582899000,0,0,0,0,0,0,0,0,0,0,0,0
2.582904000,0,0,1,1,0,0,1,1,0,0,1,0
2.582982000,0,0,1,1,0,0,1,1,0,0,1,1
2.583482000,0,0,1,1,0,0,1,1,0,0,1,0
2.583899000,0,0,0,0,0,0,0,0,0,0,0,0
2.583904000,0,0,0,0,1,0,1,1,0,0,1,0
2.583982000,0,0,0,0,1,0,1,1,0,0,1,1
2.584482000,0,0,0,0,1,0,1,1,0,0,1,0
2.584899000,0,0,0,0,0,0,0,0,0,0,0,0
2.584904000,1,0,1,1,1,1,0,1,0,0,1,0
2.584982000,1,0,1,1,1,1,0,1,0,0,1,1
2.585482000,1,0,1,1,1,1,0,1,0,0,1,0
2.585899000,0,0,0,0,0,0,0,0,0,0,0,0
2.585904000,0,0,0,1,0,0,1,1,0,0,1,0
2.585982000,0,0,0,1,0,0,1,1,0,0,1,1
2.586482000,0,0,0,1,0,0,1,1,0,0,1,0
2.586899000,0,0,0,0,0,0,0,0,0,0,0,0
2.586904000,1,1,1,0,1,0,1,1,0,0,1,0
2.586982000,1,1,1,0,1,0,1,1,0,0,1,1
2.587482000,1,1,1,0,1,0,1,1,0,0,1,0
2.587899000,0,0,0,0,0,0,0,0,0,0,0,0
2.587904000,1,1,1,1,0,1,0,1,0,0,1,0
2.587982000,1,1,1,1,0,1,0,1,0,0,1,1
2.588482000,1,1,1,1,0,1,0,1,0,0,1,0
2.588899000,0,0,0,0,0,0,0,0,0,0,0,0
2.588904000,1,0,1,0,0,0,1,1,0,0,1,0
2.588982000,1,0,1,0,0,0,1,1,0,0,1,1
2.589482000,1,0,1,0,0,0,1,1,0,0,1,0
2.589899000,0,0,0,0,0,0,0,0,0,0,0,0
2.589904000,1,1,0,1,0,0,1,1,0,0,1,0
2.589982000,1,1,0,1,0,0,1,1,0,0,1,1
2.590482000,1,1,0,1,0,0,1,1,0,0,1,0
2.590899000,0,0,0,0,0,0,0,0,0,0,0,0
2.590904000,0,0,1,1,1,1,0,1,0,0,1,0
2.590982000,0,0,1,1,1,1,0,1,0,0,1,1
2.591482000,0,0,1,1,1,1,0,1,0,0,1,0
2.591899000,0,0,0,0,0,0,0,0,0,0,0,0
2.591904000,0,0,1,0,1,0,1,1,0,0,1,0
2.591982000,0,0,1,0,1,0,1,1,0,0,1,1
2.592482000,0,0,1,0,1,0,1,1,0,0,1,0
2.592899000,0,0,0,0,0,0,0,0,0,0,0,0
2.592904000,1,0,0,1,0,0,1,1,0,0,1,0
2.592982000,1,0,0,1,0,0,1,1,0,0,1,1
2.593482000,1,0,0,1,0,0,1,1,0,0,1,0
2.593899000,0,0,0,0,0,0,0,0,0,0,0,0
2.593904000,1,0,0,1,1,0,1,1,0,0,1,0
2.593982000,1,0,0,1,1,0,1,1,0,0,1,1
2.594482000,1,0,0,1,1,0,1,1,0,0,1,0
2.594899000,0,0,0,0,0,0,0,0,0,0,0,0
2.594904000,0,0,0,0,1,0,1,1,0,0,1,0
2.594982000,0,0,0,0,1,0,1,1,0,0,1,1
2.595482000,0,0,0,0,1,0,1,1,0,0,1,0
2.595899000,0,0,0,0,0,0,0,0,0,0,0,0
2.595904000,0,0,0,1,0,0,1,1,0,0,1,0
2.595982000,0,0,0,1,0,0,1,1,0,0,1,1
2.596482000,0,0,0,1,0,0,1,1,0,0,1,0
2.596899000,0,0,0,0,0,0,0,0,0,0,0,0
2.596904000,1,1,1,1,1,1,0,1,0,0,1,0
2.596982000,1,1,1,1,1,1,0,1,0,0,1,1
2.597482000,1,1,1,1,1,1,0,1,0,0,1,0
2.597899000,0,0,0,0,0,0,0,0,0,0,0,0
2.597904000,0,0,0,1,1,0,1,1,0,0,1,0
2.597982000,0,0,0,1,1,0,1,1,0,0,1,1
2.598482000,0,0,0,1,1,0,1,1,0,0,1,0
2.598899000,0,0,0,0,0,0,0,0,0,0,0,0
2.598904000,1,1,1,1,1,1,0,1,0,0,1,0
2.598982000,1,1,1,1,1,1,0,1,0,0,1,1
2.599482000,1,1,1,1,1,1,0,1,0,0,1,0
2.599899000,0,0,0,0,0,0,0,0,0,0,0,0
2.599904000,0,1,0,1,1,0,1,1,0,0,1,0
2.599982000,0,1,0,1,1,0,1,1,0,0,1,1
2.600482000,0,1,0,1,1,0,1,1,0,0,1,0
2.600899000,0,0,0,0,0,0,0,0,0,0,0,0
2.600904000,1,0,1,0,1,0,1,1,0,0,1,0
2.600982000,1,0,1,0,1,0,1,1,0,0,1,1
2.601482000,1,0,1,0,1,0,1,1,0,0,1,0
2.601899000,0,0,0,0,0,0,0,0,0,0,0,0
2.601904000,0,1,0,1,0,0,1,1,0,0,1,0
2.601982000,0,1,0,1,0,0,1,1,0,0,1,1
2.602482000,0,1,0,1,0,0,1,1,0,0,1,0
2.602899000,0,0,0,0,0,0,0,0,0,0,0,0
2.602904000,0,0,1,1,0,0,1,1,0,0,1,0
2.602982000,0,0,1,1,0,0,1,1,0,0,1,1
2.603482000,0,0,1,1,0,0,1,1,0,0,1,0
2.603899000,0,0,0,0,0,0,0,0,0,0,0,0
2.603904000,1,0,0,1,0,0,1,1,0,0,1,0
2.603982000,1,0,0,1,0,0,1,1,0,0,1,1
2.604482000,1,0,0,1,0,0,1,1,0,0,1,0
2.604899000,0,0,0,0,0,0,0,0,0,0,0,0
2.604904000,0,0,1,0,0,0,1,1,0,0,1,0
2.604982000,0,0,1,0,0,0,1,1,0,0,1,1
2.605482000,0,0,1,0,0,0,1,1,0,0,1,0
2.605899000,0,0,0,0,0,0,0,0,0,0,0,0
2.605904000,1,1,0,1,1,1,0,1,0,0,1,0
2.605982000,1,1,0,1,1,1,0,1,0,0,1,1
2.606482000,1,1,0,1,1,1,0,1,0,0,1,0
2.606899000,0,0,0,0,0,0,0,0,0,0,0,0
2.606904000,1,0,1,0,1,1,0,1,0,0,1,0
2.606982000,1,0,1,0,1,1,0,1,0,0,1,1
2.607482000,1,0,1,0,1,1,0,1,0,0,1,0
2.607899000,0,0,0,0,0,0,0,0,0,0,0,0
2.607904000,0,1,0,0,1,0,1,1,0,0,1,0
2.607982000,0,1,0,0,1,0,1,1,0,0,1,1
2.608482000,0,1,0,0,1,0,1,1,0,0,1,0
2.608899000,0,0,0,0,0,0,0,0,0,0,0,0
2.608904000,1,0,0,1,0,0,1,1,0,0,1,0
2.608982000,1,0,0,1,0,0,1,1,0,0,1,1
2.609482000,1,0,0,1,0,0,1,1,0,0,1,0
2.609899000,0,0,0,0,0,0,0,0,0,0,0,0
2.609904000,0,0,1,1,0,0,1,1,0,0,1,0
2.609982000,0,0,1,1,0,0,1,1,0,0,1,1
2.610482000,0,0,1,1,0,0,1,1,0,0,1,0
2.610899000,0,0,0,0,0,0,0,0,0,0,0,0
2.610904000,1,0,0,0,1,0,1,1,0,0,1,0
2.610982000,1,0,0,0,1,0,1,1,0,0,1,1
2.611482000,1,0,0,0,1,0,1,1,0,0,1,0
2.611899000,0,0,0,0,0,0,0,0,0,0,0,0
2.611904000,1,1,0,1,1,1,0,1,0,0,1,0
2.611982000,1,1,0,1,1,1,0,1,0,0,1,1
2.612482000,1,1,0,1,1,1,0,1,0,0,1,0
2.612899000,0,0,0,0,0,0,0,0,0,0,0,0
2.612904000,0,0,1,0,1,0,1,1,0,0,1,0
2.612982000,0,0,1,0,1,0,1,1,0,0,1,1
2.613482000,0,0,1,0,1,0,1,1,0,0,1,0
2.613899000,0,0,0,0,0,0,0,0,0,0,0,0
2.613904000,0,1,1,0,0,0,1,1,0,0,1,0
2.613982000,0,1,1,0,0,0,1,1,0,0,1,1
2.614482000,0,1,1,0,0,0,1,1,0,0,1,0
2.614899000,0,0,0,0,0,0,0,0,0,0,0,0
2.614904000,1,1,1,1,1,1,0,1,0,0,1,0
2.614982000,1,1,1,1,1,1,0,1,0,0,1,1
2.615482000,1,1,1,1,1,1,0,1,0,0,1,0
2.615899000,0,0,0,0,0,0,0,0,0,0,0,0
2.615904000,0,1,1,1,0,0,1,1,0,0,1,0
2.615982000,0,1,1,1,0,0,1,1,0,0,1,1
2.616482000,0,1,1,1,0,0,1,1,0,0,1,0
2.616899000,0,0,0,0,0,0,0,0,0,0,0,0
2.616904000,1,0,0,1,0,0,1,1,0,0,1,0
2.616982000,1,0,0,1,0,0,1,1,0,0,1,1
2.617482000,1,0,0,1,0,0,1,1,0,0,1,0
2.617899000,0,0,0,0,0,0,0,0,0,0,0,0
2.617904000,1,0,0,1,0,0,1,1,0,0,1,0
2.617982000,1,0,0,1,0,0,1,1,0,0,1,1
2.618482000,1,0,0,1,0,0,1,1,0,0,1,0
2.618899000,0,0,0,0,0,0,0,0,0,0,0,0
2.618904000,0,0,0,0,1,0,1,1,0,0,1,0
2.618982000,0,0,0,0,1,0,1,1,0,0,1,1
2.619482000,0,0,0,0,1,0,1,1,0,0,1,0
2.619899000,0,0,0,0,0,0,0,0,0,0,0,0
2.619904000,1,1,0,1,0,0,1,1,0,0,1,0
2.619982000,1,1,0,1,0,0,1,1,0,0,1,1
2.620482000,1,1,0,1,0,0,1,1,0,0,1,0
2.620899000,0,0,0,0,0,0,0,0,0,0,0,0
2.620904000,0,0,0,1,1,1,0,1,0,0,1,0
2.620982000,0,0,0,1,1,1,0,1,0,0,1,1
2.621482000,0,0,0,1,1,1,0,1,0,0,1,0
2.621899000,0,0,0,0,0,0,0,0,0,0,0,0
2.621904000,0,0,0,0,0,0,1,1,0,0,1,0
2.621982000,0,0,0,0,0,0,1,1,0,0,1,1
2.622482000,0,0,0,0,0,0,1,1,0,0,1,0
2.622899000,0,0,0,0,0,0,0,0,0,0,0,0
2.622904000,0,0,1,0,1,0,1,1,0,0,1,0
2.622982000,0,0,1,0,1,0,1,1,0,0,1,1
2.623482000,0,0,1,0,1,0,1,1,0,0,1,0
2.623899000,0,0,0,0,0,0,0,0,0,0,0,0
2.623904000,1,1,1,1,1,1,0,1,0,0,1,0
2.623982000,1,1,1,1,1,1,0,1,0,0,1,1
2.624482000,1,1,1,1,1,1,0,1,0,0,1,0
2.624899000,0,0,0,0,0,0,0,0,0,0,0,0
2.624904000,0,0,1,1,0,0,1,1,0,0,1,0
2.624982000,0,0,1,1,0,0,1,1,0,0,1,1
2.625482000,0,0,1,1,0,0,1,1,0,0,1,0
2.625899000,0,0,0,0,0,0,0,0,0,0,0,0
2.625904000,1,0,0,0,1,0,1,1,0,0,1,0
2.625982000,1,0,0,0,1,0,1,1,0,0,1,1
2.626482000,1,0,0,0,1,0,1,1,0,0,1,0
2.626899000,0,0,0,0,0,0,0,0,0,0,0,0
2.626904000,1,1,1,1,1,1,0,1,0,0,1,0
2.626982000,1,1,1,1,1,1,0,1,0,0,1,1
2.627482000,1,1,1,1,1,1,0,1,0,0,1,0
2.627899000,0,0,0,0,0,0,0,0,0,0,0,0
2.627904000,1,0,0,0,1,0,1,1,0,0,1,0
2.627982000,1,0,0,0,1,0,1,1,0,0,1,1
2.628482000,1,0,0,0,1,0,1,1,0,0,1,0
2.628899000,0,0,0,0,0,0,0,0,0,0,0,0
2.628904000,0,1,1,1,1,1,0,1,0,0,1,0
2.628982000,0,1,1,1,1,1,0,1,0,0,1,1
2.629482000,0,1,1,1,1,1,0,1,0,0,1,0
2.629899000,0,0,0,0,0,0,0,0,0,0,0,0
2.629904000,0,0,1,1,0,0,1,1,0,0,1,0
2.629982000,0,0,1,1,0,0,1,1,0,0,1,1
2.630482000,0,0,1,1,0,0,1,1,0,0,1,0
2.630899000,0,0,0,0,0,0,0,0,0,0,0,0
2.630904000,1,0,1,1,1,1,0,1,0,0,1,0
2.630982000,1,0,1,1,1,1,0,1,0,0,1,1
2.631482000,1,0,1,1,1,1,0,1,0,0,1,0
2.631899000,0,0,0,0,0,0,0,0,0,0,0,0
2.631904000,0,0,1,1,0,0,1,1,0,0,1,0
2.631982000,0,0,1,1,0,0,1,1,0,0,1,1
2.632482000,0,0,1,1,0,0,1,1,0,0,1,0
2.632899000,0,0,0,0,0,0,0,0,0,0,0,0
2.632904000,1,1,1,0,1,0,1,1,0,0,1,0
2.632982000,1,1,1,0,1,0,1,1,0,0,1,1
2.633482000,1,1,1,0,1,0,1,1,0,0,1,0
2.633899000,0,0,0,0,0,0,0,0,0,0,0,0
2.633904000,1,0,0,1,0,0,1,1,0,0,1,0
2.633982000,1,0,0,1,0,0,1,1,0,0,1,1
2.634482000,1,0,0,1,0,0,1,1,0,0,1,0
2.634899000,0,0,0,0,0,0,0,0,0,0,0,0
2.634904000,1,0,1,0,0,0,1,1,0,0,1,0
2.634982000,1,0,1,0,0,0,1,1,0,0,1,1
2.635482000,1,0,1,0,0,0,1,1,0,0,1,0
2.635899000,0,0,0,0,0,0,0,0,0,0,0,0
2.635904000,1,1,1,0,0,0,1,1,0,0,1,0
2.635982000,1,1,1,0,0,0,1,1,0,0,1,1
2.636482000,1,1,1,0,0,0,1,1,0,0,1,0
2.636899000,0,0,0,0,0,0,0,0,0,0,0,0
2.636904000,1,1,1,0,0,0,1,1,0,0,1,0
2.636982000,1,1,1,0,0,0,1,1,0,0,1,1
2.637482000,1,1,1,0,0,0,1,1,0,0,1,0
2.637899000,0,0,0,0,0,0,0,0,0,0,0,0
2.637904000,1,1,1,0,1,1,0,1,0,0,1,0
2.637982000,1,1,1,0,1,1,0,1,0,0,1,1
2.638482000,1,1,1,0,1,1,0,1,0,0,1,0
2.638899000,0,0,0,0,0,0,0,0,0,0,0,0
2.638904000,0,1,1,0,0,0,1,1,0,0,1,0
2.638982000,0,1,1,0,0,0,1,1,0,0,1,1
2.639482000,0,1,1,0,0,0,1,1,0,0,1,0
2.639899000,0,0,0,0,0,0,0,0,0,0,0,0
2.639904000,0,0,1,1,0,0,1,1,0,0,1,0
2.639982000,0,0,1,1,0,0,1,1,0,0,1,1
2.640482000,0,0,1,1,0,0,1,1,0,0,1,0
2.640899000,0,0,0,0,0,0,0,0,0,0,0,0
2.640904000,0,0,0,0,0,0,1,1,0,0,1,0
2.640982000,0,0,0,0,0,0,1,1,0,0,1,1
2.641482000,0,0,0,0,0,0,1,1,0,0,1,0
2.641899000,0,0,0,0,0,0,0,0,0,0,0,0
2.641904000,0,0,0,1,0,0,1,1,0,0,1,0
2.641982000,0,0,0,1,0,0,1,1,0,0,1,1
2.642482000,0,0,0,1,0,0,1,1,0,0,1,0
2.642898000,0,0,0,1,0,0,1,1,0,0,0,0
2.642899000,0,0,0,0,0,0,0,0,0,0,0,0
2.642904000,1,1,1,1,1,1,0,1,0,0,1,0
2.642982000,1,1,1,1,1,1,0,1,0,0,1,1
2.643482000,1,1,1,1,1,1,0,1,0,0,1,0
2.643898000,1,1,1,1,1,1,0,1,0,0,0,0
2.643899000,0,0,0,0,0,0,0,0,0,0,0,0
2.643904000,0,0,0,0,1,0,1,1,0,0,1,0
2.643982000,0,0,0,0,1,0,1,1,0,0,1,1
2.644482000,0,0,0,0,1,0,1,1,0,0,1,0
2.644898000,0,0,0,0,1,0,1,1,0,0,0,0
2.644899000,0,0,0,0,0,0,0,0,0,0,0,0
2.644904000,0,0,1,0,0,0,1,1,0,0,1,0
2.644982000,0,0,1,0,0,0,1,1,0,0,1,1
2.645482000,0,0,1,0,0,0,1,1,0,0,1,0
2.645898000,0,0,1,0,0,0,1,1,0,0,0,0
2.645899000,0,0,0,0,0,0,0,0,0,0,0,0
2.645904000,1,1,1,0,1,0,1,1,0,0,1,0
2.645982000,1,1,1,0,1,0,1,1,0,0,1,1
2.646482000,1,1,1,0,1,0,1,1,0,0,1,0
2.646898000,1,1,1,1,1,0,0,1,1,1,1,0
2.646899000,0,0,0,0,0,0,0,0,0,0,0,0
2.646904000,0,1,0,1,0,0,1,1,0,0,1,0
2.646982000,0,1,0,1,0,0,1,1,0,0,1,1
2.647482000,0,1,0,1,0,0,1,1,0,0,1,0
2.647898000,0,0,0,1,0,0,0,0,0,0,0,0
2.647899000,0,0,0,0,0,0,0,0,0,0,0,0
2.647904000,0,1,1,1,1,1,0,1,0,0,1,0
2.647982000,0,1,1,1,1,1,0,1,0,0,1,1
2.648482000,0,1,1,1,1,1,0,1,0,0,1,0
2.648898000,0,0,0,0,0,0,0,0,0,0,0,0
2.648904000,1,0,1,1,1,1,0,1,0,0,1,0
2.648982000,1,0,1,1,1,1,0,1,0,0,1,1
2.649482000,1,0,1,1,1,1,0,1,0,0,1,0
2.649898000,0,0,0,0,0,0,0,0,0,0,0,0
2.649904000,0,0,0,0,1,0,1,1,0,0,1,0
2.649982000,0,0,0,0,1,0,1,1,0,0,1,1
2.650482000,0,0,0,0,1,0,1,1,0,0,1,0
2.650898000,0,0,0,0,0,0,0,0,0,0,0,0
2.650904000,1,1,1,0,0,0,1,1,0,0,1,0
2.650982000,1,1,1,0,0,0,1,1,0,0,1,1
2.651482000,1,1,1,0,0,0,1,1,0,0,1,0
2.651898000,0,0,0,0,0,0,0,0,0,0,0,0
2.651904000,1,1,0,1,0,0,1,1,0,0,1,0
2.651982000,1,1,0,1,0,0,1,1,0,0,1,1
2.652482000,1,1,0,1,0,0,1,1,0,0,1,0
2.652898000,0,0,0,0,0,0,0,0,0,0,0,0
2.652904000,1,0,1,1,1,1,0,1,0,0,1,0
2.652982000,1,0,1,1,1,1,0,1,0,0,1,1
2.653482000,1,0,1,1,1,1,0,1,0,0,1,0
2.653898000,0,0,0,0,0,0,0,0,0,0,0,0
2.653903000,0,0,0,0,0,0,1,1,0,0,0,0
2.653904000,0,0,0,0,0,0,1,1,0,0,1,0
2.653982000,0,0,0,0,0,0,1,1,0,0,1,1
2.654482000,0,0,0,0,0,0,1,1,0,0,1,0
2.654898000,0,0,0,0,0,0,0,0,0,0,0,0
2.654903000,0,0,0,0,0,1,0,1,0,0,0,0
2.654904000,1,0,0,1,1,1,0,1,0,0,1,0
2.654982000,1,0,0,1,1,1,0,1,0,0,1,1
2.655482000,1,0,0,1,1,1,0,1,0,0,1,0
2.655898000,0,0,0,0,0,0,0,0,0,0,0,0
2.655903000,0,0,0,1,1,1,0,1,0,0,0,0
2.655904000,0,1,1,1,1,1,0,1,0,0,1,0
2.655982000,0,1,1,1,1,1,0,1,0,0,1,1
2.656482000,0,1,1,1,1,1,0,1,0,0,1,0
2.656898000,0,0,0,0,0,0,0,0,0,0,0,0
2.656903000,0,0,1,0,0,0,1,1,0,0,1,0
2.656982000,0,0,1,0,0,0,1,1,0,0,1,1
2.657482000,0,0,1,0,0,0,1,1,0,0,1,0
2.657898000,0,0,0,0,0,0,0,0,0,0,0,0
2.657903000,0,0,1,1,1,1,0,1,0,0,1,0
2.657904000,1,0,1,1,1,1,0,1,0,0,1,0
2.657982000,1,0,1,1,1,1,0,1,0,0,1,1
2.658482000,1,0,1,1,1,1,0,1,0,0,1,0
2.658898000,0,0,0,0,0,0,0,0,0,0,0,0
2.658903000,0,0,1,1,1,1,0,1,0,0,1,0
2.658904000,1,1,1,1,1,1,0,1,0,0,1,0
2.658982000,1,1,1,1,1,1,0,1,0,0,1,1
2.659482000,1,1,1,1,1,1,0,1,0,0,1,0
2.659898000,0,0,0,0,0,0,0,0,0,0,0,0
2.659903000,0,1,1,1,1,1,0,1,0,0,1,0
2.659904000,1,1,1,1,1,1,0,1,0,0,1,0
2.659982000,1,1,1,1,1,1,0,1,0,0,1,1
2.660482000,1,1,1,1,1,1,0,1,0,0,1,0
2.660898000,0,0,0,0,0,0,0,0,0,0,0,0
2.660903000,1,1,1,0,1,0,1,1,0,0,1,0
2.660982000,1,1,1,0,1,0,1,1,0,0,1,1
2.661482000,1,1,1,0,1,0,1,1,0,0,1,0
2.661898000,0,0,0,0,0,0,0,0,0,0,0,0
2.661903000,1,0,0,1,0,0,1,1,0,0,1,0
2.661982000,1,0,0,1,0,0,1,1,0,0,1,1
2.662482000,1,0,0,1,0,0,1,1,0,0,1,0
2.662898000,0,0,0,0,0,0,0,0,0,0,0,0
2.662903000,1,1,0,1,0,0,1,1,0,0,1,0
2.662982000,1,1,0,1,0,0,1,1,0,0,1,1
2.663482000,1,1,0,1,0,0,1,1,0,0,1,0
2.663898000,0,0,0,0,0,0,0,0,0,0,0,0
2.663903000,0,0,1,0,1,0,1,1,0,0,1,0
2.663982000,0,0,1,0,1,0,1,1,0,0,1,1
2.664482000,0,0,1,0,1,0,1,1,0,0,1,0
2.664898000,0,0,0,0,0,0,0,0,0,0,0,0
2.664903000,1,1,0,1,0,0,1,1,0,0,1,0
2.664982000,1,1,0,1,0,0,1,1,0,0,1,1
2.665482000,1,1,0,1,0,0,1,1,0,0,1,0
2.665898000,0,0,0,0,0,0,0,0,0,0,0,0
2.665903000,1,1,1,1,0,0,1,1,0,0,1,0
2.665982000,1,1,1,1,0,0,1,1,0,0,1,1
2.666482000,1,1,1,1,0,0,1,1,0,0,1,0
2.666898000,0,0,0,0,0,0,0,0,0,0,0,0
2.666903000,1,0,0,0,1,0,1,1,0,0,1,0
2.666982000,1,0,0,0,1,0,1,1,0,0,1,1
2.667482000,1,0,0,0,1,0,1,1,0,0,1,0
2.667898000,0,0,0,0,0,0,0,0,0,0,0,0
2.667903000,1,0,1,1,1,1,0,1,0,0,1,0
2.667982000,1,0,1,1,1,1,0,1,0,0,1,1
2.668482000,1,0,1,1,1,1,0,1,0,0,1,0
2.668898000,0,0,0,0,0,0,0,0,0,0,0,0
2.668903000,1,1,0,1,1,1,0,1,0,0,1,0
2.668982000,1,1,0,1,1,1,0,1,0,0,1,1
2.669482000,1,1,0,1,1,1,0,1,0,0,1,0
2.669898000,0,0,0,0,0,0,0,0,0,0,0,0
2.669903000,1,1,1,1,1,1,0,1,0,0,1,0
2.669982000,1,1,1,1,1,1,0,1,0,0,1,1
2.670482000,1,1,1,1,1,1,0,1,0,0,1,0
2.670898000,0,0,0,0,0,0,0,0,0,0,0,0
2.670903000,1,1,1,1,1,1,0,1,0,0,1,0
2.670982000,1,1,1,1,1,1,0,1,0,0,1,1
2.671482000,1,1,1,1,1,1,0,1,0,0,1,0
2.671898000,0,0,0,0,0,0,0,0,0,0,0,0
2.671903000,1,1,1,1,1,1,0,1,0,0,1,0
2.671982000,1,1,1,1,1,1,0,1,0,0,1,1
2.672482000,1,1,1,1,1,1,0,1,0,0,1,0
2.672898000,0,0,0,0,0,0,0,0,0,0,0,0
2.672903000,1,1,1,1,1,1,0,1,0,0,1,0
2.672982000,1,1,1,1,1,1,0,1,0,0,1,1
2.673482000,1,1,1,1,1,1,0,1,0,0,1,0
2.673898000,0,0,0,0,0,0,0,0,0,0,0,0
2.673903000,1,1,1,0,0,0,1,1,0,0,1,0
2.673982000,1,1,1,0,0,0,1,1,0,0,1,1
2.674482000,1,1,1,0,0,0,1,1,0,0,1,0
2.674898000,0,0,0,0,0,0,0,0,0,0,0,0
2.674903000,1,1,1,1,1,1,0,1,0,0,1,0
2.674982000,1,1,1,1,1,1,0,1,0,0,1,1
2.675482000,1,1,1,1,1,1,0,1,0,0,1,0
2.675898000,0,0,0,0,0,0,0,0,0,0,0,0
2.675903000,1,1,1,1,1,1,0,1,0,0,1,0
2.675982000,1,1,1,1,1,1,0,1,0,0,1,1
2.676482000,1,1,1,1,1,1,0,1,0,0,1,0
2.676898000,0,0,0,0,0,0,0,0,0,0,0,0
2.676903000,0,0,1,1,0,0,1,1,0,0,1,0
2.676982000,0,0,1,1,0,0,1,1,0,0,1,1
2.677482000,0,0,1,1,0,0,1,1,0,0,1,0
2.677898000,0,0,0,0,0,0,0,0,0,0,0,0
2.677903000,1,1,1,0,1,1,0,1,0,0,1,0
2.677982000,1,1,1,0,1,1,0,1,0,0,1,1
2.678482000,1,1,1,0,1,1,0,1,0,0,1,0
2.678898000,0,0,0,0,0,0,0,0,0,0,0,0
2.678903000,1,0,1,1,1,1,0,1,0,0,1,0
2.678982000,1,0,1,1,1,1,0,1,0,0,1,1
2.679482000,1,0,1,1,1,1,0,1,0,0,1,0
2.679898000,0,0,0,0,0,0,0,0,0,0,0,0
2.679903000,1,0,0,0,1,0,1,1,0,0,1,0
2.679982000,1,0,0,0,1,0,1,1,0,0,1,1
2.680482000,1,0,0,0,1,0,1,1,0,0,1,0
2.680898000,0,0,0,0,0,0,0,0,0,0,0,0
2.680903000,0,1,0,1,0,0,1,1,0,0,1,0
2.680982000,0,1,0,1,0,0,1,1,0,0,1,1
2.681482000,0,1,0,1,0,0,1,1,0,0,1,0
2.681898000,0,0,0,0,0,0,0,0,0,0,0,0
2.681903000,0,0,0,1,0,0,1,1,0,0,1,0
2.681982000,0,0,0,1,0,0,1,1,0,0,1,1
2.682482000,0,0,0,1,0,0,1,1,0,0,1,0
2.682898000,0,0,0,0,0,0,0,0,0,0,0,0
2.682903000,0,1,0,0,0,0,1,1,0,0,1,0
2.682982000,0,1,0,0,0,0,1,1,0,0,1,1
2.683482000,0,1,0,0,0,0,1,1,0,0,1,0
2.683898000,0,0,0,0,0,0,0,0,0,0,0,0
2.683903000,1,1,1,1,1,1,0,1,0,0,1,0
2.683982000,1,1,1,1,1,1,0,1,0,0,1,1
2.684482000,1,1,1,1,1,1,0,1,0,0,1,0
2.684898000,0,0,0,0,0,0,0,0,0,0,0,0
2.684903000,0,0,1,0,0,0,1,1,0,0,1,0
2.684982000,0,0,1,0,0,0,1,1,0,0,1,1
2.685482000,0,0,1,0,0,0,1,1,0,0,1,0
2.685898000,0,0,0,0,0,0,0,0,0,0,0,0
2.685903000,0,1,1,1,1,1,0,1,0,0,1,0
2.685982000,0,1,1,1,1,1,0,1,0,0,1,1
2.686482000,0,1,1,1,1,1,0,1,0,0,1,0
2.686898000,0,0,0,0,0,0,0,0,0,0,0,0
2.686903000,0,1,1,1,1,1,0,1,0,0,1,0
2.686982000,0,1,1,1,1,1,0,1,0,0,1,1
2.687482000,0,1,1,1,1,1,0,1,0,0,1,0
2.687898000,0,0,0,0,0,0,0,0,0,0,0,0
2.687903000,0,0,1,1,0,1,0,1,0,0,1,0
2.687982000,0,0,1,1,0,1,0,1,0,0,1,1
2.688482000,0,0,1,1,0,1,0,1,0,0,1,0
2.688898000,0,0,0,0,0,0,0,0,0,0,0,0
2.688903000,0,1,1,1,1,1,0,1,0,0,1,0
2.688981000,0,1,1,1,1,1,0,1,0,0,1,1
2.689481000,0,1,1,1,1,1,0,1,0,0,1,0
2.689898000,0,0,0,0,0,0,0,0,0,0,0,0
2.689903000,0,1,0,0,0,0,1,1,0,0,1,0
2.689981000,0,1,0,0,0,0,1,1,0,0,1,1
2.690481000,0,1,0,0,0,0,1,1,0,0,1,0
2.690898000,0,0,0,0,0,0,0,0,0,0,0,0
2.690903000,1,1,1,1,1,1,0,1,0,0,1,0
2.690981000,1,1,1,1,1,1,0,1,0,0,1,1
2.691481000,1,1,1,1,1,1,0,1,0,0,1,0
2.691898000,0,0,0,0,0,0,0,0,0,0,0,0
2.691903000,1,1,1,1,1,1,0,1,0,0,1,0
2.691981000,1,1,1,1,1,1,0,1,0,0,1,1
2.692481000,1,1,1,1,1,1,0,1,0,0,1,0
2.692898000,0,0,0,0,0,0,0,0,0,0,0,0
2.692903000,1,0,0,1,0,0,1,1,0,0,1,0
2.692981000,1,0,0,1,0,0,1,1,0,0,1,1
2.693481000,1,0,0,1,0,0,1,1,0,0,1,0
2.693898000,0,0,0,0,0,0,0,0,0,0,0,0
2.693903000,1,0,0,0,0,0,1,1,0,0,1,0
2.693981000,1,0,0,0,0,0,1,1,0,0,1,1
2.694481000,1,0,0,0,0,0,1,1,0,0,1,0
2.694898000,0,0,0,0,0,0,0,0,0,0,0,0
2.694903000,0,1,0,1,0,0,1,1,0,0,1,0
2.694981000,0,1,0,1,0,0,1,1,0,0,1,1
2.695481000,0,1,0,1,0,0,1,1,0,0,1,0
2.695898000,0,0,0,0,0,0,0,0,0,0,0,0
2.695903000,0,1,1,1,1,1,0,1,0,0,1,0
2.695981000,0,1,1,1,1,1,0,1,0,0,1,1
2.696481000,0,1,1,1,1,1,0,1,0,0,1,0
2.696898000,0,0,0,0,0,0,0,0,0,0,0,0
2.696903000,0,0,0,0,1,0,1,1,0,0,1,0
2.696981000,0,0,0,0,1,0,1,1,0,0,1,1
2.697481000,0,0,0,0,1,0,1,1,0,0,1,0
2.697898000,0,0,0,0,0,0,0,0,0,0,0,0
2.697903000,0,0,0,0,0,0,1,1,0,0,1,0
2.697981000,0,0,0,0,0,0,1,1,0,0,1,1
2.698481000,0,0,0,0,0,0,1,1,0,0,1,0
2.698898000,0,0,0,0,0,0,0,0,0,0,0,0
2.698903000,1,0,1,1,1,1,0,1,0,0,1,0
2.698981000,1,0,1,1,1,1,0,1,0,0,1,1
2.699481000,1,0,1,1,1,1,0,1,0,0,1,0
2.699898000,0,0,0,0,0,0,0,0,0,0,0,0
2.699903000,0,0,0,1,0,0,1,1,0,0,1,0
2.699981000,0,0,0,1,0,0,1,1,0,0,1,1
2.700481000,0,0,0,1,0,0,1,1,0,0,1,0
2.700898000,0,0,0,0,0,0,0,0,0,0,0,0
2.700903000,1,1,0,1,1,1,0,1,0,0,1,0
2.700981000,1,1,0,1,1,1,0,1,0,0,1,1
2.701481000,1,1,0,1,1,1,0,1,0,0,1,0
2.701898000,0,0,0,0,0,0,0,0,0,0,0,0
2.701903000,1,1,1,1,1,1,0,1,0,0,1,0
2.701981000,1,1,1,1,1,1,0,1,0,0,1,1
2.702481000,1,1,1,1,1,1,0,1,0,0,1,0
2.702898000,0,0,0,0,0,0,0,0,0,0,0,0
2.702903000,1,0,0,1,0,0,1,1,0,0,1,0
2.702981000,1,0,0,1,0,0,1,1,0,0,1,1
2.703481000,1,0,0,1,0,0,1,1,0,0,1,0
2.703898000,0,0,0,0,0,0,0,0,0,0,0,0
2.703903000,1,1,1,1,0,0,1,1,0,0,1,0
2.703981000,1,1,1,1,0,0,1,1,0,0,1,1
2.704481000,1,1,1,1,0,0,1,1,0,0,1,0
2.704898000,0,0,0,0,0,0,0,0,0,0,0,0
2.704903000,1,1,0,1,1,1,0,1,0,0,1,0
2.704981000,1,1,0,1,1,1,0,1,0,0,1,1
2.705481000,1,1,0,1,1,1,0,1,0,0,1,0
2.705898000,0,0,0,0,0,0,0,0,0,0,0,0
2.705903000,0,0,0,0,0,0,1,1,0,0,1,0
2.705981000,0,0,0,0,0,0,1,1,0,0,1,1
2.706481000,0,0,0,0,0,0,1,1,0,0,1,0
2.706898000,0,0,0,0,0,0,0,0,0,0,0,0
2.706903000,1,1,1,1,1,1,0,1,0,0,1,0
2.706981000,1,1,1,1,1,1,0,1,0,0,1,1
2.707481000,1,1,1,1,1,1,0,1,0,0,1,0
2.707898000,0,0,0,0,0,0,0,0,0,0,0,0
2.707903000,0,1,1,1,1,1,0,1,0,0,1,0
2.707981000,0,1,1,1,1,1,0,1,0,0,1,1
2.708481000,0,1,1,1,1,1,0,1,0,0,1,0
2.708898000,0,0,0,0,0,0,0,0,0,0,0,0
2.708903000,0,1,0,0,1,0,1,1,0,0,1,0
2.708981000,0,1,0,0,1,0,1,1,0,0,1,1
2.709481000,0,1,0,0,1,0,1,1,0,0,1,0
2.709898000,0,0,0,0,0,0,0,0,0,0,0,0
2.709903000,1,0,1,0,0,0,1,1,0,0,1,0
2.709981000,1,0,1,0,0,0,1,1,0,0,1,1
2.710481000,1,0,1,0,0,0,1,1,0,0,1,0
2.710898000,0,0,0,0,0,0,0,0,0,0,0,0
2.710903000,1,0,1,1,1,1,0,1,0,0,1,0
2.710981000,1,0,1,1,1,1,0,1,0,0,1,1
2.711481000,1,0,1,1,1,1,0,1,0,0,1,0
2.711898000,0,0,0,0,0,0,0,0,0,0,0,0
2.711903000,1,1,0,0,1,0,1,1,0,0,1,0
2.711981000,1,1,0,0,1,0,1,1,0,0,1,1
2.712481000,1,1,0,0,1,0,1,1,0,0,1,0
2.712898000,0,0,0,0,0,0,0,0,0,0,0,0
2.712903000,1,0,1,0,0,0,1,1,0,0,1,0
2.712981000,1,0,1,0,0,0,1,1,0,0,1,1
2.713481000,1,0,1,0,0,0,1,1,0,0,1,0
2.713898000,0,0,0,0,0,0,0,0,0,0,0,0
2.713903000,0,0,1,0,1,0,1,1,0,0,1,0
2.713981000,0,0,1,0,1,0,1,1,0,0,1,1
2.714481000,0,0,1,0,1,0,1,1,0,0,1,0
2.714898000,0,0,0,0,0,0,0,0,0,0,0,0
2.714903000,1,1,0,0,0,0,1,1,0,0,1,0
2.714981000,1,1,0,0,0,0,1,1,0,0,1,1
2.715481000,1,1,0,0,0,0,1,1,0,0,1,0
2.715898000,0,0,0,0,0,0,0,0,0,0,0,0
2.715903000,1,1,1,1,1,1,0,1,0,0,1,0
2.715981000,1,1,1,1,1,1,0,1,0,0,1,1
2.716481000,1,1,1,1,1,1,0,1,0,0,1,0
2.716898000,0,0,0,0,0,0,0,0,0,0,0,0
2.716903000,1,0,0,0,0,0,1,1,0,0,1,0
2.716981000,1,0,0,0,0,0,1,1,0,0,1,1
2.717481000,1,0,0,0,0,0,1,1,0,0,1,0
2.717898000,0,0,0,0,0,0,0,0,0,0,0,0
2.717903000,0,1,1,1,1,1,0,1,0,0,1,0
2.717981000,0,1,1,1,1,1,0,1,0,0,1,1
2.718481000,0,1,1,1,1,1,0,1,0,0,1,0
2.718898000,0,0,0,0,0,0,0,0,0,0,0,0
2.718903000,1,1,1,0,1,1,0,1,0,0,1,0
2.718981000,1,1,1,0,1,1,0,1,0,0,1,1
2.719481000,1,1,1,0,1,1,0,1,0,0,1,0
2.719898000,0,0,0,0,0,0,0,0,0,0,0,0
2.719903000,0,1,0,1,1,1,0,1,0,0,1,0
2.719981000,0,1,0,1,1,1,0,1,0,0,1,1
2.720481000,0,1,0,1,1,1,0,1,0,0,1,0
2.720898000,0,0,0,0,0,0,0,0,0,0,0,0
2.720903000,0,1,1,0,1,1,0,1,0,0,1,0
2.720981000,0,1,1,0,1,1,0,1,0,0,1,1
2.721481000,0,1,1,0,1,1,0,1,0,0,1,0
2.721898000,0,0,0,0,0,0,0,0,0,0,0,0
2.721903000,0,1,1,1,0,1,0,1,0,0,1,0
2.721981000,0,1,1,1,0,1,0,1,0,0,1,1
2.722481000,0,1,1,1,0,1,0,1,0,0,1,0
2.722898000,0,0,0,0,0,0,0,0,0,0,0,0
2.722903000,0,1,1,1,1,1,0,1,0,0,1,0
2.722981000,0,1,1,1,1,1,0,1,0,0,1,1
2.723481000,0,1,1,1,1,1,0,1,0,0,1,0
2.723898000,0,0,0,0,0,0,0,0,0,0,0,0
2.723903000,1,0,0,1,0,0,1,1,0,0,1,0
2.723981000,1,0,0,1,0,0,1,1,0,0,1,1
2.724481000,1,0,0,1,0,0,1,1,0,0,1,0
2.724898000,0,0,0,0,0,0,0,0,0,0,0,0
2.724903000,0,1,1,0,0,0,1,1,0,0,1,0
2.724981000,0,1,1,0,0,0,1,1,0,0,1,1
2.725481000,0,1,1,0,0,0,1,1,0,0,1,0
2.725898000,0,0,0,0,0,0,0,0,0,0,0,0
2.725903000,1,0,1,1,0,0,1,1,0,0,1,0
2.725981000,1,0,1,1,0,0,1,1,0,0,1,1
2.726481000,1,0,1,1,0,0,1,1,0,0,1,0
2.726898000,0,0,0,0,0,0,0,0,0,0,0,0
2.726903000,1,1,1,1,1,1,0,1,0,0,1,0
2.726981000,1,1,1,1,1,1,0,1,0,0,1,1
2.727481000,1,1,1,1,1,1,0,1,0,0,1,0
2.727898000,0,0,0,0,0,0,0,0,0,0,0,0
2.727903000,0,0,0,1,0,0,1,1,0,0,1,0
2.727981000,0,0,0,1,0,0,1,1,0,0,1,1
2.728481000,0,0,0,1,0,0,1,1,0,0,1,0
2.728898000,0,0,0,0,0,0,0,0,0,0,0,0
2.728903000,1,1,0,1,0,0,1,1,0,0,1,0
2.728981000,1,1,0,1,0,0,1,1,0,0,1,1
2.729481000,1,1,0,1,0,0,1,1,0,0,1,0
2.729898000,0,0,0,0,0,0,0,0,0,0,0,0
2.729903000,1,1,0,1,1,1,0,1,0,0,1,0
2.729981000,1,1,0,1,1,1,0,1,0,0,1,1
2.730481000,1,1,0,1,1,1,0,1,0,0,1,0
2.730898000,0,0,0,0,0,0,0,0,0,0,0,0
2.730903000,1,1,1,1,1,1,0,1,0,0,1,0
2.730981000,1,1,1,1,1,1,0,1,0,0,1,1
2.731481000,1,1,1,1,1,1,0,1,0,0,1,0
2.731898000,0,0,0,0,0,0,0,0,0,0,0,0
2.731903000,1,1,1,1,1,1,0,1,0,0,1,0
2.731981000,1,1,1,1,1,1,0,1,0,0,1,1
2.732481000,1,1,1,1,1,1,0,1,0,0,1,0
2.732898000,0,0,0,0,0,0,0,0,0,0,0,0
2.732903000,1,1,1,1,1,1,0,1,0,0,1,0
2.732981000,1,1,1,1,1,1,0,1,0,0,1,1
2.733481000,1,1,1,1,1,1,0,1,0,0,1,0
2.733898000,0,0,0,0,0,0,0,0,0,0,0,0
2.733903000,1,1,1,1,1,1,0,1,0,0,1,0
2.733981000,1,1,1,1,1,1,0,1,0,0,1,1
2.734481000,1,1,1,1,1,1,0,1,0,0,1,0
2.734898000,0,0,0,0,0,0,0,0,0,0,0,0
2.734903000,1,0,1,0,0,0,1,1,0,0,1,0
2.734981000,1,0,1,0,0,0,1,1,0,0,1,1
2.735481000,1,0,1,0,0,0,1,1,0,0,1,0
2.735898000,0,0,0,0,0,0,0,0,0,0,0,0
2.735903000,0,1,0,1,0,0,1,1,0,0,1,0
2.735981000,0,1,0,1,0,0,1,1,0,0,1,1
2.736481000,0,1,0,1,0,0,1,1,0,0,1,0
2.736898000,0,0,0,0,0,0,0,0,0,0,0,0
2.736903000,1,1,1,1,1,1,0,1,0,0,1,0
2.736981000,1,1,1,1,1,1,0,1,0,0,1,1
2.737481000,1,1,1,1,1,1,0,1,0,0,1,0
2.737898000,0,0,0,0,0,0,0,0,0,0,0,0
2.737903000,0,1,0,0,1,0,1,1,0,0,1,0
2.737981000,0,1,0,0,1,0,1,1,0,0,1,1
2.738481000,0,1,0,0,1,0,1,1,0,0,1,0
2.738898000,0,0,0,0,0,0,0,0,0,0,0,0
2.738903000,0,1,0,0,0,0,1,1,0,0,1,0
2.738981000,0,1,0,0,0,0,1,1,0,0,1,1
2.739481000,0,1,0,0,0,0,1,1,0,0,1,0
2.739898000,0,0,0,0,0,0,0,0,0,0,0,0
2.739903000,0,1,1,1,0,0,1,1,0,0,1,0
2.739981000,0,1,1,1,0,0,1,1,0,0,1,1
2.740481000,0,1,1,1,0,0,1,1,0,0,1,0
2.740898000,0,0,0,0,0,0,0,0,0,0,0,0
2.740903000,1,0,1,1,1,1,0,1,0,0,1,0
2.740981000,1,0,1,1,1,1,0,1,0,0,1,1
2.741481000,1,0,1,1,1,1,0,1,0,0,1,0
2.741898000,0,0,0,0,0,0,0,0,0,0,0,0
2.741903000,0,1,1,1,1,1,0,1,0,0,1,0
2.741981000,0,1,1,1,1,1,0,1,0,0,1,1
2.742481000,0,1,1,1,1,1,0,1,0,0,1,0
2.742898000,0,0,0,0,0,0,0,0,0,0,0,0
2.742903000,0,0,0,1,1,0,1,1,0,0,1,0
2.742981000,0,0,0,1,1,0,1,1,0,0,1,1
2.743481000,0,0,0,1,1,0,1,1,0,0,1,0
2.743898000,0,0,0,0,0,0,0,0,0,0,0,0
2.743903000,0,0,1,0,0,0,1,1,0,0,1,0
2.743981000,0,0,1,0,0,0,1,1,0,0,1,1
2.744481000,0,0,1,0,0,0,1,1,0,0,1,0
2.744898000,0,0,0,0,0,0,0,0,0,0,0,0
2.744903000,1,1,1,1,1,1,0,1,0,0,1,0
2.744981000,1,1,1,1,1,1,0,1,0,0,1,1
2.745481000,1,1,1,1,1,1,0,1,0,0,1,0
2.745898000,0,0,0,0,0,0,0,0,0,0,0,0
2.745903000,1,1,1,1,1,1,0,1,0,0,1,0
2.745981000,1,1,1,1,1,1,0,1,0,0,1,1
2.746481000,1,1,1,1,1,1,0,1,0,0,1,0
2.746898000,0,0,0,0,0,0,0,0,0,0,0,0
2.746903000,0,1,0,1,1,1,0,1,0,0,1,0
2.746981000,0,1,0,1,1,1,0,1,0,0,1,1
2.747481000,0,1,0,1,1,1,0,1,0,0,1,0
2.747898000,0,0,0,0,0,0,0,0,0,0,0,0
2.747903000,0,1,1,1,1,1,0,1,0,0,1,0
2.747981000,0,1,1,1,1,1,0,1,0,0,1,1
2.748481000,0,1,1,1,1,1,0,1,0,0,1,0
2.748898000,0,0,0,0,0,0,0,0,0,0,0,0
2.748903000,0,0,1,1,0,0,1,1,0,0,1,0
2.748981000,0,0,1,1,0,0,1,1,0,0,1,1
2.749481000,0,0,1,1,0,0,1,1,0,0,1,0
2.749898000,0,0,0,0,0,0,0,0,0,0,0,0
2.749903000,1,1,1,1,0,0,1,1,0,0,1,0
2.749981000,1,1,1,1,0,0,1,1,0,0,1,1
2.750481000,1,1,1,1,0,0,1,1,0,0,1,0
2.750898000,0,0,0,0,0,0,0,0,0,0,0,0
2.750903000,1,1,1,1,1,1,0,1,0,0,1,0
2.750981000,1,1,1,1,1,1,0,1,0,0,1,1
2.751481000,1,1,1,1,1,1,0,1,0,0,1,0
2.751898000,0,0,0,0,0,0,0,0,0,0,0,0
2.751903000,1,1,1,0,0,0,1,1,0,0,1,0
2.751981000,1,1,1,0,0,0,1,1,0,0,1,1
2.752481000,1,1,1,0,0,0,1,1,0,0,1,0
2.752898000,0,0,0,0,0,0,0,0,0,0,0,0
2.752903000,1,0,0,0,0,0,1,1,0,0,1,0
2.752981000,1,0,0,0,0,0,1,1,0,0,1,1
2.753481000,1,0,0,0,0,0,1,1,0,0,1,0
2.753898000,0,0,0,0,0,0,0,0,0,0,0,0
2.753903000,1,1,0,0,1,0,1,1,0,0,1,0
2.753981000,1,1,0,0,1,0,1,1,0,0,1,1
2.754481000,1,1,0,0,1,0,1,1,0,0,1,0
2.754898000,0,0,0,0,0,0,0,0,0,0,0,0
2.754903000,0,0,1,0,0,0,1,1,0,0,1,0
2.754981000,0,0,1,0,0,0,1,1,0,0,1,1
2.755481000,0,0,1,0,0,0,1,1,0,0,1,0
2.755898000,0,0,0,0,0,0,0,0,0,0,0,0
2.755903000,0,1,1,1,1,1,0,1,0,0,1,0
2.755981000,0,1,1,1,1,1,0,1,0,0,1,1
2.756481000,0,1,1,1,1,1,0,1,0,0,1,0
2.756898000,0,0,0,0,0,0,0,0,0,0,0,0
2.756903000,0,0,0,1,0,0,1,1,0,0,1,0
2.756981000,0,0,0,1,0,0,1,1,0,0,1,1
2.757481000,0,0,0,1,0,0,1,1,0,0,1,0
2.757898000,0,0,0,0,0,0,0,0,0,0,0,0
2.757903000,1,1,1,1,1,1,0,1,0,0,1,0
2.757981000,1,1,1,1,1,1,0,1,0,0,1,1
2.758481000,1,1,1,1,1,1,0,1,0,0,1,0
2.758898000,0,0,0,0,0,0,0,0,0,0,0,0
2.758903000,1,1,1,1,1,1,0,1,0,0,1,0
2.758981000,1,1,1,1,1,1,0,1,0,0,1,1
2.759481000,1,1,1,1,1,1,0,1,0,0,1,0
2.759898000,0,0,0,0,0,0,0,0,0,0,0,0
2.759903000,1,0,1,1,1,1,0,1,0,0,1,0
2.759981000,1,0,1,1,1,1,0,1,0,0,1,1
2.760481000,1,0,1,1,1,1,0,1,0,0,1,0
2.760898000,0,0,0,0,0,0,0,0,0,0,0,0
2.760903000,1,1,0,1,1,1,0,1,0,0,1,0
2.760981000,1,1,0,1,1,1,0,1,0,0,1,1
2.761481000,1,1,0,1,1,1,0,1,0,0,1,0
2.761898000,0,0,0,0,0,0,0,0,0,0,0,0
2.761903000,0,1,0,0,0,0,1,1,0,0,1,0
2.761981000,0,1,0,0,0,0,1,1,0,0,1,1
2.762481000,0,1,0,0,0,0,1,1,0,0,1,0
2.762898000,0,0,0,0,0,0,0,0,0,0,0,0
2.762903000,1,1,1,0,0,0,1,1,0,0,1,0
2.762981000,1,1,1,0,0,0,1,1,0,0,1,1
2.763481000,1,1,1,0,0,0,1,1,0,0,1,0
2.763898000,0,0,0,0,0,0,0,0,0,0,0,0
2.763903000,1,1,1,1,1,1,0,1,0,0,1,0
2.763981000,1,1,1,1,1,1,0,1,0,0,1,1
2.764481000,1,1,1,1,1,1,0,1,0,0,1,0
2.764898000,0,0,0,0,0,0,0,0,0,0,0,0
2.764903000,1,1,0,1,0,0,1,1,0,0,1,0
2.764981000,1,1,0,1,0,0,1,1,0,0,1,1
2.765481000,1,1,0,1,0,0,1,1,0,0,1,0
2.765898000,0,0,0,0,0,0,0,0,0,0,0,0
2.765903000,1,1,1,1,1,1,0,1,0,0,1,0
2.765981000,1,1,1,1,1,1,0,1,0,0,1,1
2.766481000,1,1,1,1,1,1,0,1,0,0,1,0
2.766898000,0,0,0,0,0,0,0,0,0,0,0,0
2.766903000,1,0,0,1,0,0,1,1,0,0,1,0
2.766981000,1,0,0,1,0,0,1,1,0,0,1,1
2.767481000,1,0,0,1,0,0,1,1,0,0,1,0
2.767898000,0,0,0,0,0,0,0,0,0,0,0,0
2.767903000,0,1,1,1,0,0,1,1,0,0,1,0
2.767981000,0,1,1,1,0,0,1,1,0,0,1,1
2.768481000,0,1,1,1,0,0,1,1,0,0,1,0
2.768898000,0,0,0,0,0,0,0,0,0,0,0,0
2.768903000,1,1,0,1,1,1,0,1,0,0,1,0
2.768981000,1,1,0,1,1,1,0,1,0,0,1,1
2.769481000,1,1,0,1,1,1,0,1,0,0,1,0
2.769898000,0,0,0,0,0,0,0,0,0,0,0,0
2.769903000,1,1,1,1,1,1,0,1,0,0,1,0
2.769981000,1,1,1,1,1,1,0,1,0,0,1,1
2.770481000,1,1,1,1,1,1,0,1,0,0,1,0
2.770898000,0,0,0,0,0,0,0,0,0,0,0,0
2.770903000,1,0,1,0,1,1,0,1,0,0,1,0
2.770981000,1,0,1,0,1,1,0,1,0,0,1,1
2.771481000,1,0,1,0,1,1,0,1,0,0,1,0
2.771898000,0,0,0,0,0,0,0,0,0,0,0,0
2.771903000,0,0,1,1,0,0,1,1,0,0,1,0
2.771981000,0,0,1,1,0,0,1,1,0,0,1,1
2.772481000,0,0,1,1,0,0,1,1,0,0,1,0
2.772898000,0,0,0,0,0,0,0,0,0,0,0,0
2.772903000,1,1,1,1,0,0,1,1,0,0,1,0
2.772981000,1,1,1,1,0,0,1,1,0,0,1,1
2.773481000,1,1,1,1,0,0,1,1,0,0,1,0
2.773898000,0,0,0,0,0,0,0,0,0,0,0,0
2.773903000,0,1,0,1,0,0,1,1,0,0,1,0
2.773981000,0,1,0,1,0,0,1,1,0,0,1,1
2.774481000,0,1,0,1,0,0,1,1,0,0,1,0
2.774898000,0,0,0,0,0,0,0,0,0,0,0,0
2.774903000,1,1,1,1,1,1,0,1,0,0,1,0
2.774981000,1,1,1,1,1,1,0,1,0,0,1,1
2.775481000,1,1,1,1,1,1,0,1,0,0,1,0
2.775898000,0,0,0,0,0,0,0,0,0,0,0,0
2.775903000,1,1,1,1,0,0,1,1,0,0,1,0
2.775981000,1,1,1,1,0,0,1,1,0,0,1,1
2.776481000,1,1,1,1,0,0,1,1,0,0,1,0
2.776898000,0,0,0,0,0,0,0,0,0,0,0,0
2.776903000,1,1,1,1,1,1,0,1,0,0,1,0
2.776981000,1,1,1,1,1,1,0,1,0,0,1,1
2.777481000,1,1,1,1,1,1,0,1,0,0,1,0
2.777898000,0,0,0,0,0,0,0,0,0,0,0,0
2.777903000,1,1,1,1,1,1,0,1,0,0,1,0
2.777981000,1,1,1,1,1,1,0,1,0,0,1,1
2.778481000,1,1,1,1,1,1,0,1,0,0,1,0
2.778898000,0,0,0,0,0,0,0,0,0,0,0,0
2.778903000,0,1,0,0,0,0,1,1,0,0,1,0
2.778981000,0,1,0,0,0,0,1,1,0,0,1,1
2.779481000,0,1,0,0,0,0,1,1,0,0,1,0
2.779898000,0,0,0,0,0,0,0,0,0,0,0,0
2.779903000,0,1,1,0,0,0,1,1,0,0,1,0
2.779981000,0,1,1,0,0,0,1,1,0,0,1,1
2.780481000,0,1,1,0,0,0,1,1,0,0,1,0
2.780898000,0,0,0,0,0,0,0,0,0,0,0,0
2.780903000,1,0,0,0,1,0,1,1,0,0,1,0
2.780981000,1,0,0,0,1,0,1,1,0,0,1,1
2.781481000,1,0,0,0,1,0,1,1,0,0,1,0
2.781898000,0,0,0,0,0,0,0,0,0,0,0,0
2.781903000,0,0,0,0,1,0,1,1,0,0,1,0
2.781981000,0,0,0,0,1,0,1,1,0,0,1,1
2.782481000,0,0,0,0,1,0,1,1,0,0,1,0
2.782898000,0,0,0,0,0,0,0,0,0,0,0,0
2.782903000,0,0,1,0,1,0,1,1,0,0,1,0
2.782981000,0,0,1,0,1,0,1,1,0,0,1,1
2.783481000,0,0,1,0,1,0,1,1,0,0,1,0
2.783898000,0,0,0,0,0,0,0,0,0,0,0,0
2.783903000,1,1,1,1,1,1,0,1,0,0,1,0
2.783981000,1,1,1,1,1,1,0,1,0,0,1,1
2.784481000,1,1,1,1,1,1,0,1,0,0,1,0
2.784898000,0,0,0,0,0,0,0,0,0,0,0,0
2.784903000,1,1,1,1,1,1,0,1,0,0,1,0
2.784981000,1,1,1,1,1,1,0,1,0,0,1,1
2.785481000,1,1,1,1,1,1,0,1,0,0,1,0
2.785898000,0,0,0,0,0,0,0,0,0,0,0,0
2.785903000,1,1,1,1,1,1,0,1,0,0,1,0
2.785981000,1,1,1,1,1,1,0,1,0,0,1,1
2.786481000,1,1,1,1,1,1,0,1,0,0,1,0
2.786897000,1,1,1,1,1,1,0,1,0,0,0,0
2.786898000,0,0,0,0,0,0,0,0,0,0,0,0
2.786903000,1,1,1,1,1,1,0,1,0,0,1,0
2.786981000,1,1,1,1,1,1,0,1,0,0,1,1
2.787481000,1,1,1,1,1,1,0,1,0,0,1,0
2.787897000,1,1,1,1,1,1,0,1,0,0,0,0
2.787898000,0,0,0,0,0,0,0,0,0,0,0,0
2.787903000,1,1,0,0,0,0,1,1,0,0,1,0
2.787981000,1,1,0,0,0,0,1,1,0,0,1,1
2.788481000,1,1,0,0,0,0,1,1,0,0,1,0
2.788897000,1,1,0,0,0,0,1,1,0,0,0,0
2.788898000,0,0,0,0,0,0,0,0,0,0,0,0
2.788903000,1,1,0,0,1,0,1,1,0,0,1,0
2.788981000,1,1,0,0,1,0,1,1,0,0,1,1
2.789481000,1,1,0,0,1,0,1,1,0,0,1,0
2.789897000,1,1,0,0,1,0,1,1,0,0,0,0
2.789898000,0,0,0,0,0,0,0,0,0,0,0,0
2.789903000,1,1,0,1,1,1,0,1,0,0,1,0
2.789981000,1,1,0,1,1,1,0,1,0,0,1,1
2.790481000,1,1,0,1,1,1,0,1,0,0,1,0
2.790897000,1,1,0,1,0,0,0,1,0,0,0,0
2.790898000,0,0,0,0,0,0,0,0,0,0,0,0
2.790903000,1,1,0,1,0,0,1,1,0,0,1,0
2.790981000,1,1,0,1,0,0,1,1,0,0,1,1
2.791481000,1,1,0,1,0,0,1,1,0,0,1,0
2.791897000,0,0,0,1,0,0,1,1,0,0,1,0
2.791898000,0,0,0,0,0,0,0,0,0,0,0,0
2.791903000,0,1,0,0,1,0,1,1,0,0,1,0
2.791981000,0,1,0,0,1,0,1,1,0,0,1,1
2.792481000,0,1,0,0,1,0,1,1,0,0,1,0
2.792897000,0,0,0,0,0,0,0,0,0,0,0,0
2.792903000,1,1,1,1,1,1,0,1,0,0,1,0
2.792981000,1,1,1,1,1,1,0,1,0,0,1,1
2.793481000,1,1,1,1,1,1,0,1,0,0,1,0
2.793897000,0,0,0,0,0,0,0,0,0,0,0,0
2.793903000,1,1,1,0,1,0,1,1,0,0,1,0
2.793981000,1,1,1,0,1,0,1,1,0,0,1,1
2.794481000,1,1,1,0,1,0,1,1,0,0,1,0
2.794897000,0,0,0,0,0,0,0,0,0,0,0,0
2.794903000,0,0,1,0,0,0,1,1,0,0,1,0
2.794981000,0,0,1,0,0,0,1,1,0,0,1,1
2.795481000,0,0,1,0,0,0,1,1,0,0,1,0
2.795897000,0,0,0,0,0,0,0,0,0,0,0,0
2.795903000,1,1,1,1,1,1,0,1,0,0,1,0
2.795981000,1,1,1,1,1,1,0,1,0,0,1,1
2.796481000,1,1,1,1,1,1,0,1,0,0,1,0
2.796897000,0,0,0,0,0,0,0,0,0,0,0,0
2.796903000,1,1,0,1,0,0,1,1,0,0,1,0
2.796981000,1,1,0,1,0,0,1,1,0,0,1,1
2.797481000,1,1,0,1,0,0,1,1,0,0,1,0
2.797897000,0,0,0,0,0,0,0,0,0,0,0,0
2.797902000,0,0,0,0,0,0,1,0,0,0,0,0
2.797903000,1,1,0,1,0,0,1,1,0,0,1,0
2.797981000,1,1,0,1,0,0,1,1,0,0,1,1
2.798481000,1,1,0,1,0,0,1,1,0,0,1,0
2.798897000,0,0,0,0,0,0,0,0,0,0,0,0
2.798902000,0,0,0,0,0,1,0,1,0,0,0,0
2.798903000,1,0,1,0,1,1,0,1,0,0,1,0
2.798981000,1,0,1,0,1,1,0,1,0,0,1,1
2.799481000,1,0,1,0,1,1,0,1,0,0,1,0
2.799897000,0,0,0,0,0,0,0,0,0,0,0,0
2.799902000,0,0,0,0,1,0,1,1,0,0,1,0
2.799981000,0,0,0,0,1,0,1,1,0,0,1,1
2.800481000,0,0,0,0,1,0,1,1,0,0,1,0
2.800897000,0,0,0,0,0,0,0,0,0,0,0,0
2.800902000,0,0,0,0,1,0,1,1,0,0,0,0
2.800903000,1,1,1,0,1,0,1,1,0,0,1,0
2.800981000,1,1,1,0,1,0,1,1,0,0,1,1
2.801481000,1,1,1,0,1,0,1,1,0,0,1,0
2.801897000,0,0,0,0,0,0,0,0,0,0,0,0
2.801902000,0,0,0,0,1,0,1,1,0,0,1,0
2.801981000,0,0,0,0,1,0,1,1,0,0,1,1
2.802481000,0,0,0,0,1,0,1,1,0,0,1,0
2.802897000,0,0,0,0,0,0,0,0,0,0,0,0
2.802902000,0,0,1,0,0,0,1,1,0,0,1,0
2.802981000,0,0,1,0,0,0,1,1,0,0,1,1
2.803481000,0,0,1,0,0,0,1,1,0,0,1,0
2.803897000,0,0,0,0,0,0,0,0,0,0,0,0
2.803902000,0,0,0,0,1,0,1,1,0,0,1,0
2.803981000,0,0,0,0,1,0,1,1,0,0,1,1
2.804481000,0,0,0,0,1,0,1,1,0,0,1,0
2.804897000,0,0,0,0,0,0,0,0,0,0,0,0
2.804902000,1,1,1,1,1,1,0,1,0,0,1,0
2.804981000,1,1,1,1,1,1,0,1,0,0,1,1
2.805481000,1,1,1,1,1,1,0,1,0,0,1,0
2.805897000,0,0,0,0,0,0,0,0,0,0,0,0
2.805902000,1,1,1,1,1,1,0,1,0,0,1,0
2.805981000,1,1,1,1,1,1,0,1,0,0,1,1
2.806481000,1,1,1,1,1,1,0,1,0,0,1,0
2.806897000,0,0,0,0,0,0,0,0,0,0,0,0
2.806902000,0,1,1,0,0,0,1,1,0,0,1,0
2.806981000,0,1,1,0,0,0,1,1,0,0,1,1
2.807481000,0,1,1,0,0,0,1,1,0,0,1,0
2.807897000,0,0,0,0,0,0,0,0,0,0,0,0
2.807902000,1,1,1,1,1,1,0,1,0,0,1,0
2.807981000,1,1,1,1,1,1,0,1,0,0,1,1
2.808481000,1,1,1,1,1,1,0,1,0,0,1,0
2.808897000,0,0,0,0,0,0,0,0,0,0,0,0
2.808902000,1,1,1,0,1,1,0,1,0,0,1,0
2.808981000,1,1,1,0,1,1,0,1,0,0,1,1
2.809481000,1,1,1,0,1,1,0,1,0,0,1,0
2.809897000,0,0,0,0,0,0,0,0,0,0,0,0
2.809902000,1,1,1,1,0,0,1,1,0,0,1,0
2.809981000,1,1,1,1,0,0,1,1,0,0,1,1
2.810481000,1,1,1,1,0,0,1,1,0,0,1,0
2.810897000,0,0,0,0,0,0,0,0,0,0,0,0
2.810902000,0,0,0,0,0,0,1,1,0,0,1,0
2.810981000,0,0,0,0,0,0,1,1,0,0,1,1
2.811481000,0,0,0,0,0,0,1,1,0,0,1,0
2.811897000,0,0,0,0,0,0,0,0,0,0,0,0
2.811902000,1,1,1,0,1,1,0,1,0,0,1,0
2.811981000,1,1,1,0,1,1,0,1,0,0,1,1
2.812481000,1,1,1,0,1,1,0,1,0,0,1,0
2.812897000,0,0,0,0,0,0,0,0,0,0,0,0
2.812902000,0,1,0,1,0,0,1,1,0,0,1,0
2.812981000,0,1,0,1,0,0,1,1,0,0,1,1
2.813481000,0,1,0,1,0,0,1,1,0,0,1,0
2.813897000,0,0,0,0,0,0,0,0,0,0,0,0
2.813902000,0,0,0,1,0,0,1,1,0,0,1,0
2.813981000,0,0,0,1,0,0,1,1,0,0,1,1
2.814481000,0,0,0,1,0,0,1,1,0,0,1,0
2.814897000,0,0,0,0,0,0,0,0,0,0,0,0
2.814902000,1,1,1,1,1,1,0,1,0,0,1,0
2.814981000,1,1,1,1,1,1,0,1,0,0,1,1
2.815481000,1,1,1,1,1,1,0,1,0,0,1,0
2.815897000,0,0,0,0,0,0,0,0,0,0,0,0
2.815902000,0,0,0,1,0,0,1,1,0,0,1,0
2.815981000,0,0,0,1,0,0,1,1,0,0,1,1
2.816481000,0,0,0,1,0,0,1,1,0,0,1,0
2.816897000,0,0,0,0,0,0,0,0,0,0,0,0
2.816902000,0,0,0,0,1,0,1,1,0,0,1,0
2.816981000,0,0,0,0,1,0,1,1,0,0,1,1
2.817481000,0,0,0,0,1,0,1,1,0,0,1,0
2.817897000,0,0,0,0,0,0,0,0,0,0,0,0
2.817902000,1,1,1,1,1,1,0,1,0,0,1,0
2.817981000,1,1,1,1,1,1,0,1,0,0,1,1
2.818481000,1,1,1,1,1,1,0,1,0,0,1,0
2.818897000,0,0,0,0,0,0,0,0,0,0,0,0
2.818902000,0,0,1,1,1,1,0,1,0,0,1,0
2.818981000,0,0,1,1,1,1,0,1,0,0,1,1
2.819481000,0,0,1,1,1,1,0,1,0,0,1,0
2.819897000,0,0,0,0,0,0,0,0,0,0,0,0
2.819902000,0,1,1,0,0,0,1,1,0,0,1,0
2.819981000,0,1,1,0,0,0,1,1,0,0,1,1
2.820481000,0,1,1,0,0,0,1,1,0,0,1,0
2.820897000,0,0,0,0,0,0,0,0,0,0,0,0
2.820902000,1,1,1,0,1,0,1,1,0,0,1,0
2.820981000,1,1,1,0,1,0,1,1,0,0,1,1
2.821481000,1,1,1,0,1,0,1,1,0,0,1,0
2.821897000,0,0,0,0,0,0,0,0,0,0,0,0
2.821902000,1,0,1,1,1,1,0,1,0,0,1,0
2.821981000,1,0,1,1,1,1,0,1,0,0,1,1
2.822481000,1,0,1,1,1,1,0,1,0,0,1,0
2.822897000,0,0,0,0,0,0,0,0,0,0,0,0
2.822902000,1,1,1,1,1,1,0,1,0,0,1,0
2.822981000,1,1,1,1,1,1,0,1,0,0,1,1
2.823481000,1,1,1,1,1,1,0,1,0,0,1,0
2.823897000,0,0,0,0,0,0,0,0,0,0,0,0
2.823902000,1,0,1,1,1,1,0,1,0,0,1,0
2.823981000,1,0,1,1,1,1,0,1,0,0,1,1
2.824481000,1,0,1,1,1,1,0,1,0,0,1,0
2.824897000,0,0,0,0,0,0,0,0,0,0,0,0
2.824902000,0,1,0,1,0,0,1,1,0,0,1,0
2.824981000,0,1,0,1,0,0,1,1,0,0,1,1
2.825481000,0,1,0,1,0,0,1,1,0,0,1,0
2.825897000,0,0,0,0,0,0,0,0,0,0,0,0
2.825902000,0,0,0,1,0,0,1,1,0,0,1,0
2.825981000,0,0,0,1,0,0,1,1,0,0,1,1
2.826481000,0,0,0,1,0,0,1,1,0,0,1,0
2.826897000,0,0,0,0,0,0,0,0,0,0,0,0
2.826902000,0,0,0,0,0,0,1,1,0,0,1,0
2.826981000,0,0,0,0,0,0,1,1,0,0,1,1
2.827481000,0,0,0,0,0,0,1,1,0,0,1,0
2.827897000,0,0,0,0,0,0,0,0,0,0,0,0
2.827902000,0,1,0,0,0,0,1,1,0,0,1,0
2.827981000,0,1,0,0,0,0,1,1,0,0,1,1
2.828481000,0,1,0,0,0,0,1,1,0,0,1,0
2.828897000,0,0,0,0,0,0,0,0,0,0,0,0
2.828902000,1,1,1,1,1,1,0,1,0,0,1,0
2.828981000,1,1,1,1,1,1,0,1,0,0,1,1
2.829481000,1,1,1,1,1,1,0,1,0,0,1,0
2.829897000,0,0,0,0,0,0,0,0,0,0,0,0
2.829902000,1,1,1,1,1,1,0,1,0,0,1,0
2.829981000,1,1,1,1,1,1,0,1,0,0,1,1
2.830481000,1,1,1,1,1,1,0,1,0,0,1,0
2.830897000,0,0,0,0,0,0,0,0,0,0,0,0
2.830902000,1,0,1,0,0,0,1,1,0,0,1,0
2.830981000,1,0,1,0,0,0,1,1,0,0,1,1
2.831481000,1,0,1,0,0,0,1,1,0,0,1,0
2.831897000,0,0,0,0,0,0,0,0,0,0,0,0
2.831902000,0,1,0,0,0,0,1,1,0,0,1,0
2.831981000,0,1,0,0,0,0,1,1,0,0,1,1
2.832481000,0,1,0,0,0,0,1,1,0,0,1,0
2.832897000,0,0,0,0,0,0,0,0,0,0,0,0
2.832902000,1,1,1,1,1,1,0,1,0,0,1,0
2.832981000,1,1,1,1,1,1,0,1,0,0,1,1
2.833480000,1,1,1,1,1,1,0,1,0,0,1,0
2.833897000,0,0,0,0,0,0,0,0,0,0,0,0
2.833902000,1,0,0,1,0,0,1,1,0,0,1,0
2.833980000,1,0,0,1,0,0,1,1,0,0,1,1
2.834480000,1,0,0,1,0,0,1,1,0,0,1,0
2.834897000,0,0,0,0,0,0,0,0,0,0,0,0
2.834902000,1,0,0,0,1,0,1,1,0,0,1,0
2.834980000,1,0,0,0,1,0,1,1,0,0,1,1
2.835480000,1,0,0,0,1,0,1,1,0,0,1,0
2.835897000,0,0,0,0,0,0,0,0,0,0,0,0
2.835902000,1,1,1,1,1,1,0,1,0,0,1,0
2.835980000,1,1,1,1,1,1,0,1,0,0,1,1
2.836480000,1,1,1,1,1,1,0,1,0,0,1,0
2.836897000,0,0,0,0,0,0,0,0,0,0,0,0
2.836902000,1,1,1,1,1,1,0,1,0,0,1,0
2.836980000,1,1,1,1,1,1,0,1,0,0,1,1
2.837480000,1,1,1,1,1,1,0,1,0,0,1,0
2.837897000,0,0,0,0,0,0,0,0,0,0,0,0
2.837902000,1,0,0,0,1,1,0,1,0,0,1,0
2.837980000,1,0,0,0,1,1,0,1,0,0,1,1
2.838480000,1,0,0,0,1,1,0,1,0,0,1,0
2.838897000,0,0,0,0,0,0,0,0,0,0,0,0
2.838902000,1,1,1,1,1,1,0,1,0,0,1,0
2.838980000,1,1,1,1,1,1,0,1,0,0,1,1
2.839480000,1,1,1,1,1,1,0,1,0,0,1,0
2.839897000,0,0,0,0,0,0,0,0,0,0,0,0
2.839902000,1,1,1,1,1,1,0,1,0,0,1,0
2.839980000,1,1,1,1,1,1,0,1,0,0,1,1
2.840480000,1,1,1,1,1,1,0,1,0,0,1,0
2.840897000,0,0,0,0,0,0,0,0,0,0,0,0
2.840902000,0,1,1,1,0,0,1,1,0,0,1,0
2.840980000,0,1,1,1,0,0,1,1,0,0,1,1
2.841480000,0,1,1,1,0,0,1,1,0,0,1,0
2.841897000,0,0,0,0,0,0,0,0,0,0,0,0
2.841902000,0,0,0,1,0,0,1,1,0,0,1,0
2.841980000,0,0,0,1,0,0,1,1,0,0,1,1
2.842480000,0,0,0,1,0,0,1,1,0,0,1,0
2.842897000,0,0,0,0,0,0,0,0,0,0,0,0
2.842902000,1,1,1,1,1,1,0,1,0,0,1,0
2.842980000,1,1,1,1,1,1,0,1,0,0,1,1
2.843480000,1,1,1,1,1,1,0,1,0,0,1,0
2.843897000,0,0,0,0,0,0,0,0,0,0,0,0
2.843902000,1,0,1,0,1,0,1,1,0,0,1,0
2.843980000,1,0,1,0,1,0,1,1,0,0,1,1
2.844480000,1,0,1,0,1,0,1,1,0,0,1,0
2.844897000,0,0,0,0,0,0,0,0,0,0,0,0
2.844902000,0,0,0,1,0,0,1,1,0,0,1,0
2.844980000,0,0,0,1,0,0,1,1,0,0,1,1
2.845480000,0,0,0,1,0,0,1,1,0,0,1,0
2.845897000,0,0,0,0,0,0,0,0,0,0,0,0
2.845902000,0,0,1,0,0,0,1,1,0,0,1,0
2.845980000,0,0,1,0,0,0,1,1,0,0,1,1
2.846480000,0,0,1,0,0,0,1,1,0,0,1,0
2.846897000,0,0,0,0,0,0,0,0,0,0,0,0
2.846902000,1,1,1,1,1,1,0,1,0,0,1,0
2.846980000,1,1,1,1,1,1,0,1,0,0,1,1
2.847480000,1,1,1,1,1,1,0,1,0,0,1,0
2.847897000,0,0,0,0,0,0,0,0,0,0,0,0
2.847902000,0,0,1,1,0,0,1,1,0,0,1,0
2.847980000,0,0,1,1,0,0,1,1,0,0,1,1
2.848480000,0,0,1,1,0,0,1,1,0,0,1,0
2.848897000,0,0,0,0,0,0,0,0,0,0,0,0
2.848902000,0,0,0,0,0,0,1,1,0,0,1,0
2.848980000,0,0,0,0,0,0,1,1,0,0,1,1
2.849480000,0,0,0,0,0,0,1,1,0,0,1,0
2.849897000,0,0,0,0,0,0,0,0,0,0,0,0
2.849902000,1,0,1,0,0,0,1,1,0,0,1,0
2.849980000,1,0,1,0,0,0,1,1,0,0,1,1
2.850480000,1,0,1,0,0,0,1,1,0,0,1,0
2.850897000,0,0,0,0,0,0,0,0,0,0,0,0
2.850902000,1,0,0,1,0,0,1,1,0,0,1,0
2.850980000,1,0,0,1,0,0,1,1,0,0,1,1
2.851480000,1,0,0,1,0,0,1,1,0,0,1,0
2.851897000,0,0,0,0,0,0,0,0,0,0,0,0
2.851902000,1,0,1,1,1,0,1,1,0,0,1,0
2.851980000,1,0,1,1,1,0,1,1,0,0,1,1
2.852480000,1,0,1,1,1,0,1,1,0,0,1,0
2.852897000,0,0,0,0,0,0,0,0,0,0,0,0
2.852902000,0,0,0,0,1,0,1,1,0,0,1,0
2.852980000,0,0,0,0,1,0,1,1,0,0,1,1
2.853480000,0,0,0,0,1,0,1,1,0,0,1,0
2.853897000,0,0,0,0,0,0,0,0,0,0,0,0
2.853902000,1,1,0,0,0,0,1,1,0,0,1,0
2.853980000,1,1,0,0,0,0,1,1,0,0,1,1
2.854480000,1,1,0,0,0,0,1,1,0,0,1,0
2.854897000,0,0,0,0,0,0,0,0,0,0,0,0
2.854902000,1,1,1,1,1,1,0,1,0,0,1,0
2.854980000,1,1,1,1,1,1,0,1,0,0,1,1
2.855480000,1,1,1,1,1,1,0,1,0,0,1,0
2.855897000,0,0,0,0,0,0,0,0,0,0,0,0
2.855902000,1,1,1,1,1,1,0,1,0,0,1,0
2.855980000,1,1,1,1,1,1,0,1,0,0,1,1
2.856480000,1,1,1,1,1,1,0,1,0,0,1,0
2.856897000,0,0,0,0,0,0,0,0,0,0,0,0
2.856902000,0,1,0,1,0,0,1,1,0,0,1,0
2.856980000,0,1,0,1,0,0,1,1,0,0,1,1
2.857480000,0,1,0,1,0,0,1,1,0,0,1,0
2.857897000,0,0,0,0,0,0,0,0,0,0,0,0
2.857902000,1,1,1,1,1,1,0,1,0,0,1,0
2.857980000,1,1,1,1,1,1,0,1,0,0,1,1
2.858480000,1,1,1,1,1,1,0,1,0,0,1,0
2.858897000,0,0,0,0,0,0,0,0,0,0,0,0
2.858902000,1,1,1,1,1,1,0,1,0,0,1,0
2.858980000,1,1,1,1,1,1,0,1,0,0,1,1
2.859480000,1,1,1,1,1,1,0,1,0,0,1,0
2.859897000,0,0,0,0,0,0,0,0,0,0,0,0
2.859902000,1,1,1,1,1,1,0,1,0,0,1,0
2.859980000,1,1,1,1,1,1,0,1,0,0,1,1
2.860480000,1,1,1,1,1,1,0,1,0,0,1,0
2.860897000,0,0,0,0,0,0,0,0,0,0,0,0
2.860902000,1,1,0,1,1,1,0,1,0,0,1,0
2.860980000,1,1,0,1,1,1,0,1,0,0,1,1
2.861480000,1,1,0,1,1,1,0,1,0,0,1,0
2.861897000,0,0,0,0,0,0,0,0,0,0,0,0
2.861902000,1,1,0,1,0,0,1,1,0,0,1,0
2.861980000,1,1,0,1,0,0,1,1,0,0,1,1
2.862480000,1,1,0,1,0,0,1,1,0,0,1,0
2.862897000,0,0,0,0,0,0,0,0,0,0,0,0
2.862902000,1,1,0,0,0,0,1,1,0,0,1,0
2.862980000,1,1,0,0,0,0,1,1,0,0,1,1
2.863480000,1,1,0,0,0,0,1,1,0,0,1,0
2.863897000,0,0,0,0,0,0,0,0,0,0,0,0
2.863902000,1,1,1,1,1,1,0,1,0,0,1,0
2.863980000,1,1,1,1,1,1,0,1,0,0,1,1
2.864480000,1,1,1,1,1,1,0,1,0,0,1,0
2.864897000,0,0,0,0,0,0,0,0,0,0,0,0
2.864902000,0,0,0,1,0,0,1,1,0,0,1,0
2.864980000,0,0,0,1,0,0,1,1,0,0,1,1
2.865480000,0,0,0,1,0,0,1,1,0,0,1,0
2.865897000,0,0,0,0,0,0,0,0,0,0,0,0
2.865902000,0,0,1,1,0,0,1,1,0,0,1,0
2.865980000,0,0,1,1,0,0,1,1,0,0,1,1
2.866480000,0,0,1,1,0,0,1,1,0,0,1,0
2.866897000,0,0,0,0,0,0,0,0,0,0,0,0
2.866902000,0,0,0,0,1,0,1,1,0,0,1,0
2.866980000,0,0,0,0,1,0,1,1,0,0,1,1
2.867480000,0,0,0,0,1,0,1,1,0,0,1,0
2.867897000,0,0,0,0,0,0,0,0,0,0,0,0
2.867902000,0,1,1,1,1,1,0,1,0,0,1,0
2.867980000,0,1,1,1,1,1,0,1,0,0,1,1
2.868480000,0,1,1,1,1,1,0,1,0,0,1,0
2.868897000,0,0,0,0,0,0,0,0,0,0,0,0
2.868902000,1,1,1,1,1,1,0,1,0,0,1,0
2.868980000,1,1,1,1,1,1,0,1,0,0,1,1
2.869480000,1,1,1,1,1,1,0,1,0,0,1,0
2.869897000,0,0,0,0,0,0,0,0,0,0,0,0
2.869902000,1,0,1,1,1,1,0,1,0,0,1,0
2.869980000,1,0,1,1,1,1,0,1,0,0,1,1
2.870480000,1,0,1,1,1,1,0,1,0,0,1,0
2.870897000,0,0,0,0,0,0,0,0,0,0,0,0
2.870902000,0,1,0,1,0,0,1,1,0,0,1,0
2.870980000,0,1,0,1,0,0,1,1,0,0,1,1
2.871480000,0,1,0,1,0,0,1,1,0,0,1,0
2.871897000,0,0,0,0,0,0,0,0,0,0,0,0
2.871902000,1,1,1,1,1,1,0,1,0,0,1,0
2.871980000,1,1,1,1,1,1,0,1,0,0,1,1
2.872480000,1,1,1,1,1,1,0,1,0,0,1,0
2.872897000,0,0,0,0,0,0,0,0,0,0,0,0
2.872902000,1,1,0,1,1,1,0,1,0,0,1,0
2.872980000,1,1,0,1,1,1,0,1,0,0,1,1
2.873480000,1,1,0,1,1,1,0,1,0,0,1,0
2.873897000,0,0,0,0,0,0,0,0,0,0,0,0
2.873902000,0,0,0,0,1,0,1,1,0,0,1,0
2.873980000,0,0,0,0,1,0,1,1,0,0,1,1
2.874480000,0,0,0,0,1,0,1,1,0,0,1,0
2.874897000,0,0,0,0,0,0,0,0,0,0,0,0
2.874902000,0,1,0,1,0,0,1,1,0,0,1,0
2.874980000,0,1,0,1,0,0,1,1,0,0,1,1
2.875480000,0,1,0,1,0,0,1,1,0,0,1,0
2.875897000,0,0,0,0,0,0,0,0,0,0,0,0
2.875902000,1,1,0,1,1,1,0,1,0,0,1,0
2.875980000,1,1,0,1,1,1,0,1,0,0,1,1
2.876480000,1,1,0,1,1,1,0,1,0,0,1,0
2.876897000,0,0,0,0,0,0,0,0,0,0,0,0
2.876902000,1,0,1,0,1,1,0,1,0,0,1,0
2.876980000,1,0,1,0,1,1,0,1,0,0,1,1
2.877480000,1,0,1,0,1,1,0,1,0,0,1,0
2.877897000,0,0,0,0,0,0,0,0,0,0,0,0
2.877902000,0,1,1,1,1,1,0,1,0,0,1,0
2.877980000,0,1,1,1,1,1,0,1,0,0,1,1
2.878480000,0,1,1,1,1,1,0,1,0,0,1,0
2.878897000,0,0,0,0,0,0,0,0,0,0,0,0
2.878902000,0,0,0,0,0,0,1,1,0,0,1,0
2.878980000,0,0,0,0,0,0,1,1,0,0,1,1
2.879480000,0,0,0,0,0,0,1,1,0,0,1,0
2.879897000,0,0,0,0,0,0,0,0,0,0,0,0
2.879902000,0,1,1,0,1,0,1,1,0,0,1,0
2.879980000,0,1,1,0,1,0,1,1,0,0,1,1
2.880480000,0,1,1,0,1,0,1,1,0,0,1,0
2.880897000,0,0,0,0,0,0,0,0,0,0,0,0
2.880902000,0,1,0,1,0,0,1,1,0,0,1,0
2.880980000,0,1,0,1,0,0,1,1,0,0,1,1
2.881480000,0,1,0,1,0,0,1,1,0,0,1,0
2.881897000,0,0,0,0,0,0,0,0,0,0,0,0
2.881902000,1,1,1,1,1,1,0,1,0,0,1,0
2.881980000,1,1,1,1,1,1,0,1,0,0,1,1
2.882480000,1,1,1,1,1,1,0,1,0,0,1,0
2.882897000,0,0,0,0,0,0,0,0,0,0,0,0
2.882902000,0,0,0,0,1,0,1,1,0,0,1,0
2.882980000,0,0,0,0,1,0,1,1,0,0,1,1
2.883480000,0,0,0,0,1,0,1,1,0,0,1,0
2.883897000,0,0,0,0,0,0,0,0,0,0,0,0
2.883902000,1,1,1,1,1,1,0,1,0,0,1,0
2.883980000,1,1,1,1,1,1,0,1,0,0,1,1
2.884480000,1,1,1,1,1,1,0,1,0,0,1,0
2.884897000,0,0,0,0,0,0,0,0,0,0,0,0
2.884902000,0,0,1,1,0,0,1,1,0,0,1,0
2.884980000,0,0,1,1,0,0,1,1,0,0,1,1
2.885480000,0,0,1,1,0,0,1,1,0,0,1,0
2.885897000,0,0,0,0,0,0,0,0,0,0,0,0
2.885902000,0,1,0,1,0,0,1,1,0,0,1,0
2.885980000,0,1,0,1,0,0,1,1,0,0,1,1
2.886480000,0,1,0,1,0,0,1,1,0,0,1,0
2.886897000,0,0,0,0,0,0,0,0,0,0,0,0
2.886902000,1,0,0,1,0,0,1,1,0,0,1,0
2.886980000,1,0,0,1,0,0,1,1,0,0,1,1
2.887480000,1,0,0,1,0,0,1,1,0,0,1,0
2.887897000,0,0,0,0,0,0,0,0,0,0,0,0
2.887902000,1,1,1,1,1,1,0,1,0,0,1,0
2.887980000,1,1,1,1,1,1,0,1,0,0,1,1
2.888480000,1,1,1,1,1,1,0,1,0,0,1,0
2.888897000,0,0,0,0,0,0,0,0,0,0,0,0
2.888902000,0,1,1,0,0,0,1,1,0,0,1,0
2.888980000,0,1,1,0,0,0,1,1,0,0,1,1
2.889480000,0,1,1,0,0,0,1,1,0,0,1,0
2.889897000,0,0,0,0,0,0,0,0,0,0,0,0
2.889902000,1,1,1,1,1,1,0,1,0,0,1,0
2.889980000,1,1,1,1,1,1,0,1,0,0,1,1
2.890480000,1,1,1,1,1,1,0,1,0,0,1,0
2.890897000,0,0,0,0,0,0,0,0,0,0,0,0
2.890902000,0,1,1,1,1,1,0,1,0,0,1,0
2.890980000,0,1,1,1,1,1,0,1,0,0,1,1
2.891480000,0,1,1,1,1,1,0,1,0,0,1,0
2.891897000,0,0,0,0,0,0,0,0,0,0,0,0
2.891902000,0,1,0,1,0,0,1,1,0,0,1,0
2.891980000,0,1,0,1,0,0,1,1,0,0,1,1
2.892480000,0,1,0,1,0,0,1,1,0,0,1,0
2.892897000,0,0,0,0,0,0,0,0,0,0,0,0
2.892902000,0,0,1,1,1,1,0,1,0,0,1,0
2.892980000,0,0,1,1,1,1,0,1,0,0,1,1
2.893480000,0,0,1,1,1,1,0,1,0,0,1,0
2.893897000,0,0,0,0,0,0,0,0,0,0,0,0
2.893902000,1,1,0,1,0,0,1,1,0,0,1,0
2.893980000,1,1,0,1,0,0,1,1,0,0,1,1
2.894480000,1,1,0,1,0,0,1,1,0,0,1,0
2.894897000,0,0,0,0,0,0,0,0,0,0,0,0
2.894902000,1,1,1,1,1,1,0,1,0,0,1,0
2.894980000,1,1,1,1,1,1,0,1,0,0,1,1
2.895480000,1,1,1,1,1,1,0,1,0,0,1,0
2.895897000,0,0,0,0,0,0,0,0,0,0,0,0
2.895902000,0,1,1,0,0,0,1,1,0,0,1,0
2.895980000,0,1,1,0,0,0,1,1,0,0,1,1
2.896480000,0,1,1,0,0,0,1,1,0,0,1,0
2.896897000,0,0,0,0,0,0,0,0,0,0,0,0
2.896902000,1,1,1,1,0,0,1,1,0,0,1,0
2.896980000,1,1,1,1,0,0,1,1,0,0,1,1
2.897480000,1,1,1,1,0,0,1,1,0,0,1,0
2.897897000,0,0,0,0,0,0,0,0,0,0,0,0
2.897902000,1,0,1,0,0,0,1,1,0,0,1,0
2.897980000,1,0,1,0,0,0,1,1,0,0,1,1
2.898480000,1,0,1,0,0,0,1,1,0,0,1,0
2.898897000,0,0,0,0,0,0,0,0,0,0,0,0
2.898902000,1,0,1,1,1,1,0,1,0,0,1,0
2.898980000,1,0,1,1,1,1,0,1,0,0,1,1
2.899480000,1,0,1,1,1,1,0,1,0,0,1,0
2.899897000,0,0,0,0,0,0,0,0,0,0,0,0
2.899902000,1,0,0,1,0,0,1,1,0,0,1,0
2.899980000,1,0,0,1,0,0,1,1,0,0,1,1
2.900480000,1,0,0,1,0,0,1,1,0,0,1,0
2.900897000,0,0,0,0,0,0,0,0,0,0,0,0
2.900902000,1,1,1,1,1,1,0,1,0,0,1,0
2.900980000,1,1,1,1,1,1,0,1,0,0,1,1
2.901480000,1,1,1,1,1,1,0,1,0,0,1,0
2.901897000,0,0,0,0,0,0,0,0,0,0,0,0
2.901902000,0,0,1,0,0,0,1,1,0,0,1,0
2.901980000,0,0,1,0,0,0,1,1,0,0,1,1
2.902480000,0,0,1,0,0,0,1,1,0,0,1,0
2.902897000,0,0,0,0,0,0,0,0,0,0,0,0
2.902902000,0,0,1,1,1,1,0,1,0,0,1,0
2.902980000,0,0,1,1,1,1,0,1,0,0,1,1
2.903480000,0,0,1,1,1,1,0,1,0,0,1,0
2.903897000,0,0,0,0,0,0,0,0,0,0,0,0
2.903902000,1,1,1,1,1,1,0,1,0,0,1,0
2.903980000,1,1,1,1,1,1,0,1,0,0,1,1
2.904480000,1,1,1,1,1,1,0,1,0,0,1,0
2.904897000,0,0,0,0,0,0,0,0,0,0,0,0
2.904902000,1,0,1,1,0,0,1,1,0,0,1,0
2.904980000,1,0,1,1,0,0,1,1,0,0,1,1
2.905480000,1,0,1,1,0,0,1,1,0,0,1,0
2.905897000,0,0,0,0,0,0,0,0,0,0,0,0
2.905902000,1,1,0,1,0,0,1,1,0,0,1,0
2.905980000,1,1,0,1,0,0,1,1,0,0,1,1
2.906480000,1,1,0,1,0,0,1,1,0,0,1,0
2.906897000,0,0,0,0,0,0,0,0,0,0,0,0
2.906902000,0,1,1,1,0,0,1,1,0,0,1,0
2.906980000,0,1,1,1,0,0,1,1,0,0,1,1
2.907480000,0,1,1,1,0,0,1,1,0,0,1,0
2.907897000,0,0,0,0,0,0,0,0,0,0,0,0
2.907902000,0,0,0,0,1,0,1,1,0,0,1,0
2.907980000,0,0,0,0,1,0,1,1,0,0,1,1
2.908480000,0,0,0,0,1,0,1,1,0,0,1,0
2.908897000,0,0,0,0,0,0,0,0,0,0,0,0
2.908902000,1,0,1,1,0,0,1,1,0,0,1,0
2.908980000,1,0,1,1,0,0,1,1,0,0,1,1
2.909480000,1,0,1,1,0,0,1,1,0,0,1,0
2.909897000,0,0,0,0,0,0,0,0,0,0,0,0
2.909902000,1,1,1,1,1,1,0,1,0,0,1,0
2.909980000,1,1,1,1,1,1,0,1,0,0,1,1
2.910480000,1,1,1,1,1,1,0,1,0,0,1,0
2.910897000,0,0,0,0,0,0,0,0,0,0,0,0
2.910902000,1,0,1,1,1,1,0,1,0,0,1,0
2.910980000,1,0,1,1,1,1,0,1,0,0,1,1
2.911480000,1,0,1,1,1,1,0,1,0,0,1,0
2.911897000,0,0,0,0,0,0,0,0,0,0,0,0
2.911902000,1,1,0,1,0,0,1,1,0,0,1,0
2.911980000,1,1,0,1,0,0,1,1,0,0,1,1
2.912480000,1,1,0,1,0,0,1,1,0,0,1,0
2.912897000,0,0,0,0,0,0,0,0,0,0,0,0
2.912902000,1,1,1,1,1,1,0,1,0,0,1,0
2.912980000,1,1,1,1,1,1,0,1,0,0,1,1
2.913480000,1,1,1,1,1,1,0,1,0,0,1,0
2.913897000,0,0,0,0,0,0,0,0,0,0,0,0
2.913902000,1,1,1,1,1,1,0,1,0,0,1,0
2.913980000,1,1,1,1,1,1,0,1,0,0,1,1
2.914480000,1,1,1,1,1,1,0,1,0,0,1,0
2.914897000,0,0,0,0,0,0,0,0,0,0,0,0
2.914902000,1,1,0,0,1,0,1,1,0,0,1,0
2.914980000,1,1,0,0,1,0,1,1,0,0,1,1
2.915480000,1,1,0,0,1,0,1,1,0,0,1,0
2.915897000,0,0,0,0,0,0,0,0,0,0,0,0
2.915902000,1,1,0,0,1,0,1,1,0,0,1,0
2.915980000,1,1,0,0,1,0,1,1,0,0,1,1
2.916480000,1,1,0,0,1,0,1,1,0,0,1,0
2.916897000,0,0,0,0,0,0,0,0,0,0,0,0
2.916902000,1,1,1,1,1,1,0,1,0,0,1,0
2.916980000,1,1,1,1,1,1,0,1,0,0,1,1
2.917480000,1,1,1,1,1,1,0,1,0,0,1,0
2.917897000,0,0,0,0,0,0,0,0,0,0,0,0
2.917902000,1,1,1,1,1,1,0,1,0,0,1,0
2.917980000,1,1,1,1,1,1,0,1,0,0,1,1
2.918480000,1,1,1,1,1,1,0,1,0,0,1,0
2.918897000,0,0,0,0,0,0,0,0,0,0,0,0
2.918902000,0,1,0,1,0,0,1,1,0,0,1,0
2.918980000,0,1,0,1,0,0,1,1,0,0,1,1
2.919480000,0,1,0,1,0,0,1,1,0,0,1,0
2.919897000,0,0,0,0,0,0,0,0,0,0,0,0
2.919902000,0,0,0,1,0,0,1,1,0,0,1,0
2.919980000,0,0,0,1,0,0,1,1,0,0,1,1
2.920480000,0,0,0,1,0,0,1,1,0,0,1,0
2.920897000,0,0,0,0,0,0,0,0,0,0,0,0
2.920902000,0,0,1,0,0,0,1,1,0,0,1,0
2.920980000,0,0,1,0,0,0,1,1,0,0,1,1
2.921480000,0,0,1,0,0,0,1,1,0,0,1,0
2.921897000,0,0,0,0,0,0,0,0,0,0,0,0
2.921902000,1,1,1,1,1,1,0,1,0,0,1,0
2.921980000,1,1,1,1,1,1,0,1,0,0,1,1
2.922480000,1,1,1,1,1,1,0,1,0,0,1,0
2.922897000,0,0,0,0,0,0,0,0,0,0,0,0
2.922902000,0,1,0,0,1,0,1,1,0,0,1,0
2.922980000,0,1,0,0,1,0,1,1,0,0,1,1
2.923480000,0,1,0,0,1,0,1,1,0,0,1,0
2.923897000,0,0,0,0,0,0,0,0,0,0,0,0
2.923902000,1,0,1,1,1,1,0,1,0,0,1,0
2.923980000,1,0,1,1,1,1,0,1,0,0,1,1
2.924480000,1,0,1,1,1,1,0,1,0,0,1,0
2.924897000,0,0,0,0,0,0,0,0,0,0,0,0
2.924902000,0,1,0,1,0,0,1,1,0,0,1,0
2.924980000,0,1,0,1,0,0,1,1,0,0,1,1
2.925480000,0,1,0,1,0,0,1,1,0,0,1,0
2.925897000,0,0,0,0,0,0,0,0,0,0,0,0
2.925902000,1,0,0,1,0,0,1,1,0,0,1,0
2.925980000,1,0,0,1,0,0,1,1,0,0,1,1
2.926480000,1,0,0,1,0,0,1,1,0,0,1,0
2.926897000,0,0,0,0,0,0,0,0,0,0,0,0
2.926902000,0,1,1,0,0,0,1,1,0,0,1,0
2.926980000,0,1,1,0,0,0,1,1,0,0,1,1
2.927480000,0,1,1,0,0,0,1,1,0,0,1,0
2.927897000,0,0,0,0,0,0,0,0,0,0,0,0
2.927902000,1,0,1,1,0,0,1,1,0,0,1,0
2.927980000,1,0,1,1,0,0,1,1,0,0,1,1
2.928480000,1,0,1,1,0,0,1,1,0,0,1,0
2.928897000,0,0,0,0,0,0,0,0,0,0,0,0
2.928902000,0,0,0,0,0,0,1,1,0,0,1,0
2.928980000,0,0,0,0,0,0,1,1,0,0,1,1
2.929480000,0,0,0,0,0,0,1,1,0,0,1,0
2.929897000,0,0,0,0,0,0,0,0,0,0,0,0
2.929902000,1,0,1,1,0,0,1,1,0,0,1,0
2.929980000,1,0,1,1,0,0,1,1,0,0,1,1
2.930480000,1,0,1,1,0,0,1,1,0,0,1,0
2.930897000,0,0,0,0,0,0,0,0,0,0,0,0
2.930902000,1,1,1,0,0,0,1,1,0,0,1,0
2.930980000,1,1,1,0,0,0,1,1,0,0,1,1
2.931480000,1,1,1,0,0,0,1,1,0,0,1,0
2.931896000,1,1,1,0,0,0,1,1,0,0,0,0
2.931897000,0,0,0,0,0,0,0,0,0,0,0,0
2.931902000,1,1,0,0,0,0,1,1,0,0,1,0
2.931980000,1,1,0,0,0,0,1,1,0,0,1,1
2.932480000,1,1,0,0,0,0,1,1,0,0,1,0
2.932896000,1,1,0,0,0,0,1,1,0,0,0,0
2.932897000,0,0,0,0,0,0,0,0,0,0,0,0
2.932902000,1,1,1,1,1,1,0,1,0,0,1,0
2.932980000,1,1,1,1,1,1,0,1,0,0,1,1
2.933480000,1,1,1,1,1,1,0,1,0,0,1,0
2.933896000,1,1,1,1,1,1,0,1,0,0,0,0
2.933897000,0,0,0,0,0,0,0,0,0,0,0,0
2.933902000,1,1,0,0,0,0,1,1,0,0,1,0
2.933980000,1,1,0,0,0,0,1,1,0,0,1,1
2.934480000,1,1,0,0,0,0,1,1,0,0,1,0
2.934896000,1,1,0,0,0,0,1,1,0,0,0,0
2.934897000,0,0,0,0,0,0,0,0,0,0,0,0
2.934902000,1,0,0,1,0,0,1,1,0,0,1,0
2.934980000,1,0,0,1,0,0,1,1,0,0,1,1
2.935480000,1,0,0,1,0,0,1,1,0,0,1,0
2.935896000,1,0,0,0,0,0,0,1,0,0,0,0
2.935897000,0,0,0,0,0,0,0,0,0,0,0,0
2.935902000,1,0,1,0,0,0,1,1,0,0,1,0
2.935980000,1,0,1,0,0,0,1,1,0,0,1,1
2.936480000,1,0,1,0,0,0,1,1,0,0,1,0
2.936896000,0,0,0,0,0,0,0,0,0,0,0,0
2.936902000,0,0,0,1,0,0,1,1,0,0,1,0
2.936980000,0,0,0,1,0,0,1,1,0,0,1,1
2.937480000,0,0,0,1,0,0,1,1,0,0,1,0
2.937896000,0,0,0,0,0,0,0,0,0,0,0,0
2.937902000,1,1,1,1,1,1,0,1,0,0,1,0
2.937980000,1,1,1,1,1,1,0,1,0,0,1,1
2.938480000,1,1,1,1,1,1,0,1,0,0,1,0
2.938896000,0,0,0,0,0,0,0,0,0,0,0,0
2.938902000,0,1,0,0,1,0,1,1,0,0,1,0
2.938980000,0,1,0,0,1,0,1,1,0,0,1,1
2.939480000,0,1,0,0,1,0,1,1,0,0,1,0
2.939896000,0,0,0,0,0,0,0,0,0,0,0,0
2.939902000,1,1,1,1,1,1,0,1,0,0,1,0
2.939980000,1,1,1,1,1,1,0,1,0,0,1,1
2.940480000,1,1,1,1,1,1,0,1,0,0,1,0
2.940896000,0,0,0,0,0,0,0,0,0,0,0,0
2.940902000,0,0,0,0,1,0,1,1,0,0,1,0
2.940980000,0,0,0,0,1,0,1,1,0,0,1,1
2.941480000,0,0,0,0,1,0,1,1,0,0,1,0
2.941896000,0,0,0,0,0,0,0,0,0,0,0,0
2.941901000,0,0,0,0,0,0,1,0,0,0,0,0
2.941902000,0,0,1,1,0,0,1,1,0,0,1,0
2.941980000,0,0,1,1,0,0,1,1,0,0,1,1
2.942480000,0,0,1,1,0,0,1,1,0,0,1,0
2.942896000,0,0,0,0,0,0,0,0,0,0,0,0
2.942901000,0,0,0,0,0,0,1,1,0,0,0,0
2.942902000,0,0,1,0,1,0,1,1,0,0,1,0
2.942980000,0,0,1,0,1,0,1,1,0,0,1,1
2.943480000,0,0,1,0,1,0,1,1,0,0,1,0
2.943896000,0,0,0,0,0,0,0,0,0,0,0,0
2.943901000,0,0,1,0,0,0,1,1,0,0,0,0
2.943902000,1,0,1,0,0,0,1,1,0,0,1,0
2.943980000,1,0,1,0,0,0,1,1,0,0,1,1
2.944480000,1,0,1,0,0,0,1,1,0,0,1,0
2.944896000,0,0,0,0,0,0,0,0,0,0,0,0
2.944901000,0,0,1,0,0,0,1,1,0,0,1,0
2.944980000,0,0,1,0,0,0,1,1,0,0,1,1
2.945480000,0,0,1,0,0,0,1,1,0,0,1,0
2.945896000,0,0,0,0,0,0,0,0,0,0,0,0
2.945901000,0,0,0,0,1,0,1,1,0,0,1,0
2.945980000,0,0,0,0,1,0,1,1,0,0,1,1
2.946480000,0,0,0,0,1,0,1,1,0,0,1,0
2.946896000,0,0,0,0,0,0,0,0,0,0,0,0
2.946901000,0,1,0,0,1,0,1,1,0,0,1,0
2.946980000,0,1,0,0,1,0,1,1,0,0,1,1
2.947480000,0,1,0,0,1,0,1,1,0,0,1,0
2.947896000,0,0,0,0,0,0,0,0,0,0,0,0
2.947901000,0,1,1,1,0,1,0,1,0,0,1,0
2.947902000,1,1,1,1,0,1,0,1,0,0,1,0
2.947980000,1,1,1,1,0,1,0,1,0,0,1,1
2.948480000,1,1,1,1,0,1,0,1,0,0,1,0
2.948896000,0,0,0,0,0,0,0,0,0,0,0,0
2.948901000,1,0,0,0,1,0,1,1,0,0,1,0
2.948980000,1,0,0,0,1,0,1,1,0,0,1,1
2.949480000,1,0,0,0,1,0,1,1,0,0,1,0
2.949896000,0,0,0,0,0,0,0,0,0,0,0,0
2.949901000,1,1,1,1,1,1,0,1,0,0,1,0
2.949980000,1,1,1,1,1,1,0,1,0,0,1,1
2.950480000,1,1,1,1,1,1,0,1,0,0,1,0
2.950896000,0,0,0,0,0,0,0,0,0,0,0,0
2.950901000,0,1,1,0,1,1,0,1,0,0,1,0
2.950980000,0,1,1,0,1,1,0,1,0,0,1,1
2.951480000,0,1,1,0,1,1,0,1,0,0,1,0
2.951896000,0,0,0,0,0,0,0,0,0,0,0,0
2.951901000,0,1,1,1,1,1,0,1,0,0,1,0
2.951980000,0,1,1,1,1,1,0,1,0,0,1,1
2.952480000,0,1,1,1,1,1,0,1,0,0,1,0
2.952896000,0,0,0,0,0,0,0,0,0,0,0,0
2.952901000,0,1,0,0,1,0,1,1,0,0,1,0
2.952980000,0,1,0,0,1,0,1,1,0,0,1,1
2.953480000,0,1,0,0,1,0,1,1,0,0,1,0
2.953896000,0,0,0,0,0,0,0,0,0,0,0,0
2.953901000,1,1,1,1,1,1,0,1,0,0,1,0
2.953980000,1,1,1,1,1,1,0,1,0,0,1,1
2.954480000,1,1,1,1,1,1,0,1,0,0,1,0
2.954896000,0,0,0,0,0,0,0,0,0,0,0,0
2.954901000,1,1,0,1,1,1,0,1,0,0,1,0
2.954980000,1,1,0,1,1,1,0,1,0,0,1,1
2.955480000,1,1,0,1,1,1,0,1,0,0,1,0
2.955896000,0,0,0,0,0,0,0,0,0,0,0,0
2.955901000,1,1,1,1,1,1,0,1,0,0,1,0
2.955980000,1,1,1,1,1,1,0,1,0,0,1,1
2.956480000,1,1,1,1,1,1,0,1,0,0,1,0
2.956896000,0,0,0,0,0,0,0,0,0,0,0,0
2.956901000,0,1,0,1,0,0,1,1,0,0,1,0
2.956980000,0,1,0,1,0,0,1,1,0,0,1,1
2.957480000,0,1,0,1,0,0,1,1,0,0,1,0
2.957896000,0,0,0,0,0,0,0,0,0,0,0,0
2.957901000,0,1,1,1,1,1,0,1,0,0,1,0
2.957980000,0,1,1,1,1,1,0,1,0,0,1,1
2.958480000,0,1,1,1,1,1,0,1,0,0,1,0
2.958896000,0,0,0,0,0,0,0,0,0,0,0,0
2.958901000,1,0,1,1,1,1,0,1,0,0,1,0
2.958980000,1,0,1,1,1,1,0,1,0,0,1,1
2.959480000,1,0,1,1,1,1,0,1,0,0,1,0
2.959896000,0,0,0,0,0,0,0,0,0,0,0,0
2.959901000,1,0,0,1,1,1,0,1,0,0,1,0
2.959980000,1,0,0,1,1,1,0,1,0,0,1,1
2.960480000,1,0,0,1,1,1,0,1,0,0,1,0
2.960896000,0,0,0,0,0,0,0,0,0,0,0,0
2.960901000,0,1,1,1,1,1,0,1,0,0,1,0
2.960980000,0,1,1,1,1,1,0,1,0,0,1,1
2.961480000,0,1,1,1,1,1,0,1,0,0,1,0
2.961896000,0,0,0,0,0,0,0,0,0,0,0,0
2.961901000,1,1,1,1,1,1,0,1,0,0,1,0
2.961980000,1,1,1,1,1,1,0,1,0,0,1,1
2.962480000,1,1,1,1,1,1,0,1,0,0,1,0
2.962896000,0,0,0,0,0,0,0,0,0,0,0,0
2.962901000,1,1,1,0,1,0,1,1,0,0,1,0
2.962980000,1,1,1,0,1,0,1,1,0,0,1,1
2.963480000,1,1,1,0,1,0,1,1,0,0,1,0
2.963896000,0,0,0,0,0,0,0,0,0,0,0,0
2.963901000,1,0,0,0,1,0,1,1,0,0,1,0
2.963980000,1,0,0,0,1,0,1,1,0,0,1,1
2.964480000,1,0,0,0,1,0,1,1,0,0,1,0
2.964896000,0,0,0,0,0,0,0,0,0,0,0,0
2.964901000,0,1,1,0,0,0,1,1,0,0,1,0
2.964980000,0,1,1,0,0,0,1,1,0,0,1,1
2.965480000,0,1,1,0,0,0,1,1,0,0,1,0
2.965896000,0,0,0,0,0,0,0,0,0,0,0,0
2.965901000,0,0,0,0,0,0,1,1,0,0,1,0
2.965980000,0,0,0,0,0,0,1,1,0,0,1,1
2.966480000,0,0,0,0,0,0,1,1,0,0,1,0
2.966896000,0,0,0,0,0,0,0,0,0,0,0,0
2.966901000,1,1,1,1,1,1,0,1,0,0,1,0
2.966980000,1,1,1,1,1,1,0,1,0,0,1,1
2.967480000,1,1,1,1,1,1,0,1,0,0,1,0
2.967896000,0,0,0,0,0,0,0,0,0,0,0,0
2.967901000,1,1,1,1,0,1,0,1,0,0,1,0
2.967980000,1,1,1,1,0,1,0,1,0,0,1,1
2.968480000,1,1,1,1,0,1,0,1,0,0,1,0
2.968896000,0,0,0,0,0,0,0,0,0,0,0,0
2.968901000,0,0,0,0,1,0,1,1,0,0,1,0
2.968980000,0,0,0,0,1,0,1,1,0,0,1,1
2.969480000,0,0,0,0,1,0,1,1,0,0,1,0
2.969896000,0,0,0,0,0,0,0,0,0,0,0,0
2.969901000,1,1,1,1,1,1,0,1,0,0,1,0
2.969980000,1,1,1,1,1,1,0,1,0,0,1,1
2.970480000,1,1,1,1,1,1,0,1,0,0,1,0
2.970896000,0,0,0,0,0,0,0,0,0,0,0,0
2.970901000,0,1,0,1,1,1,0,1,0,0,1,0
2.970980000,0,1,0,1,1,1,0,1,0,0,1,1
2.971480000,0,1,0,1,1,1,0,1,0,0,1,0
2.971896000,0,0,0,0,0,0,0,0,0,0,0,0
2.971901000,0,1,0,0,0,0,1,1,0,0,1,0
2.971980000,0,1,0,0,0,0,1,1,0,0,1,1
2.972480000,0,1,0,0,0,0,1,1,0,0,1,0
2.972896000,0,0,0,0,0,0,0,0,0,0,0,0
2.972901000,1,1,1,1,1,1,0,1,0,0,1,0
2.972980000,1,1,1,1,1,1,0,1,0,0,1,1
2.973480000,1,1,1,1,1,1,0,1,0,0,1,0
2.973896000,0,0,0,0,0,0,0,0,0,0,0,0
2.973901000,0,0,0,0,1,0,1,1,0,0,1,0
2.973980000,0,0,0,0,1,0,1,1,0,0,1,1
2.974480000,0,0,0,0,1,0,1,1,0,0,1,0
2.974896000,0,0,0,0,0,0,0,0,0,0,0,0
2.974901000,1,1,1,1,0,1,0,1,0,0,1,0
2.974980000,1,1,1,1,0,1,0,1,0,0,1,1
2.975480000,1,1,1,1,0,1,0,1,0,0,1,0
2.975896000,0,0,0,0,0,0,0,0,0,0,0,0
2.975901000,1,0,0,1,0,0,1,1,0,0,1,0
2.975980000,1,0,0,1,0,0,1,1,0,0,1,1
2.976480000,1,0,0,1,0,0,1,1,0,0,1,0
2.976896000,0,0,0,0,0,0,0,0,0,0,0,0
2.976901000,1,1,1,0,1,1,0,1,0,0,1,0
2.976980000,1,1,1,0,1,1,0,1,0,0,1,1
2.977480000,1,1,1,0,1,1,0,1,0,0,1,0
2.977896000,0,0,0,0,0,0,0,0,0,0,0,0
2.977901000,1,0,1,0,0,0,1,1,0,0,1,0
2.977979000,1,0,1,0,0,0,1,1,0,0,1,1
2.978479000,1,0,1,0,0,0,1,1,0,0,1,0
2.978896000,0,0,0,0,0,0,0,0,0,0,0,0
2.978901000,0,0,0,1,0,0,1,1,0,0,1,0
2.978979000,0,0,0,1,0,0,1,1,0,0,1,1
2.979479000,0,0,0,1,0,0,1,1,0,0,1,0
2.979896000,0,0,0,0,0,0,0,0,0,0,0,0
2.979901000,0,0,1,0,0,0,1,1,0,0,1,0
2.979979000,0,0,1,0,0,0,1,1,0,0,1,1
2.980479000,0,0,1,0,0,0,1,1,0,0,1,0
2.980896000,0,0,0,0,0,0,0,0,0,0,0,0
2.980901000,1,1,1,1,1,1,0,1,0,0,1,0
2.980979000,1,1,1,1,1,1,0,1,0,0,1,1
2.981479000,1,1,1,1,1,1,0,1,0,0,1,0
2.981896000,0,0,0,0,0,0,0,0,0,0,0,0
2.981901000,1,1,1,0,1,1,0,1,0,0,1,0
2.981979000,1,1,1,0,1,1,0,1,0,0,1,1
2.982479000,1,1,1,0,1,1,0,1,0,0,1,0
2.982896000,0,0,0,0,0,0,0,0,0,0,0,0
2.982901000,1,0,1,1,1,1,0,1,0,0,1,0
2.982979000,1,0,1,1,1,1,0,1,0,0,1,1
2.983479000,1,0,1,1,1,1,0,1,0,0,1,0
2.983896000,0,0,0,0,0,0,0,0,0,0,0,0
2.983901000,1,1,1,1,1,1,0,1,0,0,1,0
2.983979000,1,1,1,1,1,1,0,1,0,0,1,1
2.984479000,1,1,1,1,1,1,0,1,0,0,1,0
2.984896000,0,0,0,0,0,0,0,0,0,0,0,0
2.984901000,1,1,1,1,1,1,0,1,0,0,1,0
2.984979000,1,1,1,1,1,1,0,1,0,0,1,1
2.985479000,1,1,1,1,1,1,0,1,0,0,1,0
2.985896000,0,0,0,0,0,0,0,0,0,0,0,0
2.985901000,0,1,0,0,0,0,1,1,0,0,1,0
2.985979000,0,1,0,0,0,0,1,1,0,0,1,1
2.986479000,0,1,0,0,0,0,1,1,0,0,1,0
2.986896000,0,0,0,0,0,0,0,0,0,0,0,0
2.986901000,1,1,1,1,1,1,0,1,0,0,1,0
2.986979000,1,1,1,1,1,1,0,1,0,0,1,1
2.987479000,1,1,1,1,1,1,0,1,0,0,1,0
2.987896000,0,0,0,0,0,0,0,0,0,0,0,0
2.987901000,1,0,0,1,0,0,1,1,0,0,1,0
2.987979000,1,0,0,1,0,0,1,1,0,0,1,1
2.988479000,1,0,0,1,0,0,1,1,0,0,1,0
2.988896000,0,0,0,0,0,0,0,0,0,0,0,0
2.988901000,1,1,1,1,1,1,0,1,0,0,1,0
2.988979000,1,1,1,1,1,1,0,1,0,0,1,1
2.989479000,1,1,1,1,1,1,0,1,0,0,1,0
2.989896000,0,0,0,0,0,0,0,0,0,0,0,0
2.989901000,1,1,1,1,1,1,0,1,0,0,1,0
2.989979000,1,1,1,1,1,1,0,1,0,0,1,1
2.990479000,1,1,1,1,1,1,0,1,0,0,1,0
2.990896000,0,0,0,0,0,0,0,0,0,0,0,0
2.990901000,1,1,1,0,1,1,0,1,0,0,1,0
2.990979000,1,1,1,0,1,1,0,1,0,0,1,1
2.991479000,1,1,1,0,1,1,0,1,0,0,1,0
2.991896000,0,0,0,0,0,0,0,0,0,0,0,0
2.991901000,1,1,1,1,1,1,0,1,0,0,1,0
2.991979000,1,1,1,1,1,1,0,1,0,0,1,1
2.992479000,1,1,1,1,1,1,0,1,0,0,1,0
2.992896000,0,0,0,0,0,0,0,0,0,0,0,0
2.992901000,1,1,0,0,1,1,0,1,0,0,1,0
2.992979000,1,1,0,0,1,1,0,1,0,0,1,1
2.993479000,1,1,0,0,1,1,0,1,0,0,1,0
2.993896000,0,0,0,0,0,0,0,0,0,0,0,0
2.993901000,1,1,0,1,0,0,1,1,0,0,1,0
2.993979000,1,1,0,1,0,0,1,1,0,0,1,1
2.994479000,1,1,0,1,0,0,1,1,0,0,1,0
2.994896000,0,0,0,0,0,0,0,0,0,0,0,0
2.994901000,1,1,1,1,1,1,0,1,0,0,1,0
2.994979000,1,1,1,1,1,1,0,1,0,0,1,1
2.995479000,1,1,1,1,1,1,0,1,0,0,1,0
2.995896000,0,0,0,0,0,0,0,0,0,0,0,0
2.995901000,1,0,1,1,1,0,1,1,0,0,1,0
2.995979000,1,0,1,1,1,0,1,1,0,0,1,1
2.996479000,1,0,1,1,1,0,1,1,0,0,1,0
2.996896000,0,0,0,0,0,0,0,0,0,0,0,0
2.996901000,0,0,0,1,1,0,1,1,0,0,1,0
2.996979000,0,0,0,1,1,0,1,1,0,0,1,1
2.997479000,0,0,0,1,1,0,1,1,0,0,1,0
2.997896000,0,0,0,0,0,0,0,0,0,0,0,0
2.997901000,1,0,0,1,1,1,0,1,0,0,1,0
2.997979000,1,0,0,1,1,1,0,1,0,0,1,1
2.998479000,1,0,0,1,1,1,0,1,0,0,1,0
2.998896000,0,0,0,0,0,0,0,0,0,0,0,0
2.998901000,1,1,1,0,0,0,1,1,0,0,1,0
2.998979000,1,1,1,0,0,0,1,1,0,0,1,1
2.999479000,1,1,1,0,0,0,1,1,0,0,1,0
2.999896000,0,0,0,0,0,0,0,0,0,0,0,0
2.999901000,1,1,1,1,0,0,1,1,0,0,1,0
2.999979000,1,1,1,1,0,0,1,1,0,0,1,1
3.000479000,1,1,1,1,0,0,1,1,0,0,1,0
3.000896000,0,0,0,0,0,0,0,0,0,0,0,0
3.000901000,1,1,0,1,1,1,0,1,0,0,1,0
3.000979000,1,1,0,1,1,1,0,1,0,0,1,1
3.001479000,1,1,0,1,1,1,0,1,0,0,1,0
3.001896000,0,0,0,0,0,0,0,0,0,0,0,0
3.001901000,1,1,1,1,1,1,0,1,0,0,1,0
3.001979000,1,1,1,1,1,1,0,1,0,0,1,1
3.002479000,1,1,1,1,1,1,0,1,0,0,1,0
3.002896000,0,0,0,0,0,0,0,0,0,0,0,0
3.002901000,1,1,1,1,1,1,0,1,0,0,1,0
3.002979000,1,1,1,1,1,1,0,1,0,0,1,1
3.003479000,1,1,1,1,1,1,0,1,0,0,1,0
3.003896000,0,0,0,0,0,0,0,0,0,0,0,0
3.003901000,1,0,1,1,0,0,1,1,0,0,1,0
3.003979000,1,0,1,1,0,0,1,1,0,0,1,1
3.004479000,1,0,1,1,0,0,1,1,0,0,1,0
3.004896000,0,0,0,0,0,0,0,0,0,0,0,0
3.004901000,1,0,1,0,0,0,1,1,0,0,1,0
3.004979000,1,0,1,0,0,0,1,1,0,0,1,1
3.005479000,1,0,1,0,0,0,1,1,0,0,1,0
3.005896000,0,0,0,0,0,0,0,0,0,0,0,0
3.005901000,0,0,0,1,0,0,1,1,0,0,1,0
3.005979000,0,0,0,1,0,0,1,1,0,0,1,1
3.006479000,0,0,0,1,0,0,1,1,0,0,1,0
3.006896000,0,0,0,0,0,0,0,0,0,0,0,0
3.006901000,0,0,0,0,1,0,1,1,0,0,1,0
3.006979000,0,0,0,0,1,0,1,1,0,0,1,1
3.007479000,0,0,0,0,1,0,1,1,0,0,1,0
3.007896000,0,0,0,0,0,0,0,0,0,0,0,0
3.007901000,0,1,1,1,1,1,0,1,0,0,1,0
3.007979000,0,1,1,1,1,1,0,1,0,0,1,1
3.008479000,0,1,1,1,1,1,0,1,0,0,1,0
3.008896000,0,0,0,0,0,0,0,0,0,0,0,0
3.008901000,0,1,0,1,1,1,0,1,0,0,1,0
3.008979000,0,1,0,1,1,1,0,1,0,0,1,1
3.009479000,0,1,0,1,1,1,0,1,0,0,1,0
3.009896000,0,0,0,0,0,0,0,0,0,0,0,0
3.009901000,1,1,1,1,1,1,0,1,0,0,1,0
3.009979000,1,1,1,1,1,1,0,1,0,0,1,1
3.010479000,1,1,1,1,1,1,0,1,0,0,1,0
3.010896000,0,0,0,0,0,0,0,0,0,0,0,0
3.010901000,1,1,1,1,1,1,0,1,0,0,1,0
3.010979000,1,1,1,1,1,1,0,1,0,0,1,1
3.011479000,1,1,1,1,1,1,0,1,0,0,1,0
3.011896000,0,0,0,0,0,0,0,0,0,0,0,0
3.011901000,1,1,0,1,0,0,1,1,0,0,1,0
3.011979000,1,1,0,1,0,0,1,1,0,0,1,1
3.012479000,1,1,0,1,0,0,1,1,0,0,1,0
3.012896000,0,0,0,0,0,0,0,0,0,0,0,0
3.012901000,0,0,0,0,1,0,1,1,0,0,1,0
3.012979000,0,0,0,0,1,0,1,1,0,0,1,1
3.013479000,0,0,0,0,1,0,1,1,0,0,1,0
3.013896000,0,0,0,0,0,0,0,0,0,0,0,0
3.013901000,0,1,1,0,1,0,1,1,0,0,1,0
3.013979000,0,1,1,0,1,0,1,1,0,0,1,1
3.014479000,0,1,1,0,1,0,1,1,0,0,1,0
3.014896000,0,0,0,0,0,0,0,0,0,0,0,0
3.014901000,0,1,1,1,0,0,1,1,0,0,1,0
3.014979000,0,1,1,1,0,0,1,1,0,0,1,1
3.015479000,0,1,1,1,0,0,1,1,0,0,1,0
3.015896000,0,0,0,0,0,0,0,0,0,0,0,0
3.015901000,1,1,1,1,1,1,0,1,0,0,1,0
3.015979000,1,1,1,1,1,1,0,1,0,0,1,1
3.016479000,1,1,1,1,1,1,0,1,0,0,1,0
3.016896000,0,0,0,0,0,0,0,0,0,0,0,0
3.016901000,0,0,1,0,1,0,1,1,0,0,1,0
3.016979000,0,0,1,0,1,0,1,1,0,0,1,1
3.017479000,0,0,1,0,1,0,1,1,0,0,1,0
3.017896000,0,0,0,0,0,0,0,0,0,0,0,0
3.017901000,1,1,1,1,1,1,0,1,0,0,1,0
3.017979000,1,1,1,1,1,1,0,1,0,0,1,1
3.018479000,1,1,1,1,1,1,0,1,0,0,1,0
3.018896000,0,0,0,0,0,0,0,0,0,0,0,0
3.018901000,0,1,0,0,1,0,1,1,0,0,1,0
3.018979000,0,1,0,0,1,0,1,1,0,0,1,1
3.019479000,0,1,0,0,1,0,1,1,0,0,1,0
3.019896000,0,0,0,0,0,0,0,0,0,0,0,0
3.019901000,0,0,1,0,1,0,1,1,0,0,1,0
3.019979000,0,0,1,0,1,0,1,1,0,0,1,1
3.020479000,0,0,1,0,1,0,1,1,0,0,1,0
3.020896000,0,0,0,0,0,0,0,0,0,0,0,0
3.020901000,0,0,0,0,1,0,1,1,0,0,1,0
3.020979000,0,0,0,0,1,0,1,1,0,0,1,1
3.021479000,0,0,0,0,1,0,1,1,0,0,1,0
3.021896000,0,0,0,0,0,0,0,0,0,0,0,0
3.021901000,0,1,1,0,1,0,1,1,0,0,1,0
3.021979000,0,1,1,0,1,0,1,1,0,0,1,1
3.022479000,0,1,1,0,1,0,1,1,0,0,1,0
3.022896000,0,0,0,0,0,0,0,0,0,0,0,0
3.022901000,1,1,1,1,0,0,1,1,0,0,1,0
3.022979000,1,1,1,1,0,0,1,1,0,0,1,1
3.023479000,1,1,1,1,0,0,1,1,0,0,1,0
3.023896000,0,0,0,0,0,0,0,0,0,0,0,0
3.023901000,1,1,1,1,1,1,0,1,0,0,1,0
3.023979000,1,1,1,1,1,1,0,1,0,0,1,1
3.024479000,1,1,1,1,1,1,0,1,0,0,1,0
3.024896000,0,0,0,0,0,0,0,0,0,0,0,0
3.024901000,0,1,0,1,0,0,1,1,0,0,1,0
3.024979000,0,1,0,1,0,0,1,1,0,0,1,1
3.025479000,0,1,0,1,0,0,1,1,0,0,1,0
3.025896000,0,0,0,0,0,0,0,0,0,0,0,0
3.025901000,1,1,0,1,1,1,0,1,0,0,1,0
3.025979000,1,1,0,1,1,1,0,1,0,0,1,1
3.026479000,1,1,0,1,1,1,0,1,0,0,1,0
3.026896000,0,0,0,0,0,0,0,0,0,0,0,0
3.026901000,0,0,1,0,1,0,1,1,0,0,1,0
3.026979000,0,0,1,0,1,0,1,1,0,0,1,1
3.027479000,0,0,1,0,1,0,1,1,0,0,1,0
3.027896000,0,0,0,0,0,0,0,0,0,0,0,0
3.027901000,1,0,0,1,0,0,1,1,0,0,1,0
3.027979000,1,0,0,1,0,0,1,1,0,0,1,1
3.028479000,1,0,0,1,0,0,1,1,0,0,1,0
3.028896000,0,0,0,0,0,0,0,0,0,0,0,0
3.028901000,1,1,0,0,1,0,1,1,0,0,1,0
3.028979000,1,1,0,0,1,0,1,1,0,0,1,1
3.029479000,1,1,0,0,1,0,1,1,0,0,1,0
3.029896000,0,0,0,0,0,0,0,0,0,0,0,0
3.029901000,1,1,1,0,1,0,1,1,0,0,1,0
3.029979000,1,1,1,0,1,0,1,1,0,0,1,1
3.030479000,1,1,1,0,1,0,1,1,0,0,1,0
3.030896000,0,0,0,0,0,0,0,0,0,0,0,0
3.030901000,0,0,0,1,1,0,1,1,0,0,1,0
3.030979000,0,0,0,1,1,0,1,1,0,0,1,1
3.031479000,0,0,0,1,1,0,1,1,0,0,1,0
3.031896000,0,0,0,0,0,0,0,0,0,0,0,0
3.031901000,0,1,0,1,0,0,1,1,0,0,1,0
3.031979000,0,1,0,1,0,0,1,1,0,0,1,1
3.032479000,0,1,0,1,0,0,1,1,0,0,1,0
3.032896000,0,0,0,0,0,0,0,0,0,0,0,0
3.032901000,0,0,1,1,0,0,1,1,0,0,1,0
3.032979000,0,0,1,1,0,0,1,1,0,0,1,1
3.033479000,0,0,1,1,0,0,1,1,0,0,1,0
3.033896000,0,0,0,0,0,0,0,0,0,0,0,0
3.033901000,0,0,1,0,1,0,1,1,0,0,1,0
3.033979000,0,0,1,0,1,0,1,1,0,0,1,1
3.034479000,0,0,1,0,1,0,1,1,0,0,1,0
3.034896000,0,0,0,0,0,0,0,0,0,0,0,0
3.034901000,0,1,0,0,1,0,1,1,0,0,1,0
3.034979000,0,1,0,0,1,0,1,1,0,0,1,1
3.035479000,0,1,0,0,1,0,1,1,0,0,1,0
3.035896000,0,0,0,0,0,0,0,0,0,0,0,0
3.035901000,0,1,1,0,1,0,1,1,0,0,1,0
3.035979000,0,1,1,0,1,0,1,1,0,0,1,1
3.036479000,0,1,1,0,1,0,1,1,0,0,1,0
3.036896000,0,0,0,0,0,0,0,0,0,0,0,0
3.036901000,0,1,1,1,0,0,1,1,0,0,1,0
3.036979000,0,1,1,1,0,0,1,1,0,0,1,1
3.037479000,0,1,1,1,0,0,1,1,0,0,1,0
3.037896000,0,0,0,0,0,0,0,0,0,0,0,0
3.037901000,1,1,1,0,0,0,1,1,0,0,1,0
3.037979000,1,1,1,0,0,0,1,1,0,0,1,1
3.038479000,1,1,1,0,0,0,1,1,0,0,1,0
3.038896000,0,0,0,0,0,0,0,0,0,0,0,0
3.038901000,1,1,1,1,1,1,0,1,0,0,1,0
3.038979000,1,1,1,1,1,1,0,1,0,0,1,1
3.039479000,1,1,1,1,1,1,0,1,0,0,1,0
3.039896000,0,0,0,0,0,0,0,0,0,0,0,0
3.039901000,1,1,1,0,0,0,1,1,0,0,1,0
3.039979000,1,1,1,0,0,0,1,1,0,0,1,1
3.040479000,1,1,1,0,0,0,1,1,0,0,1,0
3.040896000,0,0,0,0,0,0,0,0,0,0,0,0
3.040901000,1,0,0,1,0,0,1,1,0,0,1,0
3.040979000,1,0,0,1,0,0,1,1,0,0,1,1
3.041479000,1,0,0,1,0,0,1,1,0,0,1,0
3.041896000,0,0,0,0,0,0,0,0,0,0,0,0
3.041901000,0,0,0,0,1,0,1,1,0,0,1,0
3.041979000,0,0,0,0,1,0,1,1,0,0,1,1
3.042479000,0,0,0,0,1,0,1,1,0,0,1,0
3.042896000,0,0,0,0,0,0,0,0,0,0,0,0
3.042901000,1,1,0,0,1,0,1,1,0,0,1,0
3.042979000,1,1,0,0,1,0,1,1,0,0,1,1
3.043479000,1,1,0,0,1,0,1,1,0,0,1,0
3.043896000,0,0,0,0,0,0,0,0,0,0,0,0
3.043901000,0,1,1,1,1,1,0,1,0,0,1,0
3.043979000,0,1,1,1,1,1,0,1,0,0,1,1
3.044479000,0,1,1,1,1,1,0,1,0,0,1,0
3.044896000,0,0,0,0,0,0,0,0,0,0,0,0
3.044901000,1,1,0,1,0,0,1,1,0,0,1,0
3.044979000,1,1,0,1,0,0,1,1,0,0,1,1
3.045479000,1,1,0,1,0,0,1,1,0,0,1,0
3.045896000,0,0,0,0,0,0,0,0,0,0,0,0
3.045901000,0,1,1,0,0,0,1,1,0,0,1,0
3.045979000,0,1,1,0,0,0,1,1,0,0,1,1
3.046479000,0,1,1,0,0,0,1,1,0,0,1,0
3.046896000,0,0,0,0,0,0,0,0,0,0,0,0
3.046901000,0,1,1,0,0,0,1,1,0,0,1,0
3.046979000,0,1,1,0,0,0,1,1,0,0,1,1
3.047479000,0,1,1,0,0,0,1,1,0,0,1,0
3.047896000,0,0,0,0,0,0,0,0,0,0,0,0
3.047901000,1,0,0,1,0,0,1,1,0,0,1,0
3.047979000,1,0,0,1,0,0,1,1,0,0,1,1
3.048479000,1,0,0,1,0,0,1,1,0,0,1,0
3.048896000,0,0,0,0,0,0,0,0,0,0,0,0
3.048901000,0,0,0,0,0,0,1,1,0,0,1,0
3.048979000,0,0,0,0,0,0,1,1,0,0,1,1
3.049479000,0,0,0,0,0,0,1,1,0,0,1,0
3.049896000,0,0,0,0,0,0,0,0,0,0,0,0
3.049901000,0,1,0,0,1,0,1,1,0,0,1,0
3.049979000,0,1,0,0,1,0,1,1,0,0,1,1
3.050479000,0,1,0,0,1,0,1,1,0,0,1,0
3.050896000,0,0,0,0,0,0,0,0,0,0,0,0
3.050901000,1,1,0,0,1,0,1,1,0,0,1,0
3.050979000,1,1,0,0,1,0,1,1,0,0,1,1
3.051479000,1,1,0,0,1,0,1,1,0,0,1,0
3.051896000,0,0,0,0,0,0,0,0,0,0,0,0
3.051901000,0,1,1,1,0,0,1,1,0,0,1,0
3.051979000,0,1,1,1,0,0,1,1,0,0,1,1
3.052479000,0,1,1,1,0,0,1,1,0,0,1,0
3.052896000,0,0,0,0,0,0,0,0,0,0,0,0
3.052901000,1,0,0,1,0,0,1,1,0,0,1,0
3.052979000,1,0,0,1,0,0,1,1,0,0,1,1
3.053479000,1,0,0,1,0,0,1,1,0,0,1,0
3.053896000,0,0,0,0,0,0,0,0,0,0,0,0
3.053901000,1,1,1,1,1,1,0,1,0,0,1,0
3.053979000,1,1,1,1,1,1,0,1,0,0,1,1
3.054479000,1,1,1,1,1,1,0,1,0,0,1,0
3.054896000,0,0,0,0,0,0,0,0,0,0,0,0
3.054901000,1,1,1,1,1,1,0,1,0,0,1,0
3.054979000,1,1,1,1,1,1,0,1,0,0,1,1
3.055479000,1,1,1,1,1,1,0,1,0,0,1,0
3.055896000,0,0,0,0,0,0,0,0,0,0,0,0
3.055901000,1,0,1,1,1,1,0,1,0,0,1,0
3.055979000,1,0,1,1,1,1,0,1,0,0,1,1
3.056479000,1,0,1,1,1,1,0,1,0,0,1,0
3.056896000,0,0,0,0,0,0,0,0,0,0,0,0
3.056901000,0,1,1,1,1,1,0,1,0,0,1,0
3.056979000,0,1,1,1,1,1,0,1,0,0,1,1
3.057479000,0,1,1,1,1,1,0,1,0,0,1,0
3.057896000,0,0,0,0,0,0,0,0,0,0,0,0
3.057901000,1,1,1,1,1,1,0,1,0,0,1,0
3.057979000,1,1,1,1,1,1,0,1,0,0,1,1
3.058479000,1,1,1,1,1,1,0,1,0,0,1,0
3.058896000,0,0,0,0,0,0,0,0,0,0,0,0
3.058901000,1,1,1,1,1,1,0,1,0,0,1,0
3.058979000,1,1,1,1,1,1,0,1,0,0,1,1
3.059479000,1,1,1,1,1,1,0,1,0,0,1,0
3.059896000,0,0,0,0,0,0,0,0,0,0,0,0
3.059901000,1,0,1,1,1,1,0,1,0,0,1,0
3.059979000,1,0,1,1,1,1,0,1,0,0,1,1
3.060479000,1,0,1,1,1,1,0,1,0,0,1,0
3.060896000,0,0,0,0,0,0,0,0,0,0,0,0
3.060901000,1,0,1,1,1,1,0,1,0,0,1,0
3.060979000,1,0,1,1,1,1,0,1,0,0,1,1
3.061479000,1,0,1,1,1,1,0,1,0,0,1,0
3.061896000,0,0,0,0,0,0,0,0,0,0,0,0
3.061901000,0,0,0,1,0,0,1,1,0,0,1,0
3.061979000,0,0,0,1,0,0,1,1,0,0,1,1
3.062479000,0,0,0,1,0,0,1,1,0,0,1,0
3.062896000,0,0,0,0,0,0,0,0,0,0,0,0
3.062901000,0,0,0,1,0,0,1,1,0,0,1,0
3.062979000,0,0,0,1,0,0,1,1,0,0,1,1
3.063479000,0,0,0,1,0,0,1,1,0,0,1,0
3.063896000,0,0,0,0,0,0,0,0,0,0,0,0
3.063901000,0,1,1,0,0,0,1,1,0,0,1,0
3.063979000,0,1,1,0,0,0,1,1,0,0,1,1
3.064479000,0,1,1,0,0,0,1,1,0,0,1,0
3.064896000,0,0,0,0,0,0,0,0,0,0,0,0
3.064901000,1,1,0,1,1,1,0,1,0,0,1,0
3.064979000,1,1,0,1,1,1,0,1,0,0,1,1
3.065479000,1,1,0,1,1,1,0,1,0,0,1,0
3.065896000,0,0,0,0,0,0,0,0,0,0,0,0
3.065901000,0,1,1,0,0,0,1,1,0,0,1,0
3.065979000,0,1,1,0,0,0,1,1,0,0,1,1
3.066479000,0,1,1,0,0,0,1,1,0,0,1,0
3.066896000,0,0,0,0,0,0,0,0,0,0,0,0
3.066901000,1,1,1,0,1,1,0,1,0,0,1,0
3.066979000,1,1,1,0,1,1,0,1,0,0,1,1
3.067479000,1,1,1,0,1,1,0,1,0,0,1,0
3.067896000,0,0,0,0,0,0,0,0,0,0,0,0
3.067901000,1,1,1,1,1,1,0,1,0,0,1,0
3.067979000,1,1,1,1,1,1,0,1,0,0,1,1
3.068479000,1,1,1,1,1,1,0,1,0,0,1,0
3.068896000,0,0,0,0,0,0,0,0,0,0,0,0
3.068901000,0,0,0,0,0,0,1,1,0,0,1,0
3.068979000,0,0,0,0,0,0,1,1,0,0,1,1
3.069479000,0,0,0,0,0,0,1,1,0,0,1,0
3.069896000,0,0,0,0,0,0,0,0,0,0,0,0
3.069901000,1,1,1,1,1,1,0,1,0,0,1,0
3.069979000,1,1,1,1,1,1,0,1,0,0,1,1
3.070479000,1,1,1,1,1,1,0,1,0,0,1,0
3.070896000,0,0,0,0,0,0,0,0,0,0,0,0
3.070901000,1,1,1,1,1,1,0,1,0,0,1,0
3.070979000,1,1,1,1,1,1,0,1,0,0,1,1
3.071479000,1,1,1,1,1,1,0,1,0,0,1,0
3.071896000,0,0,0,0,0,0,0,0,0,0,0,0
3.071901000,1,0,0,0,0,0,1,1,0,0,1,0
3.071979000,1,0,0,0,0,0,1,1,0,0,1,1
3.072479000,1,0,0,0,0,0,1,1,0,0,1,0
3.072896000,0,0,0,0,0,0,0,0,0,0,0,0
3.072901000,0,1,0,1,0,0,1,1,0,0,1,0
3.072979000,0,1,0,1,0,0,1,1,0,0,1,1
3.073479000,0,1,0,1,0,0,1,1,0,0,1,0
3.073896000,0,0,0,0,0,0,0,0,0,0,0,0
3.073901000,1,1,1,1,1,1,0,1,0,0,1,0
3.073979000,1,1,1,1,1,1,0,1,0,0,1,1
3.074479000,1,1,1,1,1,1,0,1,0,0,1,0
3.074896000,0,0,0,0,0,0,0,0,0,0,0,0
3.074901000,0,0,1,1,1,1,0,1,0,0,1,0
3.074979000,0,0,1,1,1,1,0,1,0,0,1,1
3.075479000,0,0,1,1,1,1,0,1,0,0,1,0
3.075895000,0,0,1,1,1,1,0,1,0,0,0,0
3.075896000,0,0,0,0,0,0,0,0,0,0,0,0
3.075901000,1,0,1,0,0,0,1,1,0,0,1,0
3.075979000,1,0,1,0,0,0,1,1,0,0,1,1
3.076479000,1,0,1,0,0,0,1,1,0,0,1,0
3.076895000,1,0,1,0,0,0,1,1,0,0,0,0
3.076896000,0,0,0,0,0,0,0,0,0,0,0,0
3.076901000,0,1,0,0,0,0,1,1,0,0,1,0
3.076979000,0,1,0,0,0,0,1,1,0,0,1,1
3.077479000,0,1,0,0,0,0,1,1,0,0,1,0
3.077895000,0,1,0,0,0,0,1,1,0,0,0,0
3.077896000,0,0,0,0,0,0,0,0,0,0,0,0
3.077901000,1,1,1,1,1,1,0,1,0,0,1,0
3.077979000,1,1,1,1,1,1,0,1,0,0,1,1
3.078479000,1,1,1,1,1,1,0,1,0,0,1,0
3.078895000,1,1,1,1,1,1,0,1,0,0,0,0
3.078896000,0,0,0,0,0,0,0,0,0,0,0,0
3.078901000,0,0,0,0,0,0,1,1,0,0,1,0
3.078979000,0,0,0,0,0,0,1,1,0,0,1,1
3.079479000,0,0,0,0,0,0,1,1,0,0,1,0
3.079895000,0,0,0,0,0,0,0,0,0,0,0,0
3.079901000,1,1,0,1,1,1,0,1,0,0,1,0
3.079979000,1,1,0,1,1,1,0,1,0,0,1,1
3.080479000,1,1,0,1,1,1,0,1,0,0,1,0
3.080895000,0,0,0,0,0,0,0,0,0,0,0,0
3.080901000,1,1,0,0,1,1,0,1,0,0,1,0
3.080979000,1,1,0,0,1,1,0,1,0,0,1,1
3.081479000,1,1,0,0,1,1,0,1,0,0,1,0
3.081895000,0,0,0,0,0,0,0,0,0,0,0,0
3.081901000,0,0,1,0,0,0,1,1,0,0,1,0
3.081979000,0,0,1,0,0,0,1,1,0,0,1,1
3.082479000,0,0,1,0,0,0,1,1,0,0,1,0
3.082895000,0,0,0,0,0,0,0,0,0,0,0,0
3.082901000,1,1,0,0,1,1,0,1,0,0,1,0
3.082979000,1,1,0,0,1,1,0,1,0,0,1,1
3.083479000,1,1,0,0,1,1,0,1,0,0,1,0
3.083895000,0,0,0,0,0,0,0,0,0,0,0,0
3.083901000,0,1,1,0,0,0,1,1,0,0,1,0
3.083979000,0,1,1,0,0,0,1,1,0,0,1,1
3.084479000,0,1,1,0,0,0,1,1,0,0,1,0
3.084895000,0,0,0,0,0,0,0,0,0,0,0,0
3.084901000,1,1,0,0,0,0,1,1,0,0,1,0
3.084979000,1,1,0,0,0,0,1,1,0,0,1,1
3.085479000,1,1,0,0,0,0,1,1,0,0,1,0
3.085895000,0,0,0,0,0,0,0,0,0,0,0,0
3.085900000,0,0,0,0,0,0,1,0,0,0,0,0
3.085901000,0,0,0,0,1,0,1,1,0,0,1,0
3.085979000,0,0,0,0,1,0,1,1,0,0,1,1
3.086479000,0,0,0,0,1,0,1,1,0,0,1,0
3.086895000,0,0,0,0,0,0,0,0,0,0,0,0
3.086900000,0,0,0,0,0,0,1,1,0,0,0,0
3.086901000,0,0,1,1,0,0,1,1,0,0,1,0
3.086979000,0,0,1,1,0,0,1,1,0,0,1,1
3.087479000,0,0,1,1,0,0,1,1,0,0,1,0
3.087895000,0,0,0,0,0,0,0,0,0,0,0,0
3.087900000,0,0,0,0,0,0,0,1,0,0,0,0
3.087901000,1,1,1,1,1,1,0,1,0,0,1,0
3.087979000,1,1,1,1,1,1,0,1,0,0,1,1
3.088479000,1,1,1,1,1,1,0,1,0,0,1,0
3.088895000,1,0,1,1,1,0,0,1,0,0,0,0
3.088896000,0,0,0,0,0,0,0,0,0,0,0,0
3.088900000,0,0,0,0,1,1,0,1,0,0,0,0
3.088901000,1,1,1,1,1,1,0,1,0,0,1,0
3.088979000,1,1,1,1,1,1,0,1,0,0,1,1
3.089479000,1,1,1,1,1,1,0,1,0,0,1,0
3.089895000,0,0,0,0,0,0,0,0,0,0,0,0
3.089900000,0,0,1,1,1,1,0,1,0,0,0,0
3.089901000,0,0,1,1,1,1,0,1,0,0,1,0
3.089979000,0,0,1,1,1,1,0,1,0,0,1,1
3.090479000,0,0,1,1,1,1,0,1,0,0,1,0
3.090895000,0,0,0,0,0,0,0,0,0,0,0,0
3.090900000,0,1,1,0,0,0,1,1,0,0,1,0
3.090979000,0,1,1,0,0,0,1,1,0,0,1,1
3.091479000,0,1,1,0,0,0,1,1,0,0,1,0
3.091895000,0,0,0,0,0,0,0,0,0,0,0,0
3.091900000,0,0,1,1,1,1,0,1,0,0,1,0
3.091979000,0,0,1,1,1,1,0,1,0,0,1,1
3.092479000,0,0,1,1,1,1,0,1,0,0,1,0
3.092895000,0,0,0,0,0,0,0,0,0,0,0,0
3.092900000,1,0,1,1,1,1,0,1,0,0,1,0
3.092979000,1,0,1,1,1,1,0,1,0,0,1,1
3.093479000,1,0,1,1,1,1,0,1,0,0,1,0
3.093895000,0,0,0,0,0,0,0,0,0,0,0,0
3.093900000,1,1,0,0,1,0,1,1,0,0,1,0
3.093979000,1,1,0,0,1,0,1,1,0,0,1,1
3.094479000,1,1,0,0,1,0,1,1,0,0,1,0
3.094895000,0,0,0,0,0,0,0,0,0,0,0,0
3.094900000,1,0,0,1,0,0,1,1,0,0,1,0
3.094979000,1,0,0,1,0,0,1,1,0,0,1,1
3.095479000,1,0,0,1,0,0,1,1,0,0,1,0
3.095895000,0,0,0,0,0,0,0,0,0,0,0,0
3.095900000,1,1,1,1,0,0,1,1,0,0,1,0
3.095979000,1,1,1,1,0,0,1,1,0,0,1,1
3.096479000,1,1,1,1,0,0,1,1,0,0,1,0
3.096895000,0,0,0,0,0,0,0,0,0,0,0,0
3.096900000,1,0,0,1,0,0,1,1,0,0,1,0
3.096979000,1,0,0,1,0,0,1,1,0,0,1,1
3.097479000,1,0,0,1,0,0,1,1,0,0,1,0
3.097895000,0,0,0,0,0,0,0,0,0,0,0,0
3.097900000,1,1,1,1,0,0,1,1,0,0,1,0
3.097979000,1,1,1,1,0,0,1,1,0,0,1,1
3.098479000,1,1,1,1,0,0,1,1,0,0,1,0
3.098895000,0,0,0,0,0,0,0,0,0,0,0,0
3.098900000,1,1,1,1,1,1,0,1,0,0,1,0
3.098979000,1,1,1,1,1,1,0,1,0,0,1,1
3.099479000,1,1,1,1,1,1,0,1,0,0,1,0
3.099895000,0,0,0,0,0,0,0,0,0,0,0,0
3.099900000,1,1,1,0,1,1,0,1,0,0,1,0
3.099979000,1,1,1,0,1,1,0,1,0,0,1,1
3.100479000,1,1,1,0,1,1,0,1,0,0,1,0
3.100895000,0,0,0,0,0,0,0,0,0,0,0,0
3.100900000,1,1,0,1,1,1,0,1,0,0,1,0
3.100979000,1,1,0,1,1,1,0,1,0,0,1,1
3.101479000,1,1,0,1,1,1,0,1,0,0,1,0
3.101895000,0,0,0,0,0,0,0,0,0,0,0,0
3.101900000,1,1,1,1,1,1,0,1,0,0,1,0
3.101979000,1,1,1,1,1,1,0,1,0,0,1,1
3.102479000,1,1,1,1,1,1,0,1,0,0,1,0
3.102895000,0,0,0,0,0,0,0,0,0,0,0,0
3.102900000,1,0,1,1,0,0,1,1,0,0,1,0
3.102979000,1,0,1,1,0,0,1,1,0,0,1,1
3.103479000,1,0,1,1,0,0,1,1,0,0,1,0
3.103895000,0,0,0,0,0,0,0,0,0,0,0,0
3.103900000,1,1,1,0,1,0,1,1,0,0,1,0
3.103979000,1,1,1,0,1,0,1,1,0,0,1,1
3.104479000,1,1,1,0,1,0,1,1,0,0,1,0
3.104895000,0,0,0,0,0,0,0,0,0,0,0,0
3.104900000,0,1,0,1,0,0,1,1,0,0,1,0
3.104979000,0,1,0,1,0,0,1,1,0,0,1,1
3.105479000,0,1,0,1,0,0,1,1,0,0,1,0
3.105895000,0,0,0,0,0,0,0,0,0,0,0,0
3.105900000,1,0,0,0,1,0,1,1,0,0,1,0
3.105979000,1,0,0,0,1,0,1,1,0,0,1,1
3.106479000,1,0,0,0,1,0,1,1,0,0,1,0
3.106895000,0,0,0,0,0,0,0,0,0,0,0,0
3.106900000,0,0,0,0,0,0,1,1,0,0,1,0
3.106979000,0,0,0,0,0,0,1,1,0,0,1,1
3.107479000,0,0,0,0,0,0,1,1,0,0,1,0
3.107895000,0,0,0,0,0,0,0,0,0,0,0,0
3.107900000,0,0,1,0,1,0,1,1,0,0,1,0
3.107979000,0,0,1,0,1,0,1,1,0,0,1,1
3.108479000,0,0,1,0,1,0,1,1,0,0,1,0
3.108895000,0,0,0,0,0,0,0,0,0,0,0,0
3.108900000,1,0,1,0,0,0,1,1,0,0,1,0
3.108979000,1,0,1,0,0,0,1,1,0,0,1,1
3.109479000,1,0,1,0,0,0,1,1,0,0,1,0
3.109895000,0,0,0,0,0,0,0,0,0,0,0,0
3.109900000,0,0,1,0,1,0,1,1,0,0,1,0
3.109979000,0,0,1,0,1,0,1,1,0,0,1,1
3.110479000,0,0,1,0,1,0,1,1,0,0,1,0
3.110895000,0,0,0,0,0,0,0,0,0,0,0,0
3.110900000,0,0,0,0,1,0,1,1,0,0,1,0
3.110979000,0,0,0,0,1,0,1,1,0,0,1,1
3.111479000,0,0,0,0,1,0,1,1,0,0,1,0
3.111895000,0,0,0,0,0,0,0,0,0,0,0,0
3.111900000,0,0,0,0,1,0,1,1,0,0,1,0
3.111979000,0,0,0,0,1,0,1,1,0,0,1,1
3.112479000,0,0,0,0,1,0,1,1,0,0,1,0
3.112895000,0,0,0,0,0,0,0,0,0,0,0,0
3.112900000,0,0,0,1,0,0,1,1,0,0,1,0
3.112979000,0,0,0,1,0,0,1,1,0,0,1,1
3.113479000,0,0,0,1,0,0,1,1,0,0,1,0
3.113895000,0,0,0,0,0,0,0,0,0,0,0,0
3.113900000,1,1,1,1,1,1,0,1,0,0,1,0
3.113979000,1,1,1,1,1,1,0,1,0,0,1,1
3.114479000,1,1,1,1,1,1,0,1,0,0,1,0
3.114895000,0,0,0,0,0,0,0,0,0,0,0,0
3.114900000,1,0,1,0,0,0,1,1,0,0,1,0
3.114979000,1,0,1,0,0,0,1,1,0,0,1,1
3.115479000,1,0,1,0,0,0,1,1,0,0,1,0
3.115895000,0,0,0,0,0,0,0,0,0,0,0,0
3.115900000,1,1,1,1,1,1,0,1,0,0,1,0
3.115979000,1,1,1,1,1,1,0,1,0,0,1,1
3.116479000,1,1,1,1,1,1,0,1,0,0,1,0
3.116895000,0,0,0,0,0,0,0,0,0,0,0,0
3.116900000,1,1,1,0,0,0,1,1,0,0,1,0
3.116979000,1,1,1,0,0,0,1,1,0,0,1,1
3.117479000,1,1,1,0,0,0,1,1,0,0,1,0
3.117895000,0,0,0,0,0,0,0,0,0,0,0,0
3.117900000,1,0,0,0,0,0,1,1,0,0,1,0
3.117979000,1,0,0,0,0,0,1,1,0,0,1,1
3.118479000,1,0,0,0,0,0,1,1,0,0,1,0
3.118895000,0,0,0,0,0,0,0,0,0,0,0,0
3.118900000,1,1,1,1,1,1,0,1,0,0,1,0
3.118979000,1,1,1,1,1,1,0,1,0,0,1,1
3.119479000,1,1,1,1,1,1,0,1,0,0,1,0
3.119895000,0,0,0,0,0,0,0,0,0,0,0,0
3.119900000,1,0,1,1,0,0,1,1,0,0,1,0
3.119979000,1,0,1,1,0,0,1,1,0,0,1,1
3.120479000,1,0,1,1,0,0,1,1,0,0,1,0
3.120895000,0,0,0,0,0,0,0,0,0,0,0,0
3.120900000,0,1,1,1,1,1,0,1,0,0,1,0
3.120979000,0,1,1,1,1,1,0,1,0,0,1,1
3.121479000,0,1,1,1,1,1,0,1,0,0,1,0
3.121895000,0,0,0,0,0,0,0,0,0,0,0,0
3.121900000,1,0,0,0,1,0,1,1,0,0,1,0
3.121978000,1,0,0,0,1,0,1,1,0,0,1,1
3.122478000,1,0,0,0,1,0,1,1,0,0,1,0
3.122895000,0,0,0,0,0,0,0,0,0,0,0,0
3.122900000,1,0,0,0,1,0,1,1,0,0,1,0
3.122978000,1,0,0,0,1,0,1,1,0,0,1,1
3.123478000,1,0,0,0,1,0,1,1,0,0,1,0
3.123895000,0,0,0,0,0,0,0,0,0,0,0,0
3.123900000,1,0,0,0,1,0,1,1,0,0,1,0
3.123978000,1,0,0,0,1,0,1,1,0,0,1,1
3.124478000,1,0,0,0,1,0,1,1,0,0,1,0
3.124895000,0,0,0,0,0,0,0,0,0,0,0,0
3.124900000,1,0,0,1,1,0,1,1,0,0,1,0
3.124978000,1,0,0,1,1,0,1,1,0,0,1,1
3.125478000,1,0,0,1,1,0,1,1,0,0,1,0
3.125895000,0,0,0,0,0,0,0,0,0,0,0,0
3.125900000,1,0,1,1,0,0,1,1,0,0,1,0
3.125978000,1,0,1,1,0,0,1,1,0,0,1,1
3.126478000,1,0,1,1,0,0,1,1,0,0,1,0
3.126895000,0,0,0,0,0,0,0,0,0,0,0,0
3.126900000,1,1,0,1,0,0,1,1,0,0,1,0
3.126978000,1,1,0,1,0,0,1,1,0,0,1,1
3.127478000,1,1,0,1,0,0,1,1,0,0,1,0
3.127895000,0,0,0,0,0,0,0,0,0,0,0,0
3.127900000,1,1,1,1,1,1,0,1,0,0,1,0
3.127978000,1,1,1,1,1,1,0,1,0,0,1,1
3.128478000,1,1,1,1,1,1,0,1,0,0,1,0
3.128895000,0,0,0,0,0,0,0,0,0,0,0,0
3.128900000,1,1,1,1,1,1,0,1,0,0,1,0
3.128978000,1,1,1,1,1,1,0,1,0,0,1,1
3.129478000,1,1,1,1,1,1,0,1,0,0,1,0
3.129895000,0,0,0,0,0,0,0,0,0,0,0,0
3.129900000,0,0,0,1,0,0,1,1,0,0,1,0
3.129978000,0,0,0,1,0,0,1,1,0,0,1,1
3.130478000,0,0,0,1,0,0,1,1,0,0,1,0
3.130895000,0,0,0,0,0,0,0,0,0,0,0,0
3.130900000,1,0,0,1,1,0,1,1,0,0,1,0
3.130978000,1,0,0,1,1,0,1,1,0,0,1,1
3.131478000,1,0,0,1,1,0,1,1,0,0,1,0
3.131895000,0,0,0,0,0,0,0,0,0,0,0,0
3.131900000,1,1,1,1,0,0,1,1,0,0,1,0
3.131978000,1,1,1,1,0,0,1,1,0,0,1,1
3.132478000,1,1,1,1,0,0,1,1,0,0,1,0
3.132895000,0,0,0,0,0,0,0,0,0,0,0,0
3.132900000,0,1,0,0,1,0,1,1,0,0,1,0
3.132978000,0,1,0,0,1,0,1,1,0,0,1,1
3.133478000,0,1,0,0,1,0,1,1,0,0,1,0
3.133895000,0,0,0,0,0,0,0,0,0,0,0,0
3.133900000,1,1,1,0,0,0,1,1,0,0,1,0
3.133978000,1,1,1,0,0,0,1,1,0,0,1,1
3.134478000,1,1,1,0,0,0,1,1,0,0,1,0
3.134895000,0,0,0,0,0,0,0,0,0,0,0,0
3.134900000,1,1,1,1,1,1,0,1,0,0,1,0
3.134978000,1,1,1,1,1,1,0,1,0,0,1,1
3.135478000,1,1,1,1,1,1,0,1,0,0,1,0
3.135895000,0,0,0,0,0,0,0,0,0,0,0,0
3.135900000,0,1,1,1,0,0,1,1,0,0,1,0
3.135978000,0,1,1,1,0,0,1,1,0,0,1,1
3.136478000,0,1,1,1,0,0,1,1,0,0,1,0
3.136895000,0,0,0,0,0,0,0,0,0,0,0,0
3.136900000,0,1,1,0,0,0,1,1,0,0,1,0
3.136978000,0,1,1,0,0,0,1,1,0,0,1,1
3.137478000,0,1,1,0,0,0,1,1,0,0,1,0
3.137895000,0,0,0,0,0,0,0,0,0,0,0,0
3.137900000,0,0,1,1,0,0,1,1,0,0,1,0
3.137978000,0,0,1,1,0,0,1,1,0,0,1,1
3.138478000,0,0,1,1,0,0,1,1,0,0,1,0
3.138895000,0,0,0,0,0,0,0,0,0,0,0,0
3.138900000,0,0,0,0,1,0,1,1,0,0,1,0
3.138978000,0,0,0,0,1,0,1,1,0,0,1,1
3.139478000,0,0,0,0,1,0,1,1,0,0,1,0
3.139895000,0,0,0,0,0,0,0,0,0,0,0,0
3.139900000,1,1,1,1,1,1,0,1,0,0,1,0
3.139978000,1,1,1,1,1,1,0,1,0,0,1,1
3.140478000,1,1,1,1,1,1,0,1,0,0,1,0
3.140895000,0,0,0,0,0,0,0,0,0,0,0,0
3.140900000,0,0,1,1,0,0,1,1,0,0,1,0
3.140978000,0,0,1,1,0,0,1,1,0,0,1,1
3.141478000,0,0,1,1,0,0,1,1,0,0,1,0
3.141895000,0,0,0,0,0,0,0,0,0,0,0,0
3.141900000,1,0,1,0,1,1,0,1,0,0,1,0
3.141978000,1,0,1,0,1,1,0,1,0,0,1,1
3.142478000,1,0,1,0,1,1,0,1,0,0,1,0
3.142895000,0,0,0,0,0,0,0,0,0,0,0,0
3.142900000,1,1,1,1,1,1,0,1,0,0,1,0
3.142978000,1,1,1,1,1,1,0,1,0,0,1,1
3.143478000,1,1,1,1,1,1,0,1,0,0,1,0
3.143895000,0,0,0,0,0,0,0,0,0,0,0,0
3.143900000,0,0,0,1,0,0,1,1,0,0,1,0
3.143978000,0,0,0,1,0,0,1,1,0,0,1,1
3.144478000,0,0,0,1,0,0,1,1,0,0,1,0
3.144895000,0,0,0,0,0,0,0,0,0,0,0,0
3.144900000,1,1,0,1,1,1,0,1,0,0,1,0
3.144978000,1,1,0,1,1,1,0,1,0,0,1,1
3.145478000,1,1,0,1,1,1,0,1,0,0,1,0
3.145895000,0,0,0,0,0,0,0,0,0,0,0,0
3.145900000,1,0,1,1,0,0,1,1,0,0,1,0
3.145978000,1,0,1,1,0,0,1,1,0,0,1,1
3.146478000,1,0,1,1,0,0,1,1,0,0,1,0
3.146895000,0,0,0,0,0,0,0,0,0,0,0,0
3.146900000,1,1,0,1,1,1,0,1,0,0,1,0
3.146978000,1,1,0,1,1,1,0,1,0,0,1,1
3.147478000,1,1,0,1,1,1,0,1,0,0,1,0
3.147895000,0,0,0,0,0,0,0,0,0,0,0,0
3.147900000,1,1,1,0,0,0,1,1,0,0,1,0
3.147978000,1,1,1,0,0,0,1,1,0,0,1,1
3.148478000,1,1,1,0,0,0,1,1,0,0,1,0
3.148895000,0,0,0,0,0,0,0,0,0,0,0,0
3.148900000,1,1,0,1,1,1,0,1,0,0,1,0
3.148978000,1,1,0,1,1,1,0,1,0,0,1,1
3.149478000,1,1,0,1,1,1,0,1,0,0,1,0
3.149895000,0,0,0,0,0,0,0,0,0,0,0,0
3.149900000,1,1,1,0,1,1,0,1,0,0,1,0
3.149978000,1,1,1,0,1,1,0,1,0,0,1,1
3.150478000,1,1,1,0,1,1,0,1,0,0,1,0
3.150895000,0,0,0,0,0,0,0,0,0,0,0,0
3.150900000,1,1,1,1,1,1,0,1,0,0,1,0
3.150978000,1,1,1,1,1,1,0,1,0,0,1,1
3.151478000,1,1,1,1,1,1,0,1,0,0,1,0
3.151895000,0,0,0,0,0,0,0,0,0,0,0,0
3.151900000,0,1,0,1,1,1,0,1,0,0,1,0
3.151978000,0,1,0,1,1,1,0,1,0,0,1,1
3.152478000,0,1,0,1,1,1,0,1,0,0,1,0
3.152895000,0,0,0,0,0,0,0,0,0,0,0,0
3.152900000,1,0,1,0,1,0,1,1,0,0,1,0
3.152978000,1,0,1,0,1,0,1,1,0,0,1,1
3.153478000,1,0,1,0,1,0,1,1,0,0,1,0
3.153895000,0,0,0,0,0,0,0,0,0,0,0,0
3.153900000,0,0,1,0,0,0,1,1,0,0,1,0
3.153978000,0,0,1,0,0,0,1,1,0,0,1,1
3.154478000,0,0,1,0,0,0,1,1,0,0,1,0
3.154895000,0,0,0,0,0,0,0,0,0,0,0,0
3.154900000,1,0,1,0,0,0,1,1,0,0,1,0
3.154978000,1,0,1,0,0,0,1,1,0,0,1,1
3.155478000,1,0,1,0,0,0,1,1,0,0,1,0
3.155895000,0,0,0,0,0,0,0,0,0,0,0,0
3.155900000,1,1,1,1,1,1,0,1,0,0,1,0
3.155978000,1,1,1,1,1,1,0,1,0,0,1,1
3.156478000,1,1,1,1,1,1,0,1,0,0,1,0
3.156895000,0,0,0,0,0,0,0,0,0,0,0,0
3.156900000,1,0,1,1,1,1,0,1,0,0,1,0
3.156978000,1,0,1,1,1,1,0,1,0,0,1,1
3.157478000,1,0,1,1,1,1,0,1,0,0,1,0
3.157895000,0,0,0,0,0,0,0,0,0,0,0,0
3.157900000,0,0,0,0,1,0,1,1,0,0,1,0
3.157978000,0,0,0,0,1,0,1,1,0,0,1,1
3.158478000,0,0,0,0,1,0,1,1,0,0,1,0
3.158895000,0,0,0,0,0,0,0,0,0,0,0,0
3.158900000,1,1,1,1,1,1,0,1,0,0,1,0
3.158978000,1,1,1,1,1,1,0,1,0,0,1,1
3.159478000,1,1,1,1,1,1,0,1,0,0,1,0
3.159895000,0,0,0,0,0,0,0,0,0,0,0,0
3.159900000,1,1,0,1,0,0,1,1,0,0,1,0
3.159978000,1,1,0,1,0,0,1,1,0,0,1,1
3.160478000,1,1,0,1,0,0,1,1,0,0,1,0
3.160895000,0,0,0,0,0,0,0,0,0,0,0,0
3.160900000,1,0,1,1,1,1,0,1,0,0,1,0
3.160978000,1,0,1,1,1,1,0,1,0,0,1,1
3.161478000,1,0,1,1,1,1,0,1,0,0,1,0
3.161895000,0,0,0,0,0,0,0,0,0,0,0,0
3.161900000,1,0,1,1,1,1,0,1,0,0,1,0
3.161978000,1,0,1,1,1,1,0,1,0,0,1,1
3.162478000,1,0,1,1,1,1,0,1,0,0,1,0
3.162895000,0,0,0,0,0,0,0,0,0,0,0,0
3.162900000,1,1,0,1,1,1,0,1,0,0,1,0
3.162978000,1,1,0,1,1,1,0,1,0,0,1,1
3.163478000,1,1,0,1,1,1,0,1,0,0,1,0
3.163895000,0,0,0,0,0,0,0,0,0,0,0,0
3.163900000,1,1,1,0,1,1,0,1,0,0,1,0
3.163978000,1,1,1,0,1,1,0,1,0,0,1,1
3.164478000,1,1,1,0,1,1,0,1,0,0,1,0
3.164895000,0,0,0,0,0,0,0,0,0,0,0,0
3.164900000,1,1,1,1,1,1,0,1,0,0,1,0
3.164978000,1,1,1,1,1,1,0,1,0,0,1,1
3.165478000,1,1,1,1,1,1,0,1,0,0,1,0
3.165895000,0,0,0,0,0,0,0,0,0,0,0,0
3.165900000,0,1,0,1,0,0,1,1,0,0,1,0
3.165978000,0,1,0,1,0,0,1,1,0,0,1,1
3.166478000,0,1,0,1,0,0,1,1,0,0,1,0
3.166895000,0,0,0,0,0,0,0,0,0,0,0,0
3.166900000,1,1,1,1,1,1,0,1,0,0,1,0
3.166978000,1,1,1,1,1,1,0,1,0,0,1,1
3.167478000,1,1,1,1,1,1,0,1,0,0,1,0
3.167895000,0,0,0,0,0,0,0,0,0,0,0,0
3.167900000,0,1,1,1,1,1,0,1,0,0,1,0
3.167978000,0,1,1,1,1,1,0,1,0,0,1,1
3.168478000,0,1,1,1,1,1,0,1,0,0,1,0
3.168895000,0,0,0,0,0,0,0,0,0,0,0,0
3.168900000,0,1,1,1,1,1,0,1,0,0,1,0
3.168978000,0,1,1,1,1,1,0,1,0,0,1,1
3.169478000,0,1,1,1,1,1,0,1,0,0,1,0
3.169895000,0,0,0,0,0,0,0,0,0,0,0,0
3.169900000,1,1,0,0,1,1,0,1,0,0,1,0
3.169978000,1,1,0,0,1,1,0,1,0,0,1,1
3.170478000,1,1,0,0,1,1,0,1,0,0,1,0
3.170895000,0,0,0,0,0,0,0,0,0,0,0,0
3.170900000,1,1,1,1,1,1,0,1,0,0,1,0
3.170978000,1,1,1,1,1,1,0,1,0,0,1,1
3.171478000,1,1,1,1,1,1,0,1,0,0,1,0
3.171895000,0,0,0,0,0,0,0,0,0,0,0,0
3.171900000,1,1,1,1,0,1,0,1,0,0,1,0
3.171978000,1,1,1,1,0,1,0,1,0,0,1,1
3.172478000,1,1,1,1,0,1,0,1,0,0,1,0
3.172895000,0,0,0,0,0,0,0,0,0,0,0,0
3.172900000,0,0,0,1,0,0,1,1,0,0,1,0
3.172978000,0,0,0,1,0,0,1,1,0,0,1,1
3.173478000,0,0,0,1,0,0,1,1,0,0,1,0
3.173895000,0,0,0,0,0,0,0,0,0,0,0,0
3.173900000,0,1,1,0,0,0,1,1,0,0,1,0
3.173978000,0,1,1,0,0,0,1,1,0,0,1,1
3.174478000,0,1,1,0,0,0,1,1,0,0,1,0
3.174895000,0,0,0,0,0,0,0,0,0,0,0,0
3.174900000,1,0,1,0,1,1,0,1,0,0,1,0
3.174978000,1,0,1,0,1,1,0,1,0,0,1,1
3.175478000,1,0,1,0,1,1,0,1,0,0,1,0
3.175895000,0,0,0,0,0,0,0,0,0,0,0,0
3.175900000,1,1,1,1,1,1,0,1,0,0,1,0
3.175978000,1,1,1,1,1,1,0,1,0,0,1,1
3.176478000,1,1,1,1,1,1,0,1,0,0,1,0
3.176895000,0,0,0,0,0,0,0,0,0,0,0,0
3.176900000,0,0,1,0,1,1,0,1,0,0,1,0
3.176978000,0,0,1,0,1,1,0,1,0,0,1,1
3.177478000,0,0,1,0,1,1,0,1,0,0,1,0
3.177895000,0,0,0,0,0,0,0,0,0,0,0,0
3.177900000,1,1,1,0,0,0,1,1,0,0,1,0
3.177978000,1,1,1,0,0,0,1,1,0,0,1,1
3.178478000,1,1,1,0,0,0,1,1,0,0,1,0
3.178895000,0,0,0,0,0,0,0,0,0,0,0,0
3.178900000,0,1,0,1,0,0,1,1,0,0,1,0
3.178978000,0,1,0,1,0,0,1,1,0,0,1,1
3.179478000,0,1,0,1,0,0,1,1,0,0,1,0
3.179895000,0,0,0,0,0,0,0,0,0,0,0,0
3.179900000,1,0,1,0,1,1,0,1,0,0,1,0
3.179978000,1,0,1,0,1,1,0,1,0,0,1,1
3.180478000,1,0,1,0,1,1,0,1,0,0,1,0
3.180895000,0,0,0,0,0,0,0,0,0,0,0,0
3.180900000,1,0,1,0,1,1,0,1,0,0,1,0
3.180978000,1,0,1,0,1,1,0,1,0,0,1,1
3.181478000,1,0,1,0,1,1,0,1,0,0,1,0
3.181895000,0,0,0,0,0,0,0,0,0,0,0,0
3.181900000,0,0,0,0,0,0,1,1,0,0,1,0
3.181978000,0,0,0,0,0,0,1,1,0,0,1,1
3.182478000,0,0,0,0,0,0,1,1,0,0,1,0
3.182895000,0,0,0,0,0,0,0,0,0,0,0,0
3.182900000,1,1,1,1,1,1,0,1,0,0,1,0
3.182978000,1,1,1,1,1,1,0,1,0,0,1,1
3.183478000,1,1,1,1,1,1,0,1,0,0,1,0
3.183895000,0,0,0,0,0,0,0,0,0,0,0,0
3.183900000,1,1,1,0,1,1,0,1,0,0,1,0
3.183978000,1,1,1,0,1,1,0,1,0,0,1,1
3.184478000,1,1,1,0,1,1,0,1,0,0,1,0
3.184895000,0,0,0,0,0,0,0,0,0,0,0,0
3.184900000,1,1,1,1,0,1,0,1,0,0,1,0
3.184978000,1,1,1,1,0,1,0,1,0,0,1,1
3.185478000,1,1,1,1,0,1,0,1,0,0,1,0
3.185895000,0,0,0,0,0,0,0,0,0,0,0,0
3.185900000,0,0,1,1,1,1,0,1,0,0,1,0
3.185978000,0,0,1,1,1,1,0,1,0,0,1,1
3.186478000,0,0,1,1,1,1,0,1,0,0,1,0
3.186895000,0,0,0,0,0,0,0,0,0,0,0,0
3.186900000,1,1,0,1,1,1,0,1,0,0,1,0
3.186978000,1,1,0,1,1,1,0,1,0,0,1,1
3.187478000,1,1,0,1,1,1,0,1,0,0,1,0
3.187895000,0,0,0,0,0,0,0,0,0,0,0,0
3.187900000,1,1,1,1,0,1,0,1,0,0,1,0
3.187978000,1,1,1,1,0,1,0,1,0,0,1,1
3.188478000,1,1,1,1,0,1,0,1,0,0,1,0
3.188895000,0,0,0,0,0,0,0,0,0,0,0,0
3.188900000,1,1,1,0,1,1,0,1,0,0,1,0
3.188978000,1,1,1,0,1,1,0,1,0,0,1,1
3.189478000,1,1,1,0,1,1,0,1,0,0,1,0
3.189895000,0,0,0,0,0,0,0,0,0,0,0,0
3.189900000,1,1,1,1,0,1,0,1,0,0,1,0
3.189978000,1,1,1,1,0,1,0,1,0,0,1,1
3.190478000,1,1,1,1,0,1,0,1,0,0,1,0
3.190895000,0,0,0,0,0,0,0,0,0,0,0,0
3.190900000,0,0,1,1,1,1,0,1,0,0,1,0
3.190978000,0,0,1,1,1,1,0,1,0,0,1,1
3.191478000,0,0,1,1,1,1,0,1,0,0,1,0
3.191895000,0,0,0,0,0,0,0,0,0,0,0,0
3.191900000,1,1,1,1,0,1,0,1,0,0,1,0
3.191978000,1,1,1,1,0,1,0,1,0,0,1,1
3.192478000,1,1,1,1,0,1,0,1,0,0,1,0
3.192895000,0,0,0,0,0,0,0,0,0,0,0,0
3.192900000,0,1,0,1,0,1,0,1,0,0,1,0
3.192978000,0,1,0,1,0,1,0,1,0,0,1,1
3.193478000,0,1,0,1,0,1,0,1,0,0,1,0
3.193895000,0,0,0,0,0,0,0,0,0,0,0,0
3.193900000,0,0,0,0,0,0,1,1,0,0,1,0
3.193978000,0,0,0,0,0,0,1,1,0,0,1,1
3.194478000,0,0,0,0,0,0,1,1,0,0,1,0
3.194895000,0,0,0,0,0,0,0,0,0,0,0,0
3.194900000,1,0,1,0,1,1,0,1,0,0,1,0
3.194978000,1,0,1,0,1,1,0,1,0,0,1,1
3.195478000,1,0,1,0,1,1,0,1,0,0,1,0
3.195895000,0,0,0,0,0,0,0,0,0,0,0,0
3.195900000,1,0,1,1,0,1,0,1,0,0,1,0
3.195978000,1,0,1,1,0,1,0,1,0,0,1,1
3.196478000,1,0,1,1,0,1,0,1,0,0,1,0
3.196895000,0,0,0,0,0,0,0,0,0,0,0,0
3.196900000,0,1,0,0,1,1,0,1,0,0,1,0
3.196978000,0,1,0,0,1,1,0,1,0,0,1,1
3.197478000,0,1,0,0,1,1,0,1,0,0,1,0
3.197895000,0,0,0,0,0,0,0,0,0,0,0,0
3.197900000,1,1,0,1,0,1,0,1,0,0,1,0
3.197978000,1,1,0,1,0,1,0,1,0,0,1,1
3.198478000,1,1,0,1,0,1,0,1,0,0,1,0
3.198895000,0,0,0,0,0,0,0,0,0,0,0,0
3.198900000,1,1,1,0,1,1,0,1,0,0,1,0
3.198978000,1,1,1,0,1,1,0,1,0,0,1,1
3.199478000,1,1,1,0,1,1,0,1,0,0,1,0
3.199895000,0,0,0,0,0,0,0,0,0,0,0,0
3.199900000,1,0,0,1,0,1,0,1,0,0,1,0
3.199978000,1,0,0,1,0,1,0,1,0,0,1,1
3.200478000,1,0,0,1,0,1,0,1,0,0,1,0
3.200895000,0,0,0,0,0,0,0,0,0,0,0,0
3.200900000,1,1,0,0,1,1,0,1,0,0,1,0
3.200978000,1,1,0,0,1,1,0,1,0,0,1,1
3.201478000,1,1,0,0,1,1,0,1,0,0,1,0
3.201895000,0,0,0,0,0,0,0,0,0,0,0,0
3.201900000,0,0,1,1,1,1,0,1,0,0,1,0
3.201978000,0,0,1,1,1,1,0,1,0,0,1,1
3.202478000,0,0,1,1,1,1,0,1,0,0,1,0
3.202895000,0,0,0,0,0,0,0,0,0,0,0,0
3.202900000,1,1,1,1,1,1,0,1,0,0,1,0
3.202978000,1,1,1,1,1,1,0,1,0,0,1,1
3.203478000,1,1,1,1,1,1,0,1,0,0,1,0
3.203895000,0,0,0,0,0,0,0,0,0,0,0,0
3.203900000,1,1,0,1,0,1,0,1,0,0,1,0
3.203978000,1,1,0,1,0,1,0,1,0,0,1,1
3.204478000,1,1,0,1,0,1,0,1,0,0,1,0
3.204895000,0,0,0,0,0,0,0,0,0,0,0,0
3.204900000,1,0,0,1,1,1,0,1,0,0,1,0
3.204978000,1,0,0,1,1,1,0,1,0,0,1,1
3.205478000,1,0,0,1,1,1,0,1,0,0,1,0
3.205895000,0,0,0,0,0,0,0,0,0,0,0,0
3.205900000,0,0,0,1,1,1,0,1,0,0,1,0
3.205978000,0,0,0,1,1,1,0,1,0,0,1,1
3.206478000,0,0,0,1,1,1,0,1,0,0,1,0
3.206895000,0,0,0,0,0,0,0,0,0,0,0,0
3.206900000,1,1,0,0,0,1,0,1,0,0,1,0
3.206978000,1,1,0,0,0,1,0,1,0,0,1,1
3.207478000,1,1,0,0,0,1,0,1,0,0,1,0
3.207895000,0,0,0,0,0,0,0,0,0,0,0,0
3.207900000,1,1,1,0,1,1,0,1,0,0,1,0
3.207978000,1,1,1,0,1,1,0,1,0,0,1,1
3.208478000,1,1,1,0,1,1,0,1,0,0,1,0
3.208895000,0,0,0,0,0,0,0,0,0,0,0,0
3.208900000,1,0,0,1,1,1,0,1,0,0,1,0
3.208978000,1,0,0,1,1,1,0,1,0,0,1,1
3.209478000,1,0,0,1,1,1,0,1,0,0,1,0
3.209895000,0,0,0,0,0,0,0,0,0,0,0,0
3.209900000,1,1,0,1,0,1,0,1,0,0,1,0
3.209978000,1,1,0,1,0,1,0,1,0,0,1,1
3.210478000,1,1,0,1,0,1,0,1,0,0,1,0
3.210895000,0,0,0,0,0,0,0,0,0,0,0,0
3.210900000,0,0,1,0,0,1,0,1,0,0,1,0
3.210978000,0,0,1,0,0,1,0,1,0,0,1,1
3.211478000,0,0,1,0,0,1,0,1,0,0,1,0
3.211895000,0,0,0,0,0,0,0,0,0,0,0,0
3.211900000,0,0,0,1,1,1,0,1,0,0,1,0
3.211978000,0,0,0,1,1,1,0,1,0,0,1,1
3.212478000,0,0,0,1,1,1,0,1,0,0,1,0
3.212895000,0,0,0,0,0,0,0,0,0,0,0,0
3.212900000,0,0,1,1,0,1,0,1,0,0,1,0
3.212978000,0,0,1,1,0,1,0,1,0,0,1,1
3.213478000,0,0,1,1,0,1,0,1,0,0,1,0
3.213895000,0,0,0,0,0,0,0,0,0,0,0,0
3.213900000,1,1,0,0,1,1,0,1,0,0,1,0
3.213978000,1,1,0,0,1,1,0,1,0,0,1,1
3.214478000,1,1,0,0,1,1,0,1,0,0,1,0
3.214895000,0,0,0,0,0,0,0,0,0,0,0,0
3.214900000,1,0,0,1,1,1,0,1,0,0,1,0
3.214978000,1,0,0,1,1,1,0,1,0,0,1,1
3.215478000,1,0,0,1,1,1,0,1,0,0,1,0
3.215895000,0,0,0,0,0,0,0,0,0,0,0,0
3.215900000,1,1,1,1,1,1,0,1,0,0,1,0
3.215978000,1,1,1,1,1,1,0,1,0,0,1,1
3.216478000,1,1,1,1,1,1,0,1,0,0,1,0
3.216895000,0,0,0,0,0,0,0,0,0,0,0,0
3.216900000,1,1,0,1,1,1,0,1,0,0,1,0
3.216978000,1,1,0,1,1,1,0,1,0,0,1,1
3.217478000,1,1,0,1,1,1,0,1,0,0,1,0
3.217895000,0,0,0,0,0,0,0,0,0,0,0,0
3.217900000,1,0,1,1,1,1,0,1,0,0,1,0
3.217978000,1,0,1,1,1,1,0,1,0,0,1,1
3.218478000,1,0,1,1,1,1,0,1,0,0,1,0
3.218895000,0,0,0,0,0,0,0,0,0,0,0,0
3.218900000,1,0,0,1,0,1,0,1,0,0,1,0
3.218978000,1,0,0,1,0,1,0,1,0,0,1,1
3.219478000,1,0,0,1,0,1,0,1,0,0,1,0
3.219894000,1,0,0,1,0,1,0,1,0,0,0,0
3.219895000,0,0,0,0,0,0,0,0,0,0,0,0
3.219900000,1,0,1,1,1,1,0,1,0,0,1,0
3.219978000,1,0,1,1,1,1,0,1,0,0,1,1
3.220478000,1,0,1,1,1,1,0,1,0,0,1,0
3.220894000,1,0,1,1,1,1,0,1,0,0,0,0
3.220895000,0,0,0,0,0,0,0,0,0,0,0,0
3.220900000,1,1,0,1,1,1,0,1,0,0,1,0
3.220978000,1,1,0,1,1,1,0,1,0,0,1,1
3.221478000,1,1,0,1,1,1,0,1,0,0,1,0
3.221894000,1,1,0,1,1,1,0,1,0,0,0,0
3.221895000,0,0,0,0,0,0,0,0,0,0,0,0
3.221900000,1,1,1,0,1,1,0,1,0,0,1,0
3.221978000,1,1,1,0,1,1,0,1,0,0,1,1
3.222478000,1,1,1,0,1,1,0,1,0,0,1,0
3.222894000,1,1,1,0,1,1,0,1,0,0,0,0
3.222895000,0,0,0,0,0,0,0,0,0,0,0,0
3.222900000,1,1,1,1,1,1,0,1,0,0,1,0
3.222978000,1,1,1,1,1,1,0,1,0,0,1,1
3.223478000,1,1,1,1,1,1,0,1,0,0,1,0
3.223894000,1,1,1,1,0,0,1,1,1,1,1,0
3.223895000,0,0,0,0,0,0,0,0,0,0,0,0
3.223900000,0,0,0,1,0,0,1,1,0,0,1,0
3.223978000,0,0,0,1,0,0,1,1,0,0,1,1
3.224478000,0,0,0,1,0,0,1,1,0,0,1,0
3.224894000,0,0,0,1,0,0,1,0,0,0,0,0
3.224895000,0,0,0,0,0,0,0,0,0,0,0,0
3.224900000,0,1,1,1,0,1,0,1,0,0,1,0
3.224978000,0,1,1,1,0,1,0,1,0,0,1,1
3.225478000,0,1,1,1,0,1,0,1,0,0,1,0
3.225894000,0,0,0,0,0,0,0,0,0,0,0,0
3.225900000,1,0,0,0,1,0,1,1,0,0,1,0
3.225978000,1,0,0,0,1,0,1,1,0,0,1,1
3.226478000,1,0,0,0,1,0,1,1,0,0,1,0
3.226894000,0,0,0,0,0,0,0,0,0,0,0,0
3.226900000,1,1,1,1,1,1,0,1,0,0,1,0
3.226978000,1,1,1,1,1,1,0,1,0,0,1,1
3.227478000,1,1,1,1,1,1,0,1,0,0,1,0
3.227894000,0,0,0,0,0,0,0,0,0,0,0,0
3.227900000,0,1,1,1,1,1,0,1,0,0,1,0
3.227978000,0,1,1,1,1,1,0,1,0,0,1,1
3.228478000,0,1,1,1,1,1,0,1,0,0,1,0
3.228894000,0,0,0,0,0,0,0,0,0,0,0,0
3.228900000,1,1,1,1,1,1,0,1,0,0,1,0
3.228978000,1,1,1,1,1,1,0,1,0,0,1,1
3.229478000,1,1,1,1,1,1,0,1,0,0,1,0
3.229894000,0,0,0,0,0,0,0,0,0,0,0,0
3.229900000,1,1,1,1,1,1,0,1,0,0,1,0
3.229978000,1,1,1,1,1,1,0,1,0,0,1,1
3.230478000,1,1,1,1,1,1,0,1,0,0,1,0
3.230894000,0,0,0,0,0,0,0,0,0,0,0,0
3.230900000,1,1,1,1,1,1,0,1,0,0,1,0
3.230978000,1,1,1,1,1,1,0,1,0,0,1,1
3.231478000,1,1,1,1,1,1,0,1,0,0,1,0
3.231894000,0,0,0,1,1,0,0,1,0,0,0,0
3.231895000,0,0,0,0,0,0,0,0,0,0,0,0
3.231899000,0,0,0,1,0,0,1,1,0,0,0,0
3.231900000,0,0,0,1,0,0,1,1,0,0,1,0
3.231978000,0,0,0,1,0,0,1,1,0,0,1,1
3.232478000,0,0,0,1,0,0,1,1,0,0,1,0
3.232894000,0,0,0,0,0,0,0,0,0,0,0,0
3.232899000,0,0,1,0,0,0,1,1,0,0,1,0
3.232900000,1,0,1,0,0,0,1,1,0,0,1,0
3.232978000,1,0,1,0,0,0,1,1,0,0,1,1
3.233478000,1,0,1,0,0,0,1,1,0,0,1,0
3.233894000,0,0,0,0,0,0,0,0,0,0,0,0
3.233899000,0,0,1,1,1,1,0,1,0,0,0,0
3.233900000,1,1,1,1,1,1,0,1,0,0,1,0
3.233978000,1,1,1,1,1,1,0,1,0,0,1,1
3.234478000,1,1,1,1,1,1,0,1,0,0,1,0
3.234894000,0,0,0,0,0,0,0,0,0,0,0,0
3.234899000,0,1,1,0,0,0,1,1,0,0,1,0
3.234978000,0,1,1,0,0,0,1,1,0,0,1,1
3.235478000,0,1,1,0,0,0,1,1,0,0,1,0
3.235894000,0,0,0,0,0,0,0,0,0,0,0,0
3.235899000,0,1,1,1,1,1,0,1,0,0,1,0
3.235978000,0,1,1,1,1,1,0,1,0,0,1,1
3.236478000,0,1,1,1,1,1,0,1,0,0,1,0
3.236894000,0,0,0,0,0,0,0,0,0,0,0,0
3.236899000,0,1,1,1,1,1,0,1,0,0,1,0
3.236900000,1,1,1,1,1,1,0,1,0,0,1,0
3.236978000,1,1,1,1,1,1,0,1,0,0,1,1
3.237478000,1,1,1,1,1,1,0,1,0,0,1,0
3.237894000,0,0,0,0,0,0,0,0,0,0,0,0
3.237899000,1,1,0,1,1,1,0,1,0,0,1,0
3.237978000,1,1,0,1,1,1,0,1,0,0,1,1
3.238478000,1,1,0,1,1,1,0,1,0,0,1,0
3.238894000,0,0,0,0,0,0,0,0,0,0,0,0
3.238899000,1,0,1,0,1,1,0,1,0,0,1,0
3.238978000,1,0,1,0,1,1,0,1,0,0,1,1
3.239478000,1,0,1,0,1,1,0,1,0,0,1,0
3.239894000,0,0,0,0,0,0,0,0,0,0,0,0
3.239899000,0,1,1,1,1,1,0,1,0,0,1,0
3.239978000,0,1,1,1,1,1,0,1,0,0,1,1
3.240478000,0,1,1,1,1,1,0,1,0,0,1,0
3.240894000,0,0,0,0,0,0,0,0,0,0,0,0
3.240899000,1,1,1,1,1,1,0,1,0,0,1,0
3.240978000,1,1,1,1,1,1,0,1,0,0,1,1
3.241478000,1,1,1,1,1,1,0,1,0,0,1,0
3.241894000,0,0,0,0,0,0,0,0,0,0,0,0
3.241899000,1,1,0,1,0,0,1,1,0,0,1,0
3.241978000,1,1,0,1,0,0,1,1,0,0,1,1
3.242478000,1,1,0,1,0,0,1,1,0,0,1,0
3.242894000,0,0,0,0,0,0,0,0,0,0,0,0
3.242899000,0,0,1,0,0,0,1,1,0,0,1,0
3.242978000,0,0,1,0,0,0,1,1,0,0,1,1
3.243478000,0,0,1,0,0,0,1,1,0,0,1,0
3.243894000,0,0,0,0,0,0,0,0,0,0,0,0
3.243899000,1,0,0,1,0,0,1,1,0,0,1,0
3.243978000,1,0,0,1,0,0,1,1,0,0,1,1
3.244478000,1,0,0,1,0,0,1,1,0,0,1,0
3.244894000,0,0,0,0,0,0,0,0,0,0,0,0
3.244899000,0,0,1,0,1,0,1,1,0,0,1,0
3.244978000,0,0,1,0,1,0,1,1,0,0,1,1
3.245478000,0,0,1,0,1,0,1,1,0,0,1,0
3.245894000,0,0,0,0,0,0,0,0,0,0,0,0
3.245899000,1,1,0,0,1,0,1,1,0,0,1,0
3.245978000,1,1,0,0,1,0,1,1,0,0,1,1
3.246478000,1,1,0,0,1,0,1,1,0,0,1,0
3.246894000,0,0,0,0,0,0,0,0,0,0,0,0
3.246899000,1,0,1,0,1,0,1,1,0,0,1,0
3.246978000,1,0,1,0,1,0,1,1,0,0,1,1
3.247478000,1,0,1,0,1,0,1,1,0,0,1,0
3.247894000,0,0,0,0,0,0,0,0,0,0,0,0
3.247899000,0,1,0,1,1,0,1,1,0,0,1,0
3.247978000,0,1,0,1,1,0,1,1,0,0,1,1
3.248478000,0,1,0,1,1,0,1,1,0,0,1,0
3.248894000,0,0,0,0,0,0,0,0,0,0,0,0
3.248899000,1,1,0,1,0,0,1,1,0,0,1,0
3.248978000,1,1,0,1,0,0,1,1,0,0,1,1
3.249478000,1,1,0,1,0,0,1,1,0,0,1,0
3.249894000,0,0,0,0,0,0,0,0,0,0,0,0
3.249899000,1,0,0,1,0,0,1,1,0,0,1,0
3.249978000,1,0,0,1,0,0,1,1,0,0,1,1
3.250478000,1,0,0,1,0,0,1,1,0,0,1,0
3.250894000,0,0,0,0,0,0,0,0,0,0,0,0
3.250899000,0,0,0,1,1,0,1,1,0,0,1,0
3.250978000,0,0,0,1,1,0,1,1,0,0,1,1
3.251478000,0,0,0,1,1,0,1,1,0,0,1,0
3.251894000,0,0,0,0,0,0,0,0,0,0,0,0
3.251899000,1,1,0,0,1,0,1,1,0,0,1,0
3.251978000,1,1,0,0,1,0,1,1,0,0,1,1
3.252478000,1,1,0,0,1,0,1,1,0,0,1,0
3.252894000,0,0,0,0,0,0,0,0,0,0,0,0
3.252899000,0,0,1,0,1,0,1,1,0,0,1,0
3.252978000,0,0,1,0,1,0,1,1,0,0,1,1
3.253478000,0,0,1,0,1,0,1,1,0,0,1,0
3.253894000,0,0,0,0,0,0,0,0,0,0,0,0
3.253899000,1,1,1,0,1,0,1,1,0,0,1,0
3.253978000,1,1,1,0,1,0,1,1,0,0,1,1
3.254478000,1,1,1,0,1,0,1,1,0,0,1,0
3.254894000,0,0,0,0,0,0,0,0,0,0,0,0
3.254899000,1,0,0,0,1,0,1,1,0,0,1,0
3.254978000,1,0,0,0,1,0,1,1,0,0,1,1
3.255478000,1,0,0,0,1,0,1,1,0,0,1,0
3.255894000,0,0,0,0,0,0,0,0,0,0,0,0
3.255899000,1,1,1,0,1,0,1,1,0,0,1,0
3.255978000,1,1,1,0,1,0,1,1,0,0,1,1
3.256478000,1,1,1,0,1,0,1,1,0,0,1,0
3.256894000,0,0,0,0,0,0,0,0,0,0,0,0
3.256899000,1,1,1,1,1,1,0,1,0,0,1,0
3.256978000,1,1,1,1,1,1,0,1,0,0,1,1
3.257478000,1,1,1,1,1,1,0,1,0,0,1,0
3.257894000,0,0,0,0,0,0,0,0,0,0,0,0
3.257899000,1,1,0,0,1,0,1,1,0,0,1,0
3.257978000,1,1,0,0,1,0,1,1,0,0,1,1
3.258478000,1,1,0,0,1,0,1,1,0,0,1,0
3.258894000,0,0,0,0,0,0,0,0,0,0,0,0
3.258899000,0,0,0,0,1,0,1,1,0,0,1,0
3.258978000,0,0,0,0,1,0,1,1,0,0,1,1
3.259478000,0,0,0,0,1,0,1,1,0,0,1,0
3.259894000,0,0,0,0,0,0,0,0,0,0,0,0
3.259899000,0,0,1,1,0,0,1,1,0,0,1,0
3.259978000,0,0,1,1,0,0,1,1,0,0,1,1
3.260478000,0,0,1,1,0,0,1,1,0,0,1,0
3.260894000,0,0,0,0,0,0,0,0,0,0,0,0
3.260899000,0,1,1,0,1,0,1,1,0,0,1,0
3.260978000,0,1,1,0,1,0,1,1,0,0,1,1
3.261478000,0,1,1,0,1,0,1,1,0,0,1,0
3.261894000,0,0,0,0,0,0,0,0,0,0,0,0
3.261899000,1,0,1,0,1,0,1,1,0,0,1,0
3.261978000,1,0,1,0,1,0,1,1,0,0,1,1
3.262478000,1,0,1,0,1,0,1,1,0,0,1,0
3.262894000,0,0,0,0,0,0,0,0,0,0,0,0
3.262899000,1,0,0,0,1,0,1,1,0,0,1,0
3.262978000,1,0,0,0,1,0,1,1,0,0,1,1
3.263478000,1,0,0,0,1,0,1,1,0,0,1,0
3.263894000,0,0,0,0,0,0,0,0,0,0,0,0
3.263899000,0,1,1,1,1,1,0,1,0,0,1,0
3.263978000,0,1,1,1,1,1,0,1,0,0,1,1
3.264478000,0,1,1,1,1,1,0,1,0,0,1,0
3.264894000,0,0,0,0,0,0,0,0,0,0,0,0
3.264899000,0,1,0,0,1,0,1,1,0,0,1,0
3.264978000,0,1,0,0,1,0,1,1,0,0,1,1
3.265478000,0,1,0,0,1,0,1,1,0,0,1,0
3.265894000,0,0,0,0,0,0,0,0,0,0,0,0
3.265899000,0,1,1,0,1,0,1,1,0,0,1,0
3.265978000,0,1,1,0,1,0,1,1,0,0,1,1
3.266477000,0,1,1,0,1,0,1,1,0,0,1,0
3.266894000,0,0,0,0,0,0,0,0,0,0,0,0
3.266899000,0,0,0,1,0,0,1,1,0,0,1,0
3.266977000,0,0,0,1,0,0,1,1,0,0,1,1
3.267477000,0,0,0,1,0,0,1,1,0,0,1,0
3.267894000,0,0,0,0,0,0,0,0,0,0,0,0
3.267899000,0,0,0,0,1,0,1,1,0,0,1,0
3.267977000,0,0,0,0,1,0,1,1,0,0,1,1
3.268477000,0,0,0,0,1,0,1,1,0,0,1,0
3.268894000,0,0,0,0,0,0,0,0,0,0,0,0
3.268899000,1,0,1,0,0,0,1,1,0,0,1,0
3.268977000,1,0,1,0,0,0,1,1,0,0,1,1
3.269477000,1,0,1,0,0,0,1,1,0,0,1,0
3.269894000,0,0,0,0,0,0,0,0,0,0,0,0
3.269899000,1,1,1,1,1,1,0,1,0,0,1,0
3.269977000,1,1,1,1,1,1,0,1,0,0,1,1
3.270477000,1,1,1,1,1,1,0,1,0,0,1,0
3.270894000,0,0,0,0,0,0,0,0,0,0,0,0
3.270899000,0,1,0,1,0,0,1,1,0,0,1,0
3.270977000,0,1,0,1,0,0,1,1,0,0,1,1
3.271477000,0,1,0,1,0,0,1,1,0,0,1,0
3.271894000,0,0,0,0,0,0,0,0,0,0,0,0
3.271899000,0,0,0,0,1,0,1,1,0,0,1,0
3.271977000,0,0,0,0,1,0,1,1,0,0,1,1
3.272477000,0,0,0,0,1,0,1,1,0,0,1,0
3.272894000,0,0,0,0,0,0,0,0,0,0,0,0
3.272899000,1,1,1,1,1,1,0,1,0,0,1,0
3.272977000,1,1,1,1,1,1,0,1,0,0,1,1
3.273477000,1,1,1,1,1,1,0,1,0,0,1,0
3.273894000,0,0,0,0,0,0,0,0,0,0,0,0
3.273899000,1,1,0,1,1,0,1,1,0,0,1,0
3.273977000,1,1,0,1,1,0,1,1,0,0,1,1
3.274477000,1,1,0,1,1,0,1,1,0,0,1,0
3.274894000,0,0,0,0,0,0,0,0,0,0,0,0
3.274899000,1,0,0,1,0,0,1,1,0,0,1,0
3.274977000,1,0,0,1,0,0,1,1,0,0,1,1
3.275477000,1,0,0,1,0,0,1,1,0,0,1,0
3.275894000,0,0,0,0,0,0,0,0,0,0,0,0
3.275899000,0,0,1,0,1,0,1,1,0,0,1,0
3.275977000,0,0,1,0,1,0,1,1,0,0,1,1
3.276477000,0,0,1,0,1,0,1,1,0,0,1,0
3.276894000,0,0,0,0,0,0,0,0,0,0,0,0
3.276899000,0,1,0,1,0,0,1,1,0,0,1,0
3.276977000,0,1,0,1,0,0,1,1,0,0,1,1
3.277477000,0,1,0,1,0,0,1,1,0,0,1,0
3.277894000,0,0,0,0,0,0,0,0,0,0,0,0
3.277899000,0,1,1,1,1,1,0,1,0,0,1,0
3.277977000,0,1,1,1,1,1,0,1,0,0,1,1
3.278477000,0,1,1,1,1,1,0,1,0,0,1,0
3.278894000,0,0,0,0,0,0,0,0,0,0,0,0
3.278899000,0,1,1,0,0,0,1,1,0,0,1,0
3.278977000,0,1,1,0,0,0,1,1,0,0,1,1
3.279477000,0,1,1,0,0,0,1,1,0,0,1,0
3.279894000,0,0,0,0,0,0,0,0,0,0,0,0
3.279899000,1,1,1,1,1,1,0,1,0,0,1,0
3.279977000,1,1,1,1,1,1,0,1,0,0,1,1
3.280477000,1,1,1,1,1,1,0,1,0,0,1,0
3.280894000,0,0,0,0,0,0,0,0,0,0,0,0
3.280899000,1,1,1,1,1,1,0,1,0,0,1,0
3.280977000,1,1,1,1,1,1,0,1,0,0,1,1
3.281477000,1,1,1,1,1,1,0,1,0,0,1,0
3.281894000,0,0,0,0,0,0,0,0,0,0,0,0
3.281899000,0,0,1,1,0,0,1,1,0,0,1,0
3.281977000,0,0,1,1,0,0,1,1,0,0,1,1
3.282477000,0,0,1,1,0,0,1,1,0,0,1,0
3.282894000,0,0,0,0,0,0,0,0,0,0,0,0
3.282899000,0,0,1,0,0,0,1,1,0,0,1,0
3.282977000,0,0,1,0,0,0,1,1,0,0,1,1
3.283477000,0,0,1,0,0,0,1,1,0,0,1,0
3.283894000,0,0,0,0,0,0,0,0,0,0,0,0
3.283899000,1,1,1,1,1,1,0,1,0,0,1,0
3.283977000,1,1,1,1,1,1,0,1,0,0,1,1
3.284477000,1,1,1,1,1,1,0,1,0,0,1,0
3.284894000,0,0,0,0,0,0,0,0,0,0,0,0
3.284899000,0,0,1,0,0,0,1,1,0,0,1,0
3.284977000,0,0,1,0,0,0,1,1,0,0,1,1
3.285477000,0,0,1,0,0,0,1,1,0,0,1,0
3.285894000,0,0,0,0,0,0,0,0,0,0,0,0
3.285899000,1,1,1,1,0,1,0,1,0,0,1,0
3.285977000,1,1,1,1,0,1,0,1,0,0,1,1
3.286477000,1,1,1,1,0,1,0,1,0,0,1,0
3.286894000,0,0,0,0,0,0,0,0,0,0,0,0
3.286899000,1,1,1,1,1,1,0,1,0,0,1,0
3.286977000,1,1,1,1,1,1,0,1,0,0,1,1
3.287477000,1,1,1,1,1,1,0,1,0,0,1,0
3.287894000,0,0,0,0,0,0,0,0,0,0,0,0
3.287899000,1,1,0,0,1,1,0,1,0,0,1,0
3.287977000,1,1,0,0,1,1,0,1,0,0,1,1
3.288477000,1,1,0,0,1,1,0,1,0,0,1,0
3.288894000,0,0,0,0,0,0,0,0,0,0,0,0
3.288899000,1,1,1,1,1,1,0,1,0,0,1,0
3.288977000,1,1,1,1,1,1,0,1,0,0,1,1
3.289477000,1,1,1,1,1,1,0,1,0,0,1,0
3.289894000,0,0,0,0,0,0,0,0,0,0,0,0
3.289899000,0,0,1,0,1,1,0,1,0,0,1,0
3.289977000,0,0,1,0,1,1,0,1,0,0,1,1
3.290477000,0,0,1,0,1,1,0,1,0,0,1,0
3.290894000,0,0,0,0,0,0,0,0,0,0,0,0
3.290899000,1,1,1,0,0,1,0,1,0,0,1,0
3.290977000,1,1,1,0,0,1,0,1,0,0,1,1
3.291477000,1,1,1,0,0,1,0,1,0,0,1,0
3.291894000,0,0,0,0,0,0,0,0,0,0,0,0
3.291899000,0,0,0,1,0,0,1,1,0,0,1,0
3.291977000,0,0,0,1,0,0,1,1,0,0,1,1
3.292477000,0,0,0,1,0,0,1,1,0,0,1,0
3.292894000,0,0,0,0,0,0,0,0,0,0,0,0
3.292899000,0,1,0,1,1,1,0,1,0,0,1,0
3.292977000,0,1,0,1,1,1,0,1,0,0,1,1
3.293477000,0,1,0,1,1,1,0,1,0,0,1,0
3.293894000,0,0,0,0,0,0,0,0,0,0,0,0
3.293899000,1,1,1,0,1,1,0,1,0,0,1,0
3.293977000,1,1,1,0,1,1,0,1,0,0,1,1
3.294477000,1,1,1,0,1,1,0,1,0,0,1,0
3.294894000,0,0,0,0,0,0,0,0,0,0,0,0
3.294899000,0,0,0,1,1,1,0,1,0,0,1,0
3.294977000,0,0,0,1,1,1,0,1,0,0,1,1
3.295477000,0,0,0,1,1,1,0,1,0,0,1,0
3.295894000,0,0,0,0,0,0,0,0,0,0,0,0
3.295899000,1,0,1,1,1,1,0,1,0,0,1,0
3.295977000,1,0,1,1,1,1,0,1,0,0,1,1
3.296477000,1,0,1,1,1,1,0,1,0,0,1,0
3.296894000,0,0,0,0,0,0,0,0,0,0,0,0
3.296899000,1,1,1,1,1,1,0,1,0,0,1,0
3.296977000,1,1,1,1,1,1,0,1,0,0,1,1
3.297477000,1,1,1,1,1,1,0,1,0,0,1,0
3.297894000,0,0,0,0,0,0,0,0,0,0,0,0
3.297899000,0,0,1,1,0,1,0,1,0,0,1,0
3.297977000,0,0,1,1,0,1,0,1,0,0,1,1
3.298477000,0,0,1,1,0,1,0,1,0,0,1,0
3.298894000,0,0,0,0,0,0,0,0,0,0,0,0
3.298899000,1,1,1,1,1,1,0,1,0,0,1,0
3.298977000,1,1,1,1,1,1,0,1,0,0,1,1
3.299477000,1,1,1,1,1,1,0,1,0,0,1,0
3.299894000,0,0,0,0,0,0,0,0,0,0,0,0
3.299899000,1,1,1,1,1,1,0,1,0,0,1,0
3.299977000,1,1,1,1,1,1,0,1,0,0,1,1
3.300477000,1,1,1,1,1,1,0,1,0,0,1,0
3.300894000,0,0,0,0,0,0,0,0,0,0,0,0
3.300899000,0,0,1,1,1,1,0,1,0,0,1,0
3.300977000,0,0,1,1,1,1,0,1,0,0,1,1
3.301477000,0,0,1,1,1,1,0,1,0,0,1,0
3.301894000,0,0,0,0,0,0,0,0,0,0,0,0
3.301899000,0,0,1,1,1,1,0,1,0,0,1,0
3.301977000,0,0,1,1,1,1,0,1,0,0,1,1
3.302477000,0,0,1,1,1,1,0,1,0,0,1,0
3.302894000,0,0,0,0,0,0,0,0,0,0,0,0
3.302899000,1,0,0,0,1,1,0,1,0,0,1,0
3.302977000,1,0,0,0,1,1,0,1,0,0,1,1
3.303477000,1,0,0,0,1,1,0,1,0,0,1,0
3.303894000,0,0,0,0,0,0,0,0,0,0,0,0
3.303899000,1,1,1,1,1,1,0,1,0,0,1,0
3.303977000,1,1,1,1,1,1,0,1,0,0,1,1
3.304477000,1,1,1,1,1,1,0,1,0,0,1,0
3.304894000,0,0,0,0,0,0,0,0,0,0,0,0
3.304899000,1,1,0,1,1,1,0,1,0,0,1,0
3.304977000,1,1,0,1,1,1,0,1,0,0,1,1
3.305477000,1,1,0,1,1,1,0,1,0,0,1,0
3.305894000,0,0,0,0,0,0,0,0,0,0,0,0
3.305899000,0,0,1,0,0,0,1,1,0,0,1,0
3.305977000,0,0,1,0,0,0,1,1,0,0,1,1
3.306477000,0,0,1,0,0,0,1,1,0,0,1,0
3.306894000,0,0,0,0,0,0,0,0,0,0,0,0
3.306899000,0,1,0,1,1,1,0,1,0,0,1,0
3.306977000,0,1,0,1,1,1,0,1,0,0,1,1
3.307477000,0,1,0,1,1,1,0,1,0,0,1,0
3.307894000,0,0,0,0,0,0,0,0,0,0,0,0
3.307899000,1,1,1,0,0,0,1,1,0,0,1,0
3.307977000,1,1,1,0,0,0,1,1,0,0,1,1
3.308477000,1,1,1,0,0,0,1,1,0,0,1,0
3.308894000,0,0,0,0,0,0,0,0,0,0,0,0
3.308899000,1,1,1,1,0,1,0,1,0,0,1,0
3.308977000,1,1,1,1,0,1,0,1,0,0,1,1
3.309477000,1,1,1,1,0,1,0,1,0,0,1,0
3.309894000,0,0,0,0,0,0,0,0,0,0,0,0
3.309899000,0,0,1,1,1,1,0,1,0,0,1,0
3.309977000,0,0,1,1,1,1,0,1,0,0,1,1
3.310477000,0,0,1,1,1,1,0,1,0,0,1,0
3.310894000,0,0,0,0,0,0,0,0,0,0,0,0
3.310899000,1,0,1,0,1,1,0,1,0,0,1,0
3.310977000,1,0,1,0,1,1,0,1,0,0,1,1
3.311477000,1,0,1,0,1,1,0,1,0,0,1,0
3.311894000,0,0,0,0,0,0,0,0,0,0,0,0
3.311899000,1,1,1,1,1,1,0,1,0,0,1,0
3.311977000,1,1,1,1,1,1,0,1,0,0,1,1
3.312477000,1,1,1,1,1,1,0,1,0,0,1,0
3.312894000,0,0,0,0,0,0,0,0,0,0,0,0
3.312899000,1,1,1,1,0,0,1,1,0,0,1,0
3.312977000,1,1,1,1,0,0,1,1,0,0,1,1
3.313477000,1,1,1,1,0,0,1,1,0,0,1,0
3.313894000,0,0,0,0,0,0,0,0,0,0,0,0
3.313899000,1,0,0,0,0,0,1,1,0,0,1,0
3.313977000,1,0,0,0,0,0,1,1,0,0,1,1
3.314477000,1,0,0,0,0,0,1,1,0,0,1,0
3.314894000,0,0,0,0,0,0,0,0,0,0,0,0
3.314899000,0,1,0,0,1,1,0,1,0,0,1,0
3.314977000,0,1,0,0,1,1,0,1,0,0,1,1
3.315477000,0,1,0,0,1,1,0,1,0,0,1,0
3.315894000,0,0,0,0,0,0,0,0,0,0,0,0
3.315899000,1,1,1,0,1,1,0,1,0,0,1,0
3.315977000,1,1,1,0,1,1,0,1,0,0,1,1
3.316477000,1,1,1,0,1,1,0,1,0,0,1,0
3.316894000,0,0,0,0,0,0,0,0,0,0,0,0
3.316899000,0,1,1,0,0,0,1,1,0,0,1,0
3.316977000,0,1,1,0,0,0,1,1,0,0,1,1
3.317477000,0,1,1,0,0,0,1,1,0,0,1,0
3.317894000,0,0,0,0,0,0,0,0,0,0,0,0
3.317899000,1,0,0,1,1,1,0,1,0,0,1,0
3.317977000,1,0,0,1,1,1,0,1,0,0,1,1
3.318477000,1,0,0,1,1,1,0,1,0,0,1,0
3.318894000,0,0,0,0,0,0,0,0,0,0,0,0
3.318899000,1,0,0,1,1,1,0,1,0,0,1,0
3.318977000,1,0,0,1,1,1,0,1,0,0,1,1
3.319477000,1,0,0,1,1,1,0,1,0,0,1,0
3.319894000,0,0,0,0,0,0,0,0,0,0,0,0
3.319899000,0,0,0,0,1,0,1,1,0,0,1,0
3.319977000,0,0,0,0,1,0,1,1,0,0,1,1
3.320477000,0,0,0,0,1,0,1,1,0,0,1,0
3.320894000,0,0,0,0,0,0,0,0,0,0,0,0
3.320899000,1,0,1,1,0,0,1,1,0,0,1,0
3.320977000,1,0,1,1,0,0,1,1,0,0,1,1
3.321477000,1,0,1,1,0,0,1,1,0,0,1,0
3.321894000,0,0,0,0,0,0,0,0,0,0,0,0
3.321899000,1,1,1,0,1,1,0,1,0,0,1,0
3.321977000,1,1,1,0,1,1,0,1,0,0,1,1
3.322477000,1,1,1,0,1,1,0,1,0,0,1,0
3.322894000,0,0,0,0,0,0,0,0,0,0,0,0
3.322899000,1,0,1,0,0,0,1,1,0,0,1,0
3.322977000,1,0,1,0,0,0,1,1,0,0,1,1
3.323477000,1,0,1,0,0,0,1,1,0,0,1,0
3.323894000,0,0,0,0,0,0,0,0,0,0,0,0
3.323899000,1,1,1,0,1,1,0,1,0,0,1,0
3.323977000,1,1,1,0,1,1,0,1,0,0,1,1
3.324477000,1,1,1,0,1,1,0,1,0,0,1,0
3.324894000,0,0,0,0,0,0,0,0,0,0,0,0
3.324899000,0,1,1,0,0,0,1,1,0,0,1,0
3.324977000,0,1,1,0,0,0,1,1,0,0,1,1
3.325477000,0,1,1,0,0,0,1,1,0,0,1,0
3.325894000,0,0,0,0,0,0,0,0,0,0,0,0
3.325899000,1,0,1,1,1,1,0,1,0,0,1,0
3.325977000,1,0,1,1,1,1,0,1,0,0,1,1
3.326477000,1,0,1,1,1,1,0,1,0,0,1,0
3.326894000,0,0,0,0,0,0,0,0,0,0,0,0
3.326899000,0,1,1,0,0,0,1,1,0,0,1,0
3.326977000,0,1,1,0,0,0,1,1,0,0,1,1
3.327477000,0,1,1,0,0,0,1,1,0,0,1,0
3.327894000,0,0,0,0,0,0,0,0,0,0,0,0
3.327899000,1,1,0,0,0,0,1,1,0,0,1,0
3.327977000,1,1,0,0,0,0,1,1,0,0,1,1
3.328477000,1,1,0,0,0,0,1,1,0,0,1,0
3.328894000,0,0,0,0,0,0,0,0,0,0,0,0
3.328899000,0,0,0,1,1,0,1,1,0,0,1,0
3.328977000,0,0,0,1,1,0,1,1,0,0,1,1
3.329477000,0,0,0,1,1,0,1,1,0,0,1,0
3.329894000,0,0,0,0,0,0,0,0,0,0,0,0
3.329899000,1,1,0,0,1,0,1,1,0,0,1,0
3.329977000,1,1,0,0,1,0,1,1,0,0,1,1
3.330477000,1,1,0,0,1,0,1,1,0,0,1,0
3.330894000,0,0,0,0,0,0,0,0,0,0,0,0
3.330899000,0,0,0,0,0,0,1,1,0,0,1,0
3.330977000,0,0,0,0,0,0,1,1,0,0,1,1
3.331477000,0,0,0,0,0,0,1,1,0,0,1,0
3.331894000,0,0,0,0,0,0,0,0,0,0,0,0
3.331899000,1,1,1,0,1,0,1,1,0,0,1,0
3.331977000,1,1,1,0,1,0,1,1,0,0,1,1
3.332477000,1,1,1,0,1,0,1,1,0,0,1,0
3.332894000,0,0,0,0,0,0,0,0,0,0,0,0
3.332899000,1,1,0,1,1,1,0,1,0,0,1,0
3.332977000,1,1,0,1,1,1,0,1,0,0,1,1
3.333477000,1,1,0,1,1,1,0,1,0,0,1,0
3.333894000,0,0,0,0,0,0,0,0,0,0,0,0
3.333899000,1,1,1,1,1,1,0,1,0,0,1,0
3.333977000,1,1,1,1,1,1,0,1,0,0,1,1
3.334477000,1,1,1,1,1,1,0,1,0,0,1,0
3.334894000,0,0,0,0,0,0,0,0,0,0,0,0
3.334899000,0,1,1,1,0,0,1,1,0,0,1,0
3.334977000,0,1,1,1,0,0,1,1,0,0,1,1
3.335477000,0,1,1,1,0,0,1,1,0,0,1,0
3.335894000,0,0,0,0,0,0,0,0,0,0,0,0
3.335899000,0,0,1,0,1,0,1,1,0,0,1,0
3.335977000,0,0,1,0,1,0,1,1,0,0,1,1
3.336477000,0,0,1,0,1,0,1,1,0,0,1,0
3.336894000,0,0,0,0,0,0,0,0,0,0,0,0
3.336899000,1,0,1,1,1,0,1,1,0,0,1,0
3.336977000,1,0,1,1,1,0,1,1,0,0,1,1
3.337477000,1,0,1,1,1,0,1,1,0,0,1,0
3.337894000,0,0,0,0,0,0,0,0,0,0,0,0
3.337899000,1,1,1,0,1,0,1,1,0,0,1,0
3.337977000,1,1,1,0,1,0,1,1,0,0,1,1
3.338477000,1,1,1,0,1,0,1,1,0,0,1,0
3.338894000,0,0,0,0,0,0,0,0,0,0,0,0
3.338899000,0,1,0,1,1,0,1,1,0,0,1,0
3.338977000,0,1,0,1,1,0,1,1,0,0,1,1
3.339477000,0,1,0,1,1,0,1,1,0,0,1,0
3.339894000,0,0,0,0,0,0,0,0,0,0,0,0
3.339899000,1,0,0,0,1,0,1,1,0,0,1,0
3.339977000,1,0,0,0,1,0,1,1,0,0,1,1
3.340477000,1,0,0,0,1,0,1,1,0,0,1,0
3.340894000,0,0,0,0,0,0,0,0,0,0,0,0
3.340899000,0,0,0,0,1,0,1,1,0,0,1,0
3.340977000,0,0,0,0,1,0,1,1,0,0,1,1
3.341477000,0,0,0,0,1,0,1,1,0,0,1,0
3.341894000,0,0,0,0,0,0,0,0,0,0,0,0
3.341899000,1,0,1,1,1,1,0,1,0,0,1,0
3.341977000,1,0,1,1,1,1,0,1,0,0,1,1
3.342477000,1,0,1,1,1,1,0,1,0,0,1,0
3.342894000,0,0,0,0,0,0,0,0,0,0,0,0
3.342899000,1,1,0,0,1,0,1,1,0,0,1,0
3.342977000,1,1,0,0,1,0,1,1,0,0,1,1
3.343477000,1,1,0,0,1,0,1,1,0,0,1,0
3.343894000,0,0,0,0,0,0,0,0,0,0,0,0
3.343899000,0,1,1,0,1,0,1,1,0,0,1,0
3.343977000,0,1,1,0,1,0,1,1,0,0,1,1
3.344477000,0,1,1,0,1,0,1,1,0,0,1,0
3.344894000,0,0,0,0,0,0,0,0,0,0,0,0
3.344899000,0,1,1,0,0,0,1,1,0,0,1,0
3.344977000,0,1,1,0,0,0,1,1,0,0,1,1
3.345477000,0,1,1,0,0,0,1,1,0,0,1,0
3.345894000,0,0,0,0,0,0,0,0,0,0,0,0
3.345899000,0,1,0,1,0,0,1,1,0,0,1,0
3.345977000,0,1,0,1,0,0,1,1,0,0,1,1
3.346477000,0,1,0,1,0,0,1,1,0,0,1,0
3.346894000,0,0,0,0,0,0,0,0,0,0,0,0
3.346899000,1,0,0,1,1,0,1,1,0,0,1,0
3.346977000,1,0,0,1,1,0,1,1,0,0,1,1
3.347477000,1,0,0,1,1,0,1,1,0,0,1,0
3.347894000,0,0,0,0,0,0,0,0,0,0,0,0
3.347899000,1,0,1,1,0,0,1,1,0,0,1,0
3.347977000,1,0,1,1,0,0,1,1,0,0,1,1
3.348477000,1,0,1,1,0,0,1,1,0,0,1,0
3.348894000,0,0,0,0,0,0,0,0,0,0,0,0
3.348899000,1,1,1,1,1,1,0,1,0,0,1,0
3.348977000,1,1,1,1,1,1,0,1,0,0,1,1
3.349477000,1,1,1,1,1,1,0,1,0,0,1,0
3.349894000,0,0,0,0,0,0,0,0,0,0,0,0
3.349899000,1,1,0,1,0,0,1,1,0,0,1,0
3.349977000,1,1,0,1,0,0,1,1,0,0,1,1
3.350477000,1,1,0,1,0,0,1,1,0,0,1,0
3.350894000,0,0,0,0,0,0,0,0,0,0,0,0
3.350899000,0,0,1,0,0,0,1,1,0,0,1,0
3.350977000,0,0,1,0,0,0,1,1,0,0,1,1
3.351477000,0,0,1,0,0,0,1,1,0,0,1,0
3.351894000,0,0,0,0,0,0,0,0,0,0,0,0
3.351899000,1,1,1,1,1,0,1,1,0,0,1,0
3.351977000,1,1,1,1,1,0,1,1,0,0,1,1
3.352477000,1,1,1,1,1,0,1,1,0,0,1,0
3.352894000,0,0,0,0,0,0,0,0,0,0,0,0
3.352899000,1,0,1,1,0,0,1,1,0,0,1,0
3.352977000,1,0,1,1,0,0,1,1,0,0,1,1
3.353477000,1,0,1,1,0,0,1,1,0,0,1,0
3.353894000,0,0,0,0,0,0,0,0,0,0,0,0
3.353899000,1,0,0,0,0,0,1,1,0,0,1,0
3.353977000,1,0,0,0,0,0,1,1,0,0,1,1
3.354477000,1,0,0,0,0,0,1,1,0,0,1,0
3.354894000,0,0,0,0,0,0,0,0,0,0,0,0
3.354899000,1,1,1,1,1,1,0,1,0,0,1,0
3.354977000,1,1,1,1,1,1,0,1,0,0,1,1
3.355477000,1,1,1,1,1,1,0,1,0,0,1,0
3.355894000,0,0,0,0,0,0,0,0,0,0,0,0
3.355899000,1,1,1,1,0,0,1,1,0,0,1,0
3.355977000,1,1,1,1,0,0,1,1,0,0,1,1
3.356477000,1,1,1,1,0,0,1,1,0,0,1,0
3.356894000,0,0,0,0,0,0,0,0,0,0,0,0
3.356899000,0,0,1,0,0,0,1,1,0,0,1,0
3.356977000,0,0,1,0,0,0,1,1,0,0,1,1
3.357477000,0,0,1,0,0,0,1,1,0,0,1,0
3.357894000,0,0,0,0,0,0,0,0,0,0,0,0
3.357899000,0,0,1,0,0,0,1,1,0,0,1,0
3.357977000,0,0,1,0,0,0,1,1,0,0,1,1
3.358477000,0,0,1,0,0,0,1,1,0,0,1,0
3.358894000,0,0,0,0,0,0,0,0,0,0,0,0
3.358899000,1,1,1,0,1,1,0,1,0,0,1,0
3.358977000,1,1,1,0,1,1,0,1,0,0,1,1
3.359477000,1,1,1,0,1,1,0,1,0,0,1,0
3.359894000,0,0,0,0,0,0,0,0,0,0,0,0
3.359899000,0,0,0,1,1,1,0,1,0,0,1,0
3.359977000,0,0,0,1,1,1,0,1,0,0,1,1
3.360477000,0,0,0,1,1,1,0,1,0,0,1,0
3.360894000,0,0,0,0,0,0,0,0,0,0,0,0
3.360899000,0,0,1,1,0,0,1,1,0,0,1,0
3.360977000,0,0,1,1,0,0,1,1,0,0,1,1
3.361477000,0,0,1,1,0,0,1,1,0,0,1,0
3.361894000,0,0,0,0,0,0,0,0,0,0,0,0
3.361899000,0,0,0,0,1,0,1,1,0,0,1,0
3.361977000,0,0,0,0,1,0,1,1,0,0,1,1
3.362477000,0,0,0,0,1,0,1,1,0,0,1,0
3.362894000,0,0,0,0,0,0,0,0,0,0,0,0
3.362899000,1,1,0,1,1,1,0,1,0,0,1,0
3.362977000,1,1,0,1,1,1,0,1,0,0,1,1
3.363477000,1,1,0,1,1,1,0,1,0,0,1,0
3.363893000,1,1,0,1,1,1,0,1,0,0,0,0
3.363894000,0,0,0,0,0,0,0,0,0,0,0,0
3.363899000,0,1,0,0,0,0,1,1,0,0,1,0
3.363977000,0,1,0,0,0,0,1,1,0,0,1,1
3.364477000,0,1,0,0,0,0,1,1,0,0,1,0
3.364893000,0,1,0,0,0,0,1,1,0,0,0,0
3.364894000,0,0,0,0,0,0,0,0,0,0,0,0
3.364899000,1,1,1,1,1,1,0,1,0,0,1,0
3.364977000,1,1,1,1,1,1,0,1,0,0,1,1
3.365477000,1,1,1,1,1,1,0,1,0,0,1,0
3.365893000,1,1,1,1,1,1,0,1,0,0,0,0
3.365894000,0,0,0,0,0,0,0,0,0,0,0,0
3.365899000,1,1,1,1,1,1,0,1,0,0,1,0
3.365977000,1,1,1,1,1,1,0,1,0,0,1,1
3.366477000,1,1,1,1,1,1,0,1,0,0,1,0
3.366893000,1,1,1,1,1,1,0,1,0,0,0,0
3.366894000,0,0,0,0,0,0,0,0,0,0,0,0
3.366899000,0,0,0,0,0,0,1,1,0,0,1,0
3.366977000,0,0,0,0,0,0,1,1,0,0,1,1
3.367477000,0,0,0,0,0,0,1,1,0,0,1,0
3.367893000,0,0,0,0,0,0,1,0,0,0,0,0
3.367894000,0,0,0,0,0,0,0,0,0,0,0,0
3.367899000,1,1,1,0,1,1,0,1,0,0,1,0
3.367977000,1,1,1,0,1,1,0,1,0,0,1,1
3.368477000,1,1,1,0,1,1,0,1,0,0,1,0
3.368893000,0,1,1,0,1,1,1,1,0,0,0,0
3.368894000,0,0,0,0,0,0,0,0,0,0,0,0
3.368899000,0,1,0,1,1,1,0,1,0,0,1,0
3.368977000,0,1,0,1,1,1,0,1,0,0,1,1
3.369477000,0,1,0,1,1,1,0,1,0,0,1,0
3.369893000,0,0,0,0,0,0,0,0,0,0,0,0
3.369899000,0,0,1,1,1,1,0,1,0,0,1,0
3.369977000,0,0,1,1,1,1,0,1,0,0,1,1
3.370477000,0,0,1,1,1,1,0,1,0,0,1,0
3.370893000,0,0,0,0,0,0,0,0,0,0,0,0
3.370899000,0,1,0,1,1,1,0,1,0,0,1,0
3.370977000,0,1,0,1,1,1,0,1,0,0,1,1
3.371477000,0,1,0,1,1,1,0,1,0,0,1,0
3.371893000,0,0,0,0,0,0,0,0,0,0,0,0
3.371899000,0,1,1,0,1,1,0,1,0,0,1,0
3.371977000,0,1,1,0,1,1,0,1,0,0,1,1
3.372477000,0,1,1,0,1,1,0,1,0,0,1,0
3.372893000,0,0,0,0,0,0,0,0,0,0,0,0
3.372899000,1,1,1,1,1,1,0,1,0,0,1,0
3.372977000,1,1,1,1,1,1,0,1,0,0,1,1
3.373477000,1,1,1,1,1,1,0,1,0,0,1,0
3.373893000,0,0,0,0,0,0,0,0,0,0,0,0
3.373899000,1,1,1,0,0,0,1,1,0,0,1,0
3.373977000,1,1,1,0,0,0,1,1,0,0,1,1
3.374477000,1,1,1,0,0,0,1,1,0,0,1,0
3.374893000,0,0,0,0,0,0,0,0,0,0,0,0
3.374899000,0,0,0,1,1,1,0,1,0,0,1,0
3.374977000,0,0,0,1,1,1,0,1,0,0,1,1
3.375477000,0,0,0,1,1,1,0,1,0,0,1,0
3.375893000,0,0,0,0,0,0,0,0,0,0,0,0
3.375898000,0,0,0,0,0,0,0,1,0,0,0,0
3.375899000,0,1,0,0,1,1,0,1,0,0,1,0
3.375977000,0,1,0,0,1,1,0,1,0,0,1,1
3.376477000,0,1,0,0,1,1,0,1,0,0,1,0
3.376893000,0,0,0,0,0,0,0,0,0,0,0,0
3.376898000,0,0,1,0,1,1,0,1,0,0,0,0
3.376899000,0,0,1,0,1,1,0,1,0,0,1,0
3.376977000,0,0,1,0,1,1,0,1,0,0,1,1
3.377477000,0,0,1,0,1,1,0,1,0,0,1,0
3.377893000,0,0,0,0,0,0,0,0,0,0,0,0
3.377898000,0,0,0,1,1,1,0,1,0,0,0,0
3.377899000,1,1,0,1,1,1,0,1,0,0,1,0
3.377977000,1,1,0,1,1,1,0,1,0,0,1,1
3.378477000,1,1,0,1,1,1,0,1,0,0,1,0
3.378893000,0,0,0,0,0,0,0,0,0,0,0,0
3.378898000,0,0,1,0,1,1,0,1,0,0,1,0
3.378899000,0,1,1,0,1,1,0,1,0,0,1,0
3.378977000,0,1,1,0,1,1,0,1,0,0,1,1
3.379477000,0,1,1,0,1,1,0,1,0,0,1,0
3.379893000,0,0,0,0,0,0,0,0,0,0,0,0
3.379898000,0,0,1,0,1,1,0,1,0,0,1,0
3.379977000,0,0,1,0,1,1,0,1,0,0,1,1
3.380477000,0,0,1,0,1,1,0,1,0,0,1,0
3.380893000,0,0,0,0,0,0,0,0,0,0,0,0
3.380898000,1,1,0,0,1,1,0,1,0,0,1,0
3.380977000,1,1,0,0,1,1,0,1,0,0,1,1
3.381477000,1,1,0,0,1,1,0,1,0,0,1,0
3.381893000,0,0,0,0,0,0,0,0,0,0,0,0
3.381898000,1,1,1,0,1,1,0,1,0,0,1,0
3.381977000,1,1,1,0,1,1,0,1,0,0,1,1
3.382477000,1,1,1,0,1,1,0,1,0,0,1,0
3.382893000,0,0,0,0,0,0,0,0,0,0,0,0
3.382898000,1,1,0,1,1,1,0,1,0,0,1,0
3.382977000,1,1,0,1,1,1,0,1,0,0,1,1
3.383477000,1,1,0,1,1,1,0,1,0,0,1,0
3.383893000,0,0,0,0,0,0,0,0,0,0,0,0
3.383898000,1,1,1,1,0,1,0,1,0,0,1,0
3.383977000,1,1,1,1,0,1,0,1,0,0,1,1
3.384477000,1,1,1,1,0,1,0,1,0,0,1,0
3.384893000,0,0,0,0,0,0,0,0,0,0,0,0
3.384898000,0,1,1,1,1,1,0,1,0,0,1,0
3.384977000,0,1,1,1,1,1,0,1,0,0,1,1
3.385477000,0,1,1,1,1,1,0,1,0,0,1,0
3.385893000,0,0,0,0,0,0,0,0,0,0,0,0
3.385898000,1,1,1,1,1,1,0,1,0,0,1,0
3.385977000,1,1,1,1,1,1,0,1,0,0,1,1
3.386477000,1,1,1,1,1,1,0,1,0,0,1,0
3.386893000,0,0,0,0,0,0,0,0,0,0,0,0
3.386898000,1,1,1,1,0,1,0,1,0,0,1,0
3.386977000,1,1,1,1,0,1,0,1,0,0,1,1
3.387477000,1,1,1,1,0,1,0,1,0,0,1,0
3.387893000,0,0,0,0,0,0,0,0,0,0,0,0
3.387898000,1,1,1,1,1,1,0,1,0,0,1,0
3.387977000,1,1,1,1,1,1,0,1,0,0,1,1
3.388477000,1,1,1,1,1,1,0,1,0,0,1,0
3.388893000,0,0,0,0,0,0,0,0,0,0,0,0
3.388898000,1,0,1,0,1,1,0,1,0,0,1,0
3.388977000,1,0,1,0,1,1,0,1,0,0,1,1
3.389477000,1,0,1,0,1,1,0,1,0,0,1,0
3.389893000,0,0,0,0,0,0,0,0,0,0,0,0
3.389898000,0,1,1,1,0,1,0,1,0,0,1,0
3.389977000,0,1,1,1,0,1,0,1,0,0,1,1
3.390477000,0,1,1,1,0,1,0,1,0,0,1,0
3.390893000,0,0,0,0,0,0,0,0,0,0,0,0
3.390898000,1,0,1,0,1,1,0,1,0,0,1,0
3.390977000,1,0,1,0,1,1,0,1,0,0,1,1
3.391477000,1,0,1,0,1,1,0,1,0,0,1,0
3.391893000,0,0,0,0,0,0,0,0,0,0,0,0
3.391898000,1,1,1,1,0,1,0,1,0,0,1,0
3.391977000,1,1,1,1,0,1,0,1,0,0,1,1
3.392477000,1,1,1,1,0,1,0,1,0,0,1,0
3.392893000,0,0,0,0,0,0,0,0,0,0,0,0
3.392898000,1,1,1,1,0,1,0,1,0,0,1,0
3.392977000,1,1,1,1,0,1,0,1,0,0,1,1
3.393477000,1,1,1,1,0,1,0,1,0,0,1,0
3.393893000,0,0,0,0,0,0,0,0,0,0,0,0
3.393898000,1,1,1,1,1,1,0,1,0,0,1,0
3.393977000,1,1,1,1,1,1,0,1,0,0,1,1
3.394477000,1,1,1,1,1,1,0,1,0,0,1,0
3.394893000,0,0,0,0,0,0,0,0,0,0,0,0
3.394898000,0,1,0,1,0,0,1,1,0,0,1,0
3.394977000,0,1,0,1,0,0,1,1,0,0,1,1
3.395477000,0,1,0,1,0,0,1,1,0,0,1,0
3.395893000,0,0,0,0,0,0,0,0,0,0,0,0
3.395898000,0,1,1,0,1,1,0,1,0,0,1,0
3.395977000,0,1,1,0,1,1,0,1,0,0,1,1
3.396477000,0,1,1,0,1,1,0,1,0,0,1,0
3.396893000,0,0,0,0,0,0,0,0,0,0,0,0
3.396898000,1,1,1,0,1,1,0,1,0,0,1,0
3.396977000,1,1,1,0,1,1,0,1,0,0,1,1
3.397477000,1,1,1,0,1,1,0,1,0,0,1,0
3.397893000,0,0,0,0,0,0,0,0,0,0,0,0
3.397898000,1,1,1,1,1,1,0,1,0,0,1,0
3.397977000,1,1,1,1,1,1,0,1,0,0,1,1
3.398477000,1,1,1,1,1,1,0,1,0,0,1,0
3.398893000,0,0,0,0,0,0,0,0,0,0,0,0
3.398898000,0,0,1,0,0,0,1,1,0,0,1,0
3.398977000,0,0,1,0,0,0,1,1,0,0,1,1
3.399477000,0,0,1,0,0,0,1,1,0,0,1,0
3.399893000,0,0,0,0,0,0,0,0,0,0,0,0
3.399898000,0,1,1,1,1,1,0,1,0,0,1,0
3.399977000,0,1,1,1,1,1,0,1,0,0,1,1
3.400477000,0,1,1,1,1,1,0,1,0,0,1,0
3.400893000,0,0,0,0,0,0,0,0,0,0,0,0
3.400898000,1,1,1,1,1,1,0,1,0,0,1,0
3.400977000,1,1,1,1,1,1,0,1,0,0,1,1
3.401477000,1,1,1,1,1,1,0,1,0,0,1,0
3.401893000,0,0,0,0,0,0,0,0,0,0,0,0
3.401898000,0,0,0,0,0,0,1,1,0,0,1,0
3.401977000,0,0,0,0,0,0,1,1,0,0,1,1
3.402477000,0,0,0,0,0,0,1,1,0,0,1,0
3.402893000,0,0,0,0,0,0,0,0,0,0,0,0
3.402898000,0,1,1,1,1,1,0,1,0,0,1,0
3.402977000,0,1,1,1,1,1,0,1,0,0,1,1
3.403477000,0,1,1,1,1,1,0,1,0,0,1,0
3.403893000,0,0,0,0,0,0,0,0,0,0,0,0
3.403898000,1,0,0,1,1,1,0,1,0,0,1,0
3.403977000,1,0,0,1,1,1,0,1,0,0,1,1
3.404477000,1,0,0,1,1,1,0,1,0,0,1,0
3.404893000,0,0,0,0,0,0,0,0,0,0,0,0
3.404898000,1,1,1,1,1,1,0,1,0,0,1,0
3.404977000,1,1,1,1,1,1,0,1,0,0,1,1
3.405477000,1,1,1,1,1,1,0,1,0,0,1,0
3.405893000,0,0,0,0,0,0,0,0,0,0,0,0
3.405898000,1,1,1,1,0,1,0,1,0,0,1,0
3.405977000,1,1,1,1,0,1,0,1,0,0,1,1
3.406477000,1,1,1,1,0,1,0,1,0,0,1,0
3.406893000,0,0,0,0,0,0,0,0,0,0,0,0
3.406898000,0,1,0,1,1,1,0,1,0,0,1,0
3.406977000,0,1,0,1,1,1,0,1,0,0,1,1
3.407477000,0,1,0,1,1,1,0,1,0,0,1,0
3.407893000,0,0,0,0,0,0,0,0,0,0,0,0
3.407898000,1,1,1,1,1,1,0,1,0,0,1,0
3.407977000,1,1,1,1,1,1,0,1,0,0,1,1
3.408477000,1,1,1,1,1,1,0,1,0,0,1,0
3.408893000,0,0,0,0,0,0,0,0,0,0,0,0
3.408898000,1,1,1,1,1,1,0,1,0,0,1,0
3.408977000,1,1,1,1,1,1,0,1,0,0,1,1
3.409477000,1,1,1,1,1,1,0,1,0,0,1,0
3.409893000,0,0,0,0,0,0,0,0,0,0,0,0
3.409898000,0,0,0,1,0,0,1,1,0,0,1,0
3.409977000,0,0,0,1,0,0,1,1,0,0,1,1
3.410476000,0,0,0,1,0,0,1,1,0,0,1,0
3.410893000,0,0,0,0,0,0,0,0,0,0,0,0
3.410898000,1,1,0,0,0,0,1,1,0,0,1,0
3.410976000,1,1,0,0,0,0,1,1,0,0,1,1
3.411476000,1,1,0,0,0,0,1,1,0,0,1,0
3.411893000,0,0,0,0,0,0,0,0,0,0,0,0
3.411898000,0,1,1,0,0,0,1,1,0,0,1,0
3.411976000,0,1,1,0,0,0,1,1,0,0,1,1
3.412476000,0,1,1,0,0,0,1,1,0,0,1,0
3.412893000,0,0,0,0,0,0,0,0,0,0,0,0
3.412898000,0,1,0,0,0,0,1,1,0,0,1,0
3.412976000,0,1,0,0,0,0,1,1,0,0,1,1
3.413476000,0,1,0,0,0,0,1,1,0,0,1,0
3.413893000,0,0,0,0,0,0,0,0,0,0,0,0
3.413898000,0,1,1,0,1,0,1,1,0,0,1,0
3.413976000,0,1,1,0,1,0,1,1,0,0,1,1
3.414476000,0,1,1,0,1,0,1,1,0,0,1,0
3.414893000,0,0,0,0,0,0,0,0,0,0,0,0
3.414898000,0,0,1,1,0,0,1,1,0,0,1,0
3.414976000,0,0,1,1,0,0,1,1,0,0,1,1
3.415476000,0,0,1,1,0,0,1,1,0,0,1,0
3.415893000,0,0,0,0,0,0,0,0,0,0,0,0
3.415898000,0,1,0,1,1,0,1,1,0,0,1,0
3.415976000,0,1,0,1,1,0,1,1,0,0,1,1
3.416476000,0,1,0,1,1,0,1,1,0,0,1,0
3.416893000,0,0,0,0,0,0,0,0,0,0,0,0
3.416898000,0,1,1,0,1,0,1,1,0,0,1,0
3.416976000,0,1,1,0,1,0,1,1,0,0,1,1
3.417476000,0,1,1,0,1,0,1,1,0,0,1,0
3.417893000,0,0,0,0,0,0,0,0,0,0,0,0
3.417898000,1,0,1,0,1,0,1,1,0,0,1,0
3.417976000,1,0,1,0,1,0,1,1,0,0,1,1
3.418476000,1,0,1,0,1,0,1,1,0,0,1,0
3.418893000,0,0,0,0,0,0,0,0,0,0,0,0
3.418898000,1,0,1,1,0,0,1,1,0,0,1,0
3.418976000,1,0,1,1,0,0,1,1,0,0,1,1
3.419476000,1,0,1,1,0,0,1,1,0,0,1,0
3.419893000,0,0,0,0,0,0,0,0,0,0,0,0
3.419898000,0,0,1,1,0,0,1,1,0,0,1,0
3.419976000,0,0,1,1,0,0,1,1,0,0,1,1
3.420476000,0,0,1,1,0,0,1,1,0,0,1,0
3.420893000,0,0,0,0,0,0,0,0,0,0,0,0
3.420898000,1,0,0,0,1,0,1,1,0,0,1,0
3.420976000,1,0,0,0,1,0,1,1,0,0,1,1
3.421476000,1,0,0,0,1,0,1,1,0,0,1,0
3.421893000,0,0,0,0,0,0,0,0,0,0,0,0
3.421898000,0,0,0,0,1,0,1,1,0,0,1,0
3.421976000,0,0,0,0,1,0,1,1,0,0,1,1
3.422476000,0,0,0,0,1,0,1,1,0,0,1,0
3.422893000,0,0,0,0,0,0,0,0,0,0,0,0
3.422898000,1,1,1,1,0,0,1,1,0,0,1,0
3.422976000,1,1,1,1,0,0,1,1,0,0,1,1
3.423476000,1,1,1,1,0,0,1,1,0,0,1,0
3.423893000,0,0,0,0,0,0,0,0,0,0,0,0
3.423898000,1,1,1,0,1,0,1,1,0,0,1,0
3.423976000,1,1,1,0,1,0,1,1,0,0,1,1
3.424476000,1,1,1,0,1,0,1,1,0,0,1,0
3.424893000,0,0,0,0,0,0,0,0,0,0,0,0
3.424898000,0,0,1,0,1,1,1,1,0,0,1,0
3.424976000,0,0,1,0,1,1,1,1,0,0,1,1
3.425476000,0,0,1,0,1,1,1,1,0,0,1,0
3.425893000,0,0,0,0,0,0,0,0,0,0,0,0
3.425898000,0,1,1,0,1,0,1,1,0,0,1,0
3.425976000,0,1,1,0,1,0,1,1,0,0,1,1
3.426476000,0,1,1,0,1,0,1,1,0,0,1,0
3.426893000,0,0,0,0,0,0,0,0,0,0,0,0
3.426898000,1,0,0,0,1,0,1,1,0,0,1,0
3.426976000,1,0,0,0,1,0,1,1,0,0,1,1
3.427476000,1,0,0,0,1,0,1,1,0,0,1,0
3.427893000,0,0,0,0,0,0,0,0,0,0,0,0
3.427898000,0,0,1,1,0,0,1,1,0,0,1,0
3.427976000,0,0,1,1,0,0,1,1,0,0,1,1
3.428476000,0,0,1,1,0,0,1,1,0,0,1,0
3.428893000,0,0,0,0,0,0,0,0,0,0,0,0
3.428898000,1,1,0,0,0,0,1,1,0,0,1,0
3.428976000,1,1,0,0,0,0,1,1,0,0,1,1
3.429476000,1,1,0,0,0,0,1,1,0,0,1,0
3.429893000,0,0,0,0,0,0,0,0,0,0,0,0
3.429898000,1,0,0,1,1,0,1,1,0,0,1,0
3.429976000,1,0,0,1,1,0,1,1,0,0,1,1
3.430476000,1,0,0,1,1,0,1,1,0,0,1,0
3.430893000,0,0,0,0,0,0,0,0,0,0,0,0
3.430898000,1,1,1,0,1,0,1,1,0,0,1,0
3.430976000,1,1,1,0,1,0,1,1,0,0,1,1
3.431476000,1,1,1,0,1,0,1,1,0,0,1,0
3.431893000,0,0,0,0,0,0,0,0,0,0,0,0
3.431898000,0,1,1,0,1,0,1,1,0,0,1,0
3.431976000,0,1,1,0,1,0,1,1,0,0,1,1
3.432476000,0,1,1,0,1,0,1,1,0,0,1,0
3.432893000,0,0,0,0,0,0,0,0,0,0,0,0
3.432898000,0,1,0,1,1,0,1,1,0,0,1,0
3.432976000,0,1,0,1,1,0,1,1,0,0,1,1
3.433476000,0,1,0,1,1,0,1,1,0,0,1,0
3.433893000,0,0,0,0,0,0,0,0,0,0,0,0
3.433898000,1,0,0,1,1,0,1,1,0,0,1,0
3.433976000,1,0,0,1,1,0,1,1,0,0,1,1
3.434476000,1,0,0,1,1,0,1,1,0,0,1,0
3.434893000,0,0,0,0,0,0,0,0,0,0,0,0
3.434898000,1,1,1,0,1,0,1,1,0,0,1,0
3.434976000,1,1,1,0,1,0,1,1,0,0,1,1
3.435476000,1,1,1,0,1,0,1,1,0,0,1,0
3.435893000,0,0,0,0,0,0,0,0,0,0,0,0
3.435898000,1,0,1,0,1,0,1,1,0,0,1,0
3.435976000,1,0,1,0,1,0,1,1,0,0,1,1
3.436476000,1,0,1,0,1,0,1,1,0,0,1,0
3.436893000,0,0,0,0,0,0,0,0,0,0,0,0
3.436898000,0,0,1,0,1,0,1,1,0,0,1,0
3.436976000,0,0,1,0,1,0,1,1,0,0,1,1
3.437476000,0,0,1,0,1,0,1,1,0,0,1,0
3.437893000,0,0,0,0,0,0,0,0,0,0,0,0
3.437898000,0,0,1,1,0,0,1,1,0,0,1,0
3.437976000,0,0,1,1,0,0,1,1,0,0,1,1
3.438476000,0,0,1,1,0,0,1,1,0,0,1,0
3.438893000,0,0,0,0,0,0,0,0,0,0,0,0
3.438898000,1,1,0,1,0,0,1,1,0,0,1,0
3.438976000,1,1,0,1,0,0,1,1,0,0,1,1
3.439476000,1,1,0,1,0,0,1,1,0,0,1,0
3.439893000,0,0,0,0,0,0,0,0,0,0,0,0
3.439898000,1,0,0,0,0,0,1,1,0,0,1,0
3.439976000,1,0,0,0,0,0,1,1,0,0,1,1
3.440476000,1,0,0,0,0,0,1,1,0,0,1,0
3.440893000,0,0,0,0,0,0,0,0,0,0,0,0
3.440898000,1,1,1,1,1,0,1,1,0,0,1,0
3.440976000,1,1,1,1,1,0,1,1,0,0,1,1
3.441476000,1,1,1,1,1,0,1,1,0,0,1,0
3.441893000,0,0,0,0,0,0,0,0,0,0,0,0
3.441898000,1,1,0,1,0,0,1,1,0,0,1,0
3.441976000,1,1,0,1,0,0,1,1,0,0,1,1
3.442476000,1,1,0,1,0,0,1,1,0,0,1,0
3.442893000,0,0,0,0,0,0,0,0,0,0,0,0
3.442898000,1,1,1,1,1,1,0,1,0,0,1,0
3.442976000,1,1,1,1,1,1,0,1,0,0,1,1
3.443476000,1,1,1,1,1,1,0,1,0,0,1,0
3.443893000,0,0,0,0,0,0,0,0,0,0,0,0
3.443898000,0,0,1,0,0,0,1,1,0,0,1,0
3.443976000,0,0,1,0,0,0,1,1,0,0,1,1
3.444476000,0,0,1,0,0,0,1,1,0,0,1,0
3.444893000,0,0,0,0,0,0,0,0,0,0,0,0
3.444898000,1,1,1,0,1,0,1,1,0,0,1,0
3.444976000,1,1,1,0,1,0,1,1,0,0,1,1
3.445476000,1,1,1,0,1,0,1,1,0,0,1,0
3.445893000,0,0,0,0,0,0,0,0,0,0,0,0
3.445898000,0,1,1,1,0,0,1,1,0,0,1,0
3.445976000,0,1,1,1,0,0,1,1,0,0,1,1
3.446476000,0,1,1,1,0,0,1,1,0,0,1,0
3.446893000,0,0,0,0,0,0,0,0,0,0,0,0
3.446898000,1,1,1,1,1,1,0,1,0,0,1,0
3.446976000,1,1,1,1,1,1,0,1,0,0,1,1
3.447476000,1,1,1,1,1,1,0,1,0,0,1,0
3.447893000,0,0,0,0,0,0,0,0,0,0,0,0
3.447898000,1,0,0,1,1,0,1,1,0,0,1,0
3.447976000,1,0,0,1,1,0,1,1,0,0,1,1
3.448476000,1,0,0,1,1,0,1,1,0,0,1,0
3.448893000,0,0,0,0,0,0,0,0,0,0,0,0
3.448898000,0,0,0,0,1,0,1,1,0,0,1,0
3.448976000,0,0,0,0,1,0,1,1,0,0,1,1
3.449476000,0,0,0,0,1,0,1,1,0,0,1,0
3.449893000,0,0,0,0,0,0,0,0,0,0,0,0
3.449898000,1,1,0,1,1,1,0,1,0,0,1,0
3.449976000,1,1,0,1,1,1,0,1,0,0,1,1
3.450476000,1,1,0,1,1,1,0,1,0,0,1,0
3.450893000,0,0,0,0,0,0,0,0,0,0,0,0
3.450898000,1,1,1,1,1,1,0,1,0,0,1,0
3.450976000,1,1,1,1,1,1,0,1,0,0,1,1
3.451476000,1,1,1,1,1,1,0,1,0,0,1,0
3.451893000,0,0,0,0,0,0,0,0,0,0,0,0
3.451898000,0,1,0,1,0,0,1,1,0,0,1,0
3.451976000,0,1,0,1,0,0,1,1,0,0,1,1
3.452476000,0,1,0,1,0,0,1,1,0,0,1,0
3.452893000,0,0,0,0,0,0,0,0,0,0,0,0
3.452898000,1,1,1,1,1,1,0,1,0,0,1,0
3.452976000,1,1,1,1,1,1,0,1,0,0,1,1
3.453476000,1,1,1,1,1,1,0,1,0,0,1,0
3.453893000,0,0,0,0,0,0,0,0,0,0,0,0
3.453898000,1,1,0,1,0,0,1,1,0,0,1,0
3.453976000,1,1,0,1,0,0,1,1,0,0,1,1
3.454476000,1,1,0,1,0,0,1,1,0,0,1,0
3.454893000,0,0,0,0,0,0,0,0,0,0,0,0
3.454898000,0,1,1,0,0,0,1,1,0,0,1,0
3.454976000,0,1,1,0,0,0,1,1,0,0,1,1
3.455476000,0,1,1,0,0,0,1,1,0,0,1,0
3.455893000,0,0,0,0,0,0,0,0,0,0,0,0
3.455898000,0,1,0,0,0,0,1,1,0,0,1,0
3.455976000,0,1,0,0,0,0,1,1,0,0,1,1
3.456476000,0,1,0,0,0,0,1,1,0,0,1,0
3.456893000,0,0,0,0,0,0,0,0,0,0,0,0
3.456898000,1,0,1,1,0,0,1,1,0,0,1,0
3.456976000,1,0,1,1,0,0,1,1,0,0,1,1
3.457476000,1,0,1,1,0,0,1,1,0,0,1,0
3.457893000,0,0,0,0,0,0,0,0,0,0,0,0
3.457898000,1,0,1,1,1,1,0,1,0,0,1,0
3.457976000,1,0,1,1,1,1,0,1,0,0,1,1
3.458476000,1,0,1,1,1,1,0,1,0,0,1,0
3.458893000,0,0,0,0,0,0,0,0,0,0,0,0
3.458898000,1,1,0,1,0,0,1,1,0,0,1,0
3.458976000,1,1,0,1,0,0,1,1,0,0,1,1
3.459476000,1,1,0,1,0,0,1,1,0,0,1,0
3.459893000,0,0,0,0,0,0,0,0,0,0,0,0
3.459898000,0,1,1,0,0,0,1,1,0,0,1,0
3.459976000,0,1,1,0,0,0,1,1,0,0,1,1
3.460476000,0,1,1,0,0,0,1,1,0,0,1,0
3.460893000,0,0,0,0,0,0,0,0,0,0,0,0
3.460898000,1,1,0,1,0,0,1,1,0,0,1,0
3.460976000,1,1,0,1,0,0,1,1,0,0,1,1
3.461476000,1,1,0,1,0,0,1,1,0,0,1,0
3.461893000,0,0,0,0,0,0,0,0,0,0,0,0
3.461898000,1,1,1,1,0,1,0,1,0,0,1,0
3.461976000,1,1,1,1,0,1,0,1,0,0,1,1
3.462476000,1,1,1,1,0,1,0,1,0,0,1,0
3.462893000,0,0,0,0,0,0,0,0,0,0,0,0
3.462898000,0,1,0,1,1,1,0,1,0,0,1,0
3.462976000,0,1,0,1,1,1,0,1,0,0,1,1
3.463476000,0,1,0,1,1,1,0,1,0,0,1,0
3.463893000,0,0,0,0,0,0,0,0,0,0,0,0
3.463898000,1,1,1,1,0,1,0,1,0,0,1,0
3.463976000,1,1,1,1,0,1,0,1,0,0,1,1
3.464476000,1,1,1,1,0,1,0,1,0,0,1,0
3.464893000,0,0,0,0,0,0,0,0,0,0,0,0
3.464898000,1,1,1,1,0,1,0,1,0,0,1,0
3.464976000,1,1,1,1,0,1,0,1,0,0,1,1
3.465476000,1,1,1,1,0,1,0,1,0,0,1,0
3.465893000,0,0,0,0,0,0,0,0,0,0,0,0
3.465898000,0,0,1,1,1,1,0,1,0,0,1,0
3.465976000,0,0,1,1,1,1,0,1,0,0,1,1
3.466476000,0,0,1,1,1,1,0,1,0,0,1,0
3.466893000,0,0,0,0,0,0,0,0,0,0,0,0
3.466898000,0,0,1,0,1,1,0,1,0,0,1,0
3.466976000,0,0,1,0,1,1,0,1,0,0,1,1
3.467476000,0,0,1,0,1,1,0,1,0,0,1,0
3.467893000,0,0,0,0,0,0,0,0,0,0,0,0
3.467898000,1,1,1,0,0,1,0,1,0,0,1,0
3.467976000,1,1,1,0,0,1,0,1,0,0,1,1
3.468476000,1,1,1,0,0,1,0,1,0,0,1,0
3.468893000,0,0,0,0,0,0,0,0,0,0,0,0
3.468898000,1,0,1,1,1,1,0,1,0,0,1,0
3.468976000,1,0,1,1,1,1,0,1,0,0,1,1
3.469476000,1,0,1,1,1,1,0,1,0,0,1,0
3.469893000,0,0,0,0,0,0,0,0,0,0,0,0
3.469898000,1,1,0,0,1,1,0,1,0,0,1,0
3.469976000,1,1,0,0,1,1,0,1,0,0,1,1
3.470476000,1,1,0,0,1,1,0,1,0,0,1,0
3.470893000,0,0,0,0,0,0,0,0,0,0,0,0
3.470898000,1,1,0,0,1,1,0,1,0,0,1,0
3.470976000,1,1,0,0,1,1,0,1,0,0,1,1
3.471476000,1,1,0,0,1,1,0,1,0,0,1,0
3.471893000,0,0,0,0,0,0,0,0,0,0,0,0
3.471898000,0,1,1,0,1,1,0,1,0,0,1,0
3.471976000,0,1,1,0,1,1,0,1,0,0,1,1
3.472476000,0,1,1,0,1,1,0,1,0,0,1,0
3.472893000,0,0,0,0,0,0,0,0,0,0,0,0
3.472898000,0,0,1,1,1,1,0,1,0,0,1,0
3.472976000,0,0,1,1,1,1,0,1,0,0,1,1
3.473476000,0,0,1,1,1,1,0,1,0,0,1,0
3.473893000,0,0,0,0,0,0,0,0,0,0,0,0
3.473898000,1,1,1,1,0,1,0,1,0,0,1,0
3.473976000,1,1,1,1,0,1,0,1,0,0,1,1
3.474476000,1,1,1,1,0,1,0,1,0,0,1,0
3.474893000,0,0,0,0,0,0,0,0,0,0,0,0
3.474898000,1,1,0,1,1,1,0,1,0,0,1,0
3.474976000,1,1,0,1,1,1,0,1,0,0,1,1
3.475476000,1,1,0,1,1,1,0,1,0,0,1,0
3.475893000,0,0,0,0,0,0,0,0,0,0,0,0
3.475898000,1,1,0,0,0,0,1,1,0,0,1,0
3.475976000,1,1,0,0,0,0,1,1,0,0,1,1
3.476476000,1,1,0,0,0,0,1,1,0,0,1,0
3.476893000,0,0,0,0,0,0,0,0,0,0,0,0
3.476898000,1,1,1,0,1,1,0,1,0,0,1,0
3.476976000,1,1,1,0,1,1,0,1,0,0,1,1
3.477476000,1,1,1,0,1,1,0,1,0,0,1,0
3.477893000,0,0,0,0,0,0,0,0,0,0,0,0
3.477898000,1,0,0,1,0,1,0,1,0,0,1,0
3.477976000,1,0,0,1,0,1,0,1,0,0,1,1
3.478476000,1,0,0,1,0,1,0,1,0,0,1,0
3.478893000,0,0,0,0,0,0,0,0,0,0,0,0
3.478898000,0,1,0,1,1,1,0,1,0,0,1,0
3.478976000,0,1,0,1,1,1,0,1,0,0,1,1
3.479476000,0,1,0,1,1,1,0,1,0,0,1,0
3.479893000,0,0,0,0,0,0,0,0,0,0,0,0
3.479898000,1,1,1,1,0,1,0,1,0,0,1,0
3.479976000,1,1,1,1,0,1,0,1,0,0,1,1
3.480476000,1,1,1,1,0,1,0,1,0,0,1,0
3.480893000,0,0,0,0,0,0,0,0,0,0,0,0
3.480898000,1,0,1,0,1,1,0,1,0,0,1,0
3.480976000,1,0,1,0,1,1,0,1,0,0,1,1
3.481476000,1,0,1,0,1,1,0,1,0,0,1,0
3.481893000,0,0,0,0,0,0,0,0,0,0,0,0
3.481898000,1,1,1,1,0,1,0,1,0,0,1,0
3.481976000,1,1,1,1,0,1,0,1,0,0,1,1
3.482476000,1,1,1,1,0,1,0,1,0,0,1,0
3.482893000,0,0,0,0,0,0,0,0,0,0,0,0
3.482898000,1,1,1,0,1,1,0,1,0,0,1,0
3.482976000,1,1,1,0,1,1,0,1,0,0,1,1
3.483476000,1,1,1,0,1,1,0,1,0,0,1,0
3.483893000,0,0,0,0,0,0,0,0,0,0,0,0
3.483898000,1,1,1,0,1,1,0,1,0,0,1,0
3.483976000,1,1,1,0,1,1,0,1,0,0,1,1
3.484476000,1,1,1,0,1,1,0,1,0,0,1,0
3.484893000,0,0,0,0,0,0,0,0,0,0,0,0
3.484898000,0,1,0,1,1,1,0,1,0,0,1,0
3.484976000,0,1,0,1,1,1,0,1,0,0,1,1
3.485476000,0,1,0,1,1,1,0,1,0,0,1,0
3.485893000,0,0,0,0,0,0,0,0,0,0,0,0
3.485898000,1,1,1,1,0,1,0,1,0,0,1,0
3.485976000,1,1,1,1,0,1,0,1,0,0,1,1
3.486476000,1,1,1,1,0,1,0,1,0,0,1,0
3.486893000,0,0,0,0,0,0,0,0,0,0,0,0
3.486898000,1,1,1,1,1,1,0,1,0,0,1,0
3.486976000,1,1,1,1,1,1,0,1,0,0,1,1
3.487476000,1,1,1,1,1,1,0,1,0,0,1,0
3.487893000,0,0,0,0,0,0,0,0,0,0,0,0
3.487898000,1,1,1,0,1,1,0,1,0,0,1,0
3.487976000,1,1,1,0,1,1,0,1,0,0,1,1
3.488476000,1,1,1,0,1,1,0,1,0,0,1,0
3.488893000,0,0,0,0,0,0,0,0,0,0,0,0
3.488898000,0,1,0,1,1,1,0,1,0,0,1,0
3.488976000,0,1,0,1,1,1,0,1,0,0,1,1
3.489476000,0,1,0,1,1,1,0,1,0,0,1,0
3.489893000,0,0,0,0,0,0,0,0,0,0,0,0
3.489898000,1,1,0,0,1,1,0,1,0,0,1,0
3.489976000,1,1,0,0,1,1,0,1,0,0,1,1
3.490476000,1,1,0,0,1,1,0,1,0,0,1,0
3.490893000,0,0,0,0,0,0,0,0,0,0,0,0
3.490898000,0,1,0,1,0,0,1,1,0,0,1,0
3.490976000,0,1,0,1,0,0,1,1,0,0,1,1
3.491476000,0,1,0,1,0,0,1,1,0,0,1,0
3.491893000,0,0,0,0,0,0,0,0,0,0,0,0
3.491898000,0,0,0,1,0,0,1,1,0,0,1,0
3.491976000,0,0,0,1,0,0,1,1,0,0,1,1
3.492476000,0,0,0,1,0,0,1,1,0,0,1,0
3.492893000,0,0,0,0,0,0,0,0,0,0,0,0
3.492898000,1,1,1,1,0,1,0,1,0,0,1,0
3.492976000,1,1,1,1,0,1,0,1,0,0,1,1
3.493476000,1,1,1,1,0,1,0,1,0,0,1,0
3.493893000,0,0,0,0,0,0,0,0,0,0,0,0
3.493898000,1,1,1,1,1,1,0,1,0,0,1,0
3.493976000,1,1,1,1,1,1,0,1,0,0,1,1
3.494476000,1,1,1,1,1,1,0,1,0,0,1,0
3.494893000,0,0,0,0,0,0,0,0,0,0,0,0
3.494898000,0,0,1,0,0,0,1,1,0,0,1,0
3.494976000,0,0,1,0,0,0,1,1,0,0,1,1
3.495476000,0,0,1,0,0,0,1,1,0,0,1,0
3.495893000,0,0,0,0,0,0,0,0,0,0,0,0
3.495898000,0,0,0,0,1,0,1,1,0,0,1,0
3.495976000,0,0,0,0,1,0,1,1,0,0,1,1
3.496476000,0,0,0,0,1,0,1,1,0,0,1,0
3.496893000,0,0,0,0,0,0,0,0,0,0,0,0
3.496898000,0,0,0,1,0,0,1,1,0,0,1,0
3.496976000,0,0,0,1,0,0,1,1,0,0,1,1
3.497476000,0,0,0,1,0,0,1,1,0,0,1,0
3.497893000,0,0,0,0,0,0,0,0,0,0,0,0
3.497898000,0,0,1,0,0,0,1,1,0,0,1,0
3.497976000,0,0,1,0,0,0,1,1,0,0,1,1
3.498476000,0,0,1,0,0,0,1,1,0,0,1,0
3.498893000,0,0,0,0,0,0,0,0,0,0,0,0
3.498898000,0,0,1,0,0,0,1,1,0,0,1,0
3.498976000,0,0,1,0,0,0,1,1,0,0,1,1
3.499476000,0,0,1,0,0,0,1,1,0,0,1,0
3.499893000,0,0,0,0,0,0,0,0,0,0,0,0
3.499898000,1,1,1,1,1,1,0,1,0,0,1,0
3.499976000,1,1,1,1,1,1,0,1,0,0,1,1
3.500476000,1,1,1,1,1,1,0,1,0,0,1,0
3.500893000,0,0,0,0,0,0,0,0,0,0,0,0
3.500898000,0,0,1,1,0,0,1,1,0,0,1,0
3.500976000,0,0,1,1,0,0,1,1,0,0,1,1
3.501476000,0,0,1,1,0,0,1,1,0,0,1,0
3.501893000,0,0,0,0,0,0,0,0,0,0,0,0
3.501898000,1,1,1,1,1,1,0,1,0,0,1,0
3.501976000,1,1,1,1,1,1,0,1,0,0,1,1
3.502476000,1,1,1,1,1,1,0,1,0,0,1,0
3.502893000,0,0,0,0,0,0,0,0,0,0,0,0
3.502898000,0,1,1,1,1,1,0,1,0,0,1,0
3.502976000,0,1,1,1,1,1,0,1,0,0,1,1
3.503476000,0,1,1,1,1,1,0,1,0,0,1,0
3.503893000,0,0,0,0,0,0,0,0,0,0,0,0
3.503898000,1,1,0,0,0,0,1,1,0,0,1,0
3.503976000,1,1,0,0,0,0,1,1,0,0,1,1
3.504476000,1,1,0,0,0,0,1,1,0,0,1,0
3.504893000,0,0,0,0,0,0,0,0,0,0,0,0
3.504898000,0,1,1,0,0,0,1,1,0,0,1,0
3.504976000,0,1,1,0,0,0,1,1,0,0,1,1
3.505476000,0,1,1,0,0,0,1,1,0,0,1,0
3.505893000,0,0,0,0,0,0,0,0,0,0,0,0
3.505898000,1,0,1,1,0,0,1,1,0,0,1,0
3.505976000,1,0,1,1,0,0,1,1,0,0,1,1
3.506476000,1,0,1,1,0,0,1,1,0,0,1,0
3.506893000,0,0,0,0,0,0,0,0,0,0,0,0
3.506898000,1,1,1,1,0,0,1,1,0,0,1,0
3.506976000,1,1,1,1,0,0,1,1,0,0,1,1
3.507476000,1,1,1,1,0,0,1,1,0,0,1,0
3.507892000,1,1,1,1,0,0,1,1,0,0,0,0
3.507893000,0,0,0,0,0,0,0,0,0,0,0,0
3.507898000,1,1,1,1,1,1,0,1,0,0,1,0
3.507976000,1,1,1,1,1,1,0,1,0,0,1,1
3.508476000,1,1,1,1,1,1,0,1,0,0,1,0
3.508892000,1,1,1,1,1,1,0,1,0,0,0,0
3.508893000,0,0,0,0,0,0,0,0,0,0,0,0
3.508898000,1,1,1,1,1,1,0,1,0,0,1,0
3.508976000,1,1,1,1,1,1,0,1,0,0,1,1
3.509476000,1,1,1,1,1,1,0,1,0,0,1,0
3.509892000,1,1,1,1,1,1,0,1,0,0,0,0
3.509893000,0,0,0,0,0,0,0,0,0,0,0,0
3.509898000,0,0,0,0,0,0,1,1,0,0,1,0
3.509976000,0,0,0,0,0,0,1,1,0,0,1,1
3.510476000,0,0,0,0,0,0,1,1,0,0,1,0
3.510892000,0,0,0,0,0,0,1,1,0,0,0,0
3.510893000,0,0,0,0,0,0,0,0,0,0,0,0
3.510898000,1,1,1,1,1,1,0,1,0,0,1,0
3.510976000,1,1,1,1,1,1,0,1,0,0,1,1
3.511476000,1,1,1,1,1,1,0,1,0,0,1,0
3.511892000,1,1,1,1,0,0,0,1,0,0,0,0
3.511893000,0,0,0,0,0,0,0,0,0,0,0,0
3.511898000,1,0,1,0,0,0,1,1,0,0,1,0
3.511976000,1,0,1,0,0,0,1,1,0,0,1,1
3.512476000,1,0,1,0,0,0,1,1,0,0,1,0
3.512892000,1,0,0,0,0,0,1,1,0,0,0,0
3.512893000,0,0,0,0,0,0,0,0,0,0,0,0
3.512898000,1,0,0,0,1,0,1,1,0,0,1,0
3.512976000,1,0,0,0,1,0,1,1,0,0,1,1
3.513476000,1,0,0,0,1,0,1,1,0,0,1,0
3.513892000,0,0,0,0,0,0,0,0,0,0,0,0
3.513898000,0,0,0,0,0,1,1,1,0,0,1,0
3.513976000,0,0,0,0,0,1,1,1,0,0,1,1
3.514476000,0,0,0,0,0,1,1,1,0,0,1,0
3.514892000,0,0,0,0,0,0,0,0,0,0,0,0
3.514898000,0,0,0,1,0,1,1,1,0,0,1,0
3.514976000,0,0,0,1,0,1,1,1,0,0,1,1
3.515476000,0,0,0,1,0,1,1,1,0,0,1,0
3.515892000,0,0,0,0,0,0,0,0,0,0,0,0
3.515898000,1,0,1,1,1,0,1,1,0,0,1,0
3.515976000,1,0,1,1,1,0,1,1,0,0,1,1
3.516476000,1,0,1,1,1,0,1,1,0,0,1,0
3.516892000,0,0,0,0,0,0,0,0,0,0,0,0
3.516898000,1,1,1,0,1,0,1,1,0,0,1,0
3.516976000,1,1,1,0,1,0,1,1,0,0,1,1
3.517476000,1,1,1,0,1,0,1,1,0,0,1,0
3.517892000,0,0,0,0,0,0,0,0,0,0,0,0
3.517898000,0,0,0,0,0,0,1,1,0,0,1,0
3.517976000,0,0,0,0,0,0,1,1,0,0,1,1
3.518476000,0,0,0,0,0,0,1,1,0,0,1,0
3.518892000,0,0,0,0,0,0,0,0,0,0,0,0
3.518897000,0,0,0,0,0,0,1,0,0,0,0,0
3.518898000,0,0,1,0,1,0,1,1,0,0,1,0
3.518976000,0,0,1,0,1,0,1,1,0,0,1,1
3.519476000,0,0,1,0,1,0,1,1,0,0,1,0
3.519892000,0,0,0,0,0,0,0,0,0,0,0,0
3.519897000,0,0,0,0,0,0,1,0,0,0,0,0
3.519898000,1,1,1,0,1,0,1,1,0,0,1,0
3.519976000,1,1,1,0,1,0,1,1,0,0,1,1
3.520476000,1,1,1,0,1,0,1,1,0,0,1,0
3.520892000,0,0,0,0,0,0,1,0,0,0,0,0
3.520893000,0,0,0,0,0,0,0,0,0,0,0,0
3.520897000,0,0,0,0,1,0,1,1,0,0,0,0
3.520898000,1,1,0,0,1,0,1,1,0,0,1,0
3.520976000,1,1,0,0,1,0,1,1,0,0,1,1
3.521476000,1,1,0,0,1,0,1,1,0,0,1,0
3.521892000,0,0,0,0,0,0,0,0,0,0,0,0
3.521897000,0,0,0,0,1,1,0,1,0,0,0,0
3.521898000,1,1,1,1,1,1,0,1,0,0,1,0
3.521976000,1,1,1,1,1,1,0,1,0,0,1,1
3.522476000,1,1,1,1,1,1,0,1,0,0,1,0
3.522892000,0,0,0,0,0,0,0,0,0,0,0,0
3.522897000,0,0,1,1,1,0,1,1,0,0,0,0
3.522898000,1,0,1,1,1,0,1,1,0,0,1,0
3.522976000,1,0,1,1,1,0,1,1,0,0,1,1
3.523476000,1,0,1,1,1,0,1,1,0,0,1,0
3.523892000,0,0,0,0,0,0,0,0,0,0,0,0
3.523897000,0,0,1,0,1,0,1,1,0,0,1,0
3.523898000,1,0,1,0,1,0,1,1,0,0,1,0
3.523976000,1,0,1,0,1,0,1,1,0,0,1,1
3.524476000,1,0,1,0,1,0,1,1,0,0,1,0
3.524892000,0,0,0,0,0,0,0,0,0,0,0,0
3.524897000,0,0,1,1,1,0,1,1,0,0,1,0
3.524976000,0,0,1,1,1,0,1,1,0,0,1,1
3.525476000,0,0,1,1,1,0,1,1,0,0,1,0
3.525892000,0,0,0,0,0,0,0,0,0,0,0,0
3.525897000,1,0,0,1,1,0,1,1,0,0,1,0
3.525976000,1,0,0,1,1,0,1,1,0,0,1,1
3.526476000,1,0,0,1,1,0,1,1,0,0,1,0
3.526892000,0,0,0,0,0,0,0,0,0,0,0,0
3.526897000,1,0,1,1,1,1,0,1,0,0,1,0
3.526976000,1,0,1,1,1,1,0,1,0,0,1,1
3.527476000,1,0,1,1,1,1,0,1,0,0,1,0
3.527892000,0,0,0,0,0,0,0,0,0,0,0,0
3.527897000,1,0,1,0,1,0,1,1,0,0,1,0
3.527976000,1,0,1,0,1,0,1,1,0,0,1,1
3.528476000,1,0,1,0,1,0,1,1,0,0,1,0
3.528892000,0,0,0,0,0,0,0,0,0,0,0,0
3.528897000,0,0,1,1,0,0,1,1,0,0,1,0
3.528976000,0,0,1,1,0,0,1,1,0,0,1,1
3.529476000,0,0,1,1,0,0,1,1,0,0,1,0
3.529892000,0,0,0,0,0,0,0,0,0,0,0,0
3.529897000,1,1,1,0,1,0,1,1,0,0,1,0
3.529976000,1,1,1,0,1,0,1,1,0,0,1,1
3.530476000,1,1,1,0,1,0,1,1,0,0,1,0
3.530892000,0,0,0,0,0,0,0,0,0,0,0,0
3.530897000,1,0,1,1,1,0,1,1,0,0,1,0
3.530976000,1,0,1,1,1,0,1,1,0,0,1,1
3.531476000,1,0,1,1,1,0,1,1,0,0,1,0
3.531892000,0,0,0,0,0,0,0,0,0,0,0,0
3.531897000,1,1,1,1,1,0,1,1,0,0,1,0
3.531976000,1,1,1,1,1,0,1,1,0,0,1,1
3.532476000,1,1,1,1,1,0,1,1,0,0,1,0
3.532892000,0,0,0,0,0,0,0,0,0,0,0,0
3.532897000,1,0,1,0,1,0,1,1,0,0,1,0
3.532976000,1,0,1,0,1,0,1,1,0,0,1,1
3.533476000,1,0,1,0,1,0,1,1,0,0,1,0
3.533892000,0,0,0,0,0,0,0,0,0,0,0,0
3.533897000,1,1,1,1,0,0,1,1,0,0,1,0
3.533976000,1,1,1,1,0,0,1,1,0,0,1,1
3.534476000,1,1,1,1,0,0,1,1,0,0,1,0
3.534892000,0,0,0,0,0,0,0,0,0,0,0,0
3.534897000,1,1,0,0,0,0,1,1,0,0,1,0
3.534976000,1,1,0,0,0,0,1,1,0,0,1,1
3.535476000,1,1,0,0,0,0,1,1,0,0,1,0
3.535892000,0,0,0,0,0,0,0,0,0,0,0,0
3.535897000,0,0,0,0,1,0,1,1,0,0,1,0
3.535976000,0,0,0,0,1,0,1,1,0,0,1,1
3.536476000,0,0,0,0,1,0,1,1,0,0,1,0
3.536892000,0,0,0,0,0,0,0,0,0,0,0,0
3.536897000,1,0,1,1,1,1,0,1,0,0,1,0
3.536976000,1,0,1,1,1,1,0,1,0,0,1,1
3.537476000,1,0,1,1,1,1,0,1,0,0,1,0
3.537892000,0,0,0,0,0,0,0,0,0,0,0,0
3.537897000,1,1,1,0,0,0,1,1,0,0,1,0
3.537976000,1,1,1,0,0,0,1,1,0,0,1,1
3.538476000,1,1,1,0,0,0,1,1,0,0,1,0
3.538892000,0,0,0,0,0,0,0,0,0,0,0,0
3.538897000,0,0,1,0,1,0,1,1,0,0,1,0
3.538976000,0,0,1,0,1,0,1,1,0,0,1,1
3.539476000,0,0,1,0,1,0,1,1,0,0,1,0
3.539892000,0,0,0,0,0,0,0,0,0,0,0,0
3.539897000,1,1,1,1,1,0,1,1,0,0,1,0
3.539976000,1,1,1,1,1,0,1,1,0,0,1,1
3.540476000,1,1,1,1,1,0,1,1,0,0,1,0
3.540892000,0,0,0,0,0,0,0,0,0,0,0,0
3.540897000,1,1,1,1,1,1,0,1,0,0,1,0
3.540976000,1,1,1,1,1,1,0,1,0,0,1,1
3.541476000,1,1,1,1,1,1,0,1,0,0,1,0
3.541892000,0,0,0,0,0,0,0,0,0,0,0,0
3.541897000,0,0,0,0,1,0,1,1,0,0,1,0
3.541976000,0,0,0,0,1,0,1,1,0,0,1,1
3.542476000,0,0,0,0,1,0,1,1,0,0,1,0
3.542892000,0,0,0,0,0,0,0,0,0,0,0,0
3.542897000,0,1,0,1,0,0,1,1,0,0,1,0
3.542976000,0,1,0,1,0,0,1,1,0,0,1,1
3.543476000,0,1,0,1,0,0,1,1,0,0,1,0
3.543892000,0,0,0,0,0,0,0,0,0,0,0,0
3.543897000,0,0,0,0,0,0,1,1,0,0,1,0
3.543976000,0,0,0,0,0,0,1,1,0,0,1,1
3.544476000,0,0,0,0,0,0,1,1,0,0,1,0
3.544892000,0,0,0,0,0,0,0,0,0,0,0,0
3.544897000,1,1,1,0,1,1,0,1,0,0,1,0
3.544976000,1,1,1,0,1,1,0,1,0,0,1,1
3.545476000,1,1,1,0,1,1,0,1,0,0,1,0
3.545892000,0,0,0,0,0,0,0,0,0,0,0,0
3.545897000,1,1,0,1,1,1,0,1,0,0,1,0
3.545976000,1,1,0,1,1,1,0,1,0,0,1,1
3.546476000,1,1,0,1,1,1,0,1,0,0,1,0
3.546892000,0,0,0,0,0,0,0,0,0,0,0,0
3.546897000,0,1,0,0,1,0,1,1,0,0,1,0
3.546976000,0,1,0,0,1,0,1,1,0,0,1,1
3.547476000,0,1,0,0,1,0,1,1,0,0,1,0
3.547892000,0,0,0,0,0,0,0,0,0,0,0,0
3.547897000,1,1,1,1,1,1,0,1,0,0,1,0
3.547976000,1,1,1,1,1,1,0,1,0,0,1,1
3.548476000,1,1,1,1,1,1,0,1,0,0,1,0
3.548892000,0,0,0,0,0,0,0,0,0,0,0,0
3.548897000,1,1,1,1,0,0,1,1,0,0,1,0
3.548976000,1,1,1,1,0,0,1,1,0,0,1,1
3.549476000,1,1,1,1,0,0,1,1,0,0,1,0
3.549892000,0,0,0,0,0,0,0,0,0,0,0,0
3.549897000,1,1,1,1,1,1,0,1,0,0,1,0
3.549976000,1,1,1,1,1,1,0,1,0,0,1,1
3.550476000,1,1,1,1,1,1,0,1,0,0,1,0
3.550892000,0,0,0,0,0,0,0,0,0,0,0,0
3.550897000,1,0,1,0,0,1,0,1,0,0,1,0
3.550976000,1,0,1,0,0,1,0,1,0,0,1,1
3.551476000,1,0,1,0,0,1,0,1,0,0,1,0
3.551892000,0,0,0,0,0,0,0,0,0,0,0,0
3.551897000,1,1,0,1,0,1,0,1,0,0,1,0
3.551976000,1,1,0,1,0,1,0,1,0,0,1,1
3.552476000,1,1,0,1,0,1,0,1,0,0,1,0
3.552892000,0,0,0,0,0,0,0,0,0,0,0,0
3.552897000,1,0,1,0,1,1,0,1,0,0,1,0
3.552976000,1,0,1,0,1,1,0,1,0,0,1,1
3.553476000,1,0,1,0,1,1,0,1,0,0,1,0
3.553892000,0,0,0,0,0,0,0,0,0,0,0,0
3.553897000,0,0,0,1,1,1,0,1,0,0,1,0
3.553976000,0,0,0,1,1,1,0,1,0,0,1,1
3.554475000,0,0,0,1,1,1,0,1,0,0,1,0
3.554892000,0,0,0,0,0,0,0,0,0,0,0,0
3.554897000,1,1,1,1,0,0,1,1,0,0,1,0
3.554975000,1,1,1,1,0,0,1,1,0,0,1,1
3.555475000,1,1,1,1,0,0,1,1,0,0,1,0
3.555892000,0,0,0,0,0,0,0,0,0,0,0,0
3.555897000,0,0,1,0,1,0,1,1,0,0,1,0
3.555975000,0,0,1,0,1,0,1,1,0,0,1,1
3.556475000,0,0,1,0,1,0,1,1,0,0,1,0
3.556892000,0,0,0,0,0,0,0,0,0,0,0,0
3.556897000,0,1,1,1,0,0,1,1,0,0,1,0
3.556975000,0,1,1,1,0,0,1,1,0,0,1,1
3.557475000,0,1,1,1,0,0,1,1,0,0,1,0
3.557892000,0,0,0,0,0,0,0,0,0,0,0,0
3.557897000,0,0,1,0,0,0,1,1,0,0,1,0
3.557975000,0,0,1,0,0,0,1,1,0,0,1,1
3.558475000,0,0,1,0,0,0,1,1,0,0,1,0
3.558892000,0,0,0,0,0,0,0,0,0,0,0,0
3.558897000,1,0,0,1,0,0,1,1,0,0,1,0
3.558975000,1,0,0,1,0,0,1,1,0,0,1,1
3.559475000,1,0,0,1,0,0,1,1,0,0,1,0
3.559892000,0,0,0,0,0,0,0,0,0,0,0,0
3.559897000,1,1,1,1,1,1,0,1,0,0,1,0
3.559975000,1,1,1,1,1,1,0,1,0,0,1,1
3.560475000,1,1,1,1,1,1,0,1,0,0,1,0
3.560892000,0,0,0,0,0,0,0,0,0,0,0,0
3.560897000,1,1,0,1,0,1,0,1,0,0,1,0
3.560975000,1,1,0,1,0,1,0,1,0,0,1,1
3.561475000,1,1,0,1,0,1,0,1,0,0,1,0
3.561892000,0,0,0,0,0,0,0,0,0,0,0,0
3.561897000,1,1,0,1,0,1,0,1,0,0,1,0
3.561975000,1,1,0,1,0,1,0,1,0,0,1,1
3.562475000,1,1,0,1,0,1,0,1,0,0,1,0
3.562892000,0,0,0,0,0,0,0,0,0,0,0,0
3.562897000,1,1,1,1,0,0,1,1,0,0,1,0
3.562975000,1,1,1,1,0,0,1,1,0,0,1,1
3.563475000,1,1,1,1,0,0,1,1,0,0,1,0
3.563892000,0,0,0,0,0,0,0,0,0,0,0,0
3.563897000,0,1,1,1,0,0,1,1,0,0,1,0
3.563975000,0,1,1,1,0,0,1,1,0,0,1,1
3.564475000,0,1,1,1,0,0,1,1,0,0,1,0
3.564892000,0,0,0,0,0,0,0,0,0,0,0,0
3.564897000,0,1,1,0,1,0,1,1,0,0,1,0
3.564975000,0,1,1,0,1,0,1,1,0,0,1,1
3.565475000,0,1,1,0,1,0,1,1,0,0,1,0
3.565892000,0,0,0,0,0,0,0,0,0,0,0,0
3.565897000,0,1,0,0,0,0,1,1,0,0,1,0
3.565975000,0,1,0,0,0,0,1,1,0,0,1,1
3.566475000,0,1,0,0,0,0,1,1,0,0,1,0
3.566892000,0,0,0,0,0,0,0,0,0,0,0,0
3.566897000,0,0,0,1,1,1,0,1,0,0,1,0
3.566975000,0,0,0,1,1,1,0,1,0,0,1,1
3.567475000,0,0,0,1,1,1,0,1,0,0,1,0
3.567892000,0,0,0,0,0,0,0,0,0,0,0,0
3.567897000,0,0,1,1,1,0,0,1,0,0,1,0
3.567975000,0,0,1,1,1,0,0,1,0,0,1,1
3.568475000,0,0,1,1,1,0,0,1,0,0,1,0
3.568892000,0,0,0,0,0,0,0,0,0,0,0,0
3.568897000,0,0,1,0,0,1,0,1,0,0,1,0
3.568975000,0,0,1,0,0,1,0,1,0,0,1,1
3.569475000,0,0,1,0,0,1,0,1,0,0,1,0
3.569892000,0,0,0,0,0,0,0,0,0,0,0,0
3.569897000,1,1,1,1,1,0,0,1,0,0,1,0
3.569975000,1,1,1,1,1,0,0,1,0,0,1,1
3.570475000,1,1,1,1,1,0,0,1,0,0,1,0
3.570892000,0,0,0,0,0,0,0,0,0,0,0,0
3.570897000,1,1,0,1,0,1,0,1,0,0,1,0
3.570975000,1,1,0,1,0,1,0,1,0,0,1,1
3.571475000,1,1,0,1,0,1,0,1,0,0,1,0
3.571892000,0,0,0,0,0,0,0,0,0,0,0,0
3.571897000,0,1,1,1,1,1,0,1,0,0,1,0
3.571975000,0,1,1,1,1,1,0,1,0,0,1,1
3.572475000,0,1,1,1,1,1,0,1,0,0,1,0
3.572892000,0,0,0,0,0,0,0,0,0,0,0,0
3.572897000,0,0,0,0,1,0,1,1,0,0,1,0
3.572975000,0,0,0,0,1,0,1,1,0,0,1,1
3.573475000,0,0,0,0,1,0,1,1,0,0,1,0
3.573892000,0,0,0,0,0,0,0,0,0,0,0,0
3.573897000,0,1,1,1,1,1,0,1,0,0,1,0
3.573975000,0,1,1,1,1,1,0,1,0,0,1,1
3.574475000,0,1,1,1,1,1,0,1,0,0,1,0
3.574892000,0,0,0,0,0,0,0,0,0,0,0,0
3.574897000,0,1,0,1,1,1,0,1,0,0,1,0
3.574975000,0,1,0,1,1,1,0,1,0,0,1,1
3.575475000,0,1,0,1,1,1,0,1,0,0,1,0
3.575892000,0,0,0,0,0,0,0,0,0,0,0,0
3.575897000,1,1,0,1,0,1,0,1,0,0,1,0
3.575975000,1,1,0,1,0,1,0,1,0,0,1,1
3.576475000,1,1,0,1,0,1,0,1,0,0,1,0
3.576892000,0,0,0,0,0,0,0,0,0,0,0,0
3.576897000,1,0,1,0,1,1,0,1,0,0,1,0
3.576975000,1,0,1,0,1,1,0,1,0,0,1,1
3.577475000,1,0,1,0,1,1,0,1,0,0,1,0
3.577892000,0,0,0,0,0,0,0,0,0,0,0,0
3.577897000,0,1,0,1,0,1,0,1,0,0,1,0
3.577975000,0,1,0,1,0,1,0,1,0,0,1,1
3.578475000,0,1,0,1,0,1,0,1,0,0,1,0
3.578892000,0,0,0,0,0,0,0,0,0,0,0,0
3.578897000,0,0,0,1,0,0,1,1,0,0,1,0
3.578975000,0,0,0,1,0,0,1,1,0,0,1,1
3.579475000,0,0,0,1,0,0,1,1,0,0,1,0
3.579892000,0,0,0,0,0,0,0,0,0,0,0,0
3.579897000,0,1,0,0,0,1,1,1,0,0,1,0
3.579975000,0,1,0,0,0,1,1,1,0,0,1,1
3.580475000,0,1,0,0,0,1,1,1,0,0,1,0
3.580892000,0,0,0,0,0,0,0,0,0,0,0,0
3.580897000,1,1,0,1,0,1,1,1,0,0,1,0
3.580975000,1,1,0,1,0,1,1,1,0,0,1,1
3.581475000,1,1,0,1,0,1,1,1,0,0,1,0
3.581892000,0,0,0,0,0,0,0,0,0,0,0,0
3.581897000,1,0,1,1,1,0,1,1,0,0,1,0
3.581975000,1,0,1,1,1,0,1,1,0,0,1,1
3.582475000,1,0,1,1,1,0,1,1,0,0,1,0
3.582892000,0,0,0,0,0,0,0,0,0,0,0,0
3.582897000,1,1,1,0,0,0,1,1,0,0,1,0
3.582975000,1,1,1,0,0,0,1,1,0,0,1,1
3.583475000,1,1,1,0,0,0,1,1,0,0,1,0
3.583892000,0,0,0,0,0,0,0,0,0,0,0,0
3.583897000,0,0,0,1,0,1,0,1,0,0,1,0
3.583975000,0,0,0,1,0,1,0,1,0,0,1,1
3.584475000,0,0,0,1,0,1,0,1,0,0,1,0
3.584892000,0,0,0,0,0,0,0,0,0,0,0,0
3.584897000,1,1,1,0,1,0,0,1,0,0,1,0
3.584975000,1,1,1,0,1,0,0,1,0,0,1,1
3.585475000,1,1,1,0,1,0,0,1,0,0,1,0
3.585892000,0,0,0,0,0,0,0,0,0,0,0,0
3.585897000,0,1,0,1,0,0,0,1,0,0,1,0
3.585975000,0,1,0,1,0,0,0,1,0,0,1,1
3.586475000,0,1,0,1,0,0,0,1,0,0,1,0
3.586892000,0,0,0,0,0,0,0,0,0,0,0,0
3.586897000,0,1,1,1,1,0,0,1,0,0,1,0
3.586975000,0,1,1,1,1,0,0,1,0,0,1,1
3.587475000,0,1,1,1,1,0,0,1,0,0,1,0
3.587892000,0,0,0,0,0,0,0,0,0,0,0,0
3.587897000,1,1,1,1,0,1,0,1,0,0,1,0
3.587975000,1,1,1,1,0,1,0,1,0,0,1,1
3.588475000,1,1,1,1,0,1,0,1,0,0,1,0
3.588892000,0,0,0,0,0,0,0,0,0,0,0,0
3.588897000,1,0,1,0,0,1,1,1,0,0,1,0
3.588975000,1,0,1,0,0,1,1,1,0,0,1,1
3.589475000,1,0,1,0,0,1,1,1,0,0,1,0
3.589892000,0,0,0,0,0,0,0,0,0,0,0,0
3.589897000,1,0,0,0,0,1,1,1,0,0,1,0
3.589975000,1,0,0,0,0,1,1,1,0,0,1,1
3.590475000,1,0,0,0,0,1,1,1,0,0,1,0
3.590892000,0,0,0,0,0,0,0,0,0,0,0,0
3.590897000,0,1,0,0,1,0,1,1,0,0,1,0
3.590975000,0,1,0,0,1,0,1,1,0,0,1,1
3.591475000,0,1,0,0,1,0,1,1,0,0,1,0
3.591892000,0,0,0,0,0,0,0,0,0,0,0,0
3.591897000,0,0,0,0,1,0,1,1,0,0,1,0
3.591975000,0,0,0,0,1,0,1,1,0,0,1,1
3.592475000,0,0,0,0,1,0,1,1,0,0,1,0
3.592892000,0,0,0,0,0,0,0,0,0,0,0,0
3.592897000,0,0,0,1,0,0,1,1,0,0,1,0
3.592975000,0,0,0,1,0,0,1,1,0,0,1,1
3.593475000,0,0,0,1,0,0,1,1,0,0,1,0
3.593892000,0,0,0,0,0,0,0,0,0,0,0,0
3.593897000,1,1,0,1,0,1,0,1,0,0,1,0
3.593975000,1,1,0,1,0,1,0,1,0,0,1,1
3.594475000,1,1,0,1,0,1,0,1,0,0,1,0
3.594892000,0,0,0,0,0,0,0,0,0,0,0,0
3.594897000,1,0,1,1,1,1,0,1,0,0,1,0
3.594975000,1,0,1,1,1,1,0,1,0,0,1,1
3.595475000,1,0,1,1,1,1,0,1,0,0,1,0
3.595892000,0,0,0,0,0,0,0,0,0,0,0,0
3.595897000,1,1,1,1,1,0,1,1,0,0,1,0
3.595975000,1,1,1,1,1,0,1,1,0,0,1,1
3.596475000,1,1,1,1,1,0,1,1,0,0,1,0
3.596892000,0,0,0,0,0,0,0,0,0,0,0,0
3.596897000,0,0,0,0,0,0,0,0,1,0,1,0
3.596975000,0,0,0,0,0,0,0,0,1,0,1,1
3.597475000,0,0,0,0,0,0,0,0,1,0,1,0
3.597892000,0,0,0,0,0,0,0,0,0,0,0,0
3.597897000,1,1,1,1,0,1,1,1,0,0,1,0
3.597975000,1,1,1,1,0,1,1,1,0,0,1,1
3.598475000,1,1,1,1,0,1,1,1,0,0,1,0
3.598892000,0,0,0,0,0,0,0,0,0,0,0,0
3.598897000,1,0,0,1,1,0,1,1,0,0,1,0
3.598975000,1,0,0,1,1,0,1,1,0,0,1,1
3.599475000,1,0,0,1,1,0,1,1,0,0,1,0
3.599892000,0,0,0,0,0,0,0,0,0,0,0,0
3.599897000,0,0,0,0,1,1,0,1,0,0,1,0
3.599975000,0,0,0,0,1,1,0,1,0,0,1,1
3.600475000,0,0,0,0,1,1,0,1,0,0,1,0
3.600892000,0,0,0,0,0,0,0,0,0,0,0,0
3.600897000,1,0,0,0,1,0,0,1,0,0,1,0
3.600975000,1,0,0,0,1,0,0,1,0,0,1,1
3.601475000,1,0,0,0,1,0,0,1,0,0,1,0
3.601892000,0,0,0,0,0,0,0,0,0,0,0,0
3.601897000,1,0,1,0,1,0,0,1,0,0,1,0
3.601975000,1,0,1,0,1,0,0,1,0,0,1,1
3.602475000,1,0,1,0,1,0,0,1,0,0,1,0
3.602892000,0,0,0,0,0,0,0,0,0,0,0,0
3.602897000,1,1,0,0,0,0,1,1,0,0,1,0
3.602975000,1,1,0,0,0,0,1,1,0,0,1,1
3.603475000,1,1,0,0,0,0,1,1,0,0,1,0
3.603892000,0,0,0,0,0,0,0,0,0,0,0,0
3.603897000,0,1,0,0,0,1,1,1,0,0,1,0
3.603975000,0,1,0,0,0,1,1,1,0,0,1,1
3.604475000,0,1,0,0,0,1,1,1,0,0,1,0
3.604892000,0,0,0,0,0,0,0,0,0,0,0,0
3.604897000,0,0,0,0,0,0,0,0,1,0,1,0
3.604975000,0,0,0,0,0,0,0,0,1,0,1,1
3.605475000,0,0,0,0,0,0,0,0,1,0,1,0
3.605892000,0,0,0,0,0,0,0,0,0,0,0,0
3.605897000,0,0,0,1,0,0,0,0,1,0,1,0
3.605975000,0,0,0,1,0,0,0,0,1,0,1,1
3.606475000,0,0,0,1,0,0,0,0,1,0,1,0
3.606892000,0,0,0,0,0,0,0,0,0,0,0,0
3.606897000,0,0,0,0,0,0,0,0,1,0,1,0
3.606975000,0,0,0,0,0,0,0,0,1,0,1,1
3.607475000,0,0,0,0,0,0,0,0,1,0,1,0
3.607892000,0,0,0,0,0,0,0,0,0,0,0,0
3.607897000,0,0,0,0,1,0,1,1,0,0,1,0
3.607975000,0,0,0,0,1,0,1,1,0,0,1,1
3.608475000,0,0,0,0,1,0,1,1,0,0,1,0
3.608892000,0,0,0,0,0,0,0,0,0,0,0,0
3.608897000,1,1,1,0,1,1,0,1,0,0,1,0
3.608975000,1,1,1,0,1,1,0,1,0,0,1,1
3.609475000,1,1,1,0,1,1,0,1,0,0,1,0
3.609892000,0,0,0,0,0,0,0,0,0,0,0,0
3.609897000,1,0,0,0,1,1,0,1,0,0,1,0
3.609975000,1,0,0,0,1,1,0,1,0,0,1,1
3.610475000,1,0,0,0,1,1,0,1,0,0,1,0
3.610892000,0,0,0,0,0,0,0,0,0,0,0,0
3.610897000,0,1,0,0,0,0,1,1,0,0,1,0
3.610975000,0,1,0,0,0,0,1,1,0,0,1,1
3.611475000,0,1,0,0,0,0,1,1,0,0,1,0
3.611892000,0,0,0,0,0,0,0,0,0,0,0,0
3.611897000,1,1,1,1,0,1,1,1,0,0,1,0
3.611975000,1,1,1,1,0,1,1,1,0,0,1,1
3.612475000,1,1,1,1,0,1,1,1,0,0,1,0
3.612892000,0,0,0,0,0,0,0,0,0,0,0,0
3.612897000,0,0,0,0,0,1,0,0,1,0,1,0
3.612975000,0,0,0,0,0,1,0,0,1,0,1,1
3.613475000,0,0,0,0,0,1,0,0,1,0,1,0
3.613892000,0,0,0,0,0,0,0,0,0,0,0,0
3.613897000,1,1,1,1,0,1,0,0,1,0,1,0
3.613975000,1,1,1,1,0,1,0,0,1,0,1,1
3.614475000,1,1,1,1,0,1,0,0,1,0,1,0
3.614892000,0,0,0,0,0,0,0,0,0,0,0,0
3.614897000,1,0,1,1,0,0,0,0,1,0,1,0
3.614975000,1,0,1,1,0,0,0,0,1,0,1,1
3.615475000,1,0,1,1,0,0,0,0,1,0,1,0
3.615892000,0,0,0,0,0,0,0,0,0,0,0,0
3.615897000,1,1,1,1,1,1,0,1,0,0,1,0
3.615975000,1,1,1,1,1,1,0,1,0,0,1,1
3.616475000,1,1,1,1,1,1,0,1,0,0,1,0
3.616892000,0,0,0,0,0,0,0,0,0,0,0,0
3.616897000,1,1,0,1,0,0,0,1,0,0,1,0
3.616975000,1,1,0,1,0,0,0,1,0,0,1,1
3.617475000,1,1,0,1,0,0,0,1,0,0,1,0
3.617892000,0,0,0,0,0,0,0,0,0,0,0,0
3.617897000,0,0,0,0,1,0,1,0,0,0,1,0
3.617975000,0,0,0,0,1,0,1,0,0,0,1,1
3.618475000,0,0,0,0,1,0,1,0,0,0,1,0
3.618892000,0,0,0,0,0,0,0,0,0,0,0,0
3.618897000,1,1,0,1,1,0,1,0,0,0,1,0
3.618975000,1,1,0,1,1,0,1,0,0,0,1,1
3.619475000,1,1,0,1,1,0,1,0,0,0,1,0
3.619892000,0,0,0,0,0,0,0,0,0,0,0,0
3.619897000,0,0,1,0,1,0,0,1,0,0,1,0
3.619975000,0,0,1,0,1,0,0,1,0,0,1,1
3.620475000,0,0,1,0,1,0,0,1,0,0,1,0
3.620892000,0,0,0,0,0,0,0,0,0,0,0,0
3.620897000,1,1,1,1,0,0,1,1,0,0,1,0
3.620975000,1,1,1,1,0,0,1,1,0,0,1,1
3.621475000,1,1,1,1,0,0,1,1,0,0,1,0
3.621892000,0,0,0,0,0,0,0,0,0,0,0,0
3.621897000,1,1,1,0,1,0,0,0,1,0,1,0
3.621975000,1,1,1,0,1,0,0,0,1,0,1,1
3.622475000,1,1,1,0,1,0,0,0,1,0,1,0
3.622892000,0,0,0,0,0,0,0,0,0,0,0,0
3.622897000,1,0,0,0,1,0,1,0,1,0,1,0
3.622975000,1,0,0,0,1,0,1,0,1,0,1,1
3.623475000,1,0,0,0,1,0,1,0,1,0,1,0
3.623892000,0,0,0,0,0,0,0,0,0,0,0,0
3.623897000,1,0,0,1,1,0,1,0,1,0,1,0
3.623975000,1,0,0,1,1,0,1,0,1,0,1,1
3.624475000,1,0,0,1,1,0,1,0,1,0,1,0
3.624892000,0,0,0,0,0,0,0,0,0,0,0,0
3.624897000,0,1,1,1,0,0,0,0,1,0,1,0
3.624975000,0,1,1,1,0,0,0,0,1,0,1,1
3.625475000,0,1,1,1,0,0,0,0,1,0,1,0
3.625892000,0,0,0,0,0,0,0,0,0,0,0,0
3.625897000,0,1,0,0,0,1,1,1,0,0,1,0
3.625975000,0,1,0,0,0,1,1,1,0,0,1,1
3.626475000,0,1,0,0,0,1,1,1,0,0,1,0
3.626892000,0,0,0,0,0,0,0,0,0,0,0,0
3.626897000,0,0,1,0,1,0,0,1,0,0,1,0
3.626975000,0,0,1,0,1,0,0,1,0,0,1,1
3.627475000,0,0,1,0,1,0,0,1,0,0,1,0
3.627892000,0,0,0,0,0,0,0,0,0,0,0,0
3.627897000,1,1,1,1,0,0,0,1,0,0,1,0
3.627975000,1,1,1,1,0,0,0,1,0,0,1,1
3.628475000,1,1,1,1,0,0,0,1,0,0,1,0
3.628892000,0,0,0,0,0,0,0,0,0,0,0,0
3.628897000,0,1,0,0,1,1,1,0,0,0,1,0
3.628975000,0,1,0,0,1,1,1,0,0,0,1,1
3.629475000,0,1,0,0,1,1,1,0,0,0,1,0
3.629892000,0,0,0,0,0,0,0,0,0,0,0,0
3.629897000,1,0,0,1,0,1,0,1,0,0,1,0
3.629975000,1,0,0,1,0,1,0,1,0,0,1,1
3.630475000,1,0,0,1,0,1,0,1,0,0,1,0
3.630892000,0,0,0,0,0,0,0,0,0,0,0,0
3.630897000,1,1,1,1,0,0,1,1,0,0,1,0
3.630975000,1,1,1,1,0,0,1,1,0,0,1,1
3.631475000,1,1,1,1,0,0,1,1,0,0,1,0
3.631892000,0,0,0,0,0,0,0,0,0,0,0,0
3.631897000,1,0,1,0,1,0,1,1,0,0,1,0
3.631975000,1,0,1,0,1,0,1,1,0,0,1,1
3.632475000,1,0,1,0,1,0,1,1,0,0,1,0
3.632892000,0,0,0,0,0,0,0,0,0,0,0,0
3.632897000,1,1,1,1,1,0,1,1,0,0,1,0
3.632975000,1,1,1,1,1,0,1,1,0,0,1,1
3.633475000,1,1,1,1,1,0,1,1,0,0,1,0
3.633892000,0,0,0,0,0,0,0,0,0,0,0,0
3.633897000,0,0,0,0,1,0,1,1,0,0,1,0
3.633975000,0,0,0,0,1,0,1,1,0,0,1,1
3.634475000,0,0,0,0,1,0,1,1,0,0,1,0
3.634892000,0,0,0,0,0,0,0,0,0,0,0,0
3.634897000,0,0,0,0,1,0,1,1,0,0,1,0
3.634975000,0,0,0,0,1,0,1,1,0,0,1,1
3.635475000,0,0,0,0,1,0,1,1,0,0,1,0
3.635892000,0,0,0,0,0,0,0,0,0,0,0,0
3.635897000,1,0,0,1,1,0,1,1,0,0,1,0
3.635975000,1,0,0,1,1,0,1,1,0,0,1,1
3.636475000,1,0,0,1,1,0,1,1,0,0,1,0
3.636892000,0,0,0,0,0,0,0,0,0,0,0,0
3.636897000,1,1,0,1,1,0,1,1,0,0,1,0
3.636975000,1,1,0,1,1,0,1,1,0,0,1,1
3.637475000,1,1,0,1,1,0,1,1,0,0,1,0
3.637892000,0,0,0,0,0,0,0,0,0,0,0,0
3.637897000,1,1,0,0,1,0,1,1,0,0,1,0
3.637975000,1,1,0,0,1,0,1,1,0,0,1,1
3.638475000,1,1,0,0,1,0,1,1,0,0,1,0
3.638892000,0,0,0,0,0,0,0,0,0,0,0,0
3.638897000,0,0,1,0,0,0,1,1,0,0,1,0
3.638975000,0,0,1,0,0,0,1,1,0,0,1,1
3.639475000,0,0,1,0,0,0,1,1,0,0,1,0
3.639892000,0,0,0,0,0,0,0,0,0,0,0,0
3.639897000,0,0,1,1,0,0,1,1,0,0,1,0
3.639975000,0,0,1,1,0,0,1,1,0,0,1,1
3.640475000,0,0,1,1,0,0,1,1,0,0,1,0
3.640892000,0,0,0,0,0,0,0,0,0,0,0,0
3.640897000,0,1,0,1,0,0,1,1,0,0,1,0
3.640975000,0,1,0,1,0,0,1,1,0,0,1,1
3.641475000,0,1,0,1,0,0,1,1,0,0,1,0
3.641892000,0,0,0,0,0,0,0,0,0,0,0,0
3.641897000,0,1,1,1,1,1,0,1,0,0,1,0
3.641975000,0,1,1,1,1,1,0,1,0,0,1,1
3.642475000,0,1,1,1,1,1,0,1,0,0,1,0
3.642892000,0,0,0,0,0,0,0,0,0,0,0,0
3.642897000,1,1,1,1,0,0,1,1,0,0,1,0
3.642975000,1,1,1,1,0,0,1,1,0,0,1,1
3.643475000,1,1,1,1,0,0,1,1,0,0,1,0
3.643892000,0,0,0,0,0,0,0,0,0,0,0,0
3.643897000,0,1,0,1,1,1,0,1,0,0,1,0
3.643975000,0,1,0,1,1,1,0,1,0,0,1,1
3.644475000,0,1,0,1,1,1,0,1,0,0,1,0
3.644892000,0,0,0,0,0,0,0,0,0,0,0,0
3.644897000,0,1,1,0,1,1,0,1,0,0,1,0
3.644975000,0,1,1,0,1,1,0,1,0,0,1,1
3.645475000,0,1,1,0,1,1,0,1,0,0,1,0
3.645892000,0,0,0,0,0,0,0,0,0,0,0,0
3.645897000,1,0,1,1,1,1,0,1,0,0,1,0
3.645975000,1,0,1,1,1,1,0,1,0,0,1,1
3.646475000,1,0,1,1,1,1,0,1,0,0,1,0
3.646892000,0,0,0,0,0,0,0,0,0,0,0,0
3.646897000,0,1,1,1,1,1,0,1,0,0,1,0
3.646975000,0,1,1,1,1,1,0,1,0,0,1,1
3.647475000,0,1,1,1,1,1,0,1,0,0,1,0
3.647892000,0,0,0,0,0,0,0,0,0,0,0,0
3.647897000,1,1,1,1,1,1,0,1,0,0,1,0
3.647975000,1,1,1,1,1,1,0,1,0,0,1,1
3.648475000,1,1,1,1,1,1,0,1,0,0,1,0
3.648892000,0,0,0,0,0,0,0,0,0,0,0,0
3.648897000,0,0,0,1,0,0,1,1,0,0,1,0
3.648975000,0,0,0,1,0,0,1,1,0,0,1,1
3.649475000,0,0,0,1,0,0,1,1,0,0,1,0
3.649892000,0,0,0,0,0,0,0,0,0,0,0,0
3.649897000,1,1,1,1,1,1,0,1,0,0,1,0
3.649975000,1,1,1,1,1,1,0,1,0,0,1,1
3.650475000,1,1,1,1,1,1,0,1,0,0,1,0
3.650892000,0,0,0,0,0,0,0,0,0,0,0,0
3.650897000,1,1,1,0,1,1,0,1,0,0,1,0
3.650975000,1,1,1,0,1,1,0,1,0,0,1,1
3.651475000,1,1,1,0,1,1,0,1,0,0,1,0
3.651891000,1,1,1,0,1,1,0,1,0,0,0,0
3.651892000,0,0,0,0,0,0,0,0,0,0,0,0
3.651897000,1,0,0,1,0,0,1,1,0,0,1,0
3.651975000,1,0,0,1,0,0,1,1,0,0,1,1
3.652475000,1,0,0,1,0,0,1,1,0,0,1,0
3.652891000,1,0,0,1,0,0,1,1,0,0,0,0
3.652892000,0,0,0,0,0,0,0,0,0,0,0,0
3.652897000,1,1,1,1,1,1,0,1,0,0,1,0
3.652975000,1,1,1,1,1,1,0,1,0,0,1,1
3.653475000,1,1,1,1,1,1,0,1,0,0,1,0
3.653891000,1,1,1,1,1,1,0,1,0,0,0,0
3.653892000,0,0,0,0,0,0,0,0,0,0,0,0
3.653897000,0,1,1,1,1,1,0,1,0,0,1,0
3.653975000,0,1,1,1,1,1,0,1,0,0,1,1
3.654475000,0,1,1,1,1,1,0,1,0,0,1,0
3.654891000,0,1,1,1,1,1,0,1,0,0,0,0
3.654892000,0,0,0,0,0,0,0,0,0,0,0,0
3.654897000,1,1,1,1,0,1,0,1,0,0,1,0
3.654975000,1,1,1,1,0,1,0,1,0,0,1,1
3.655475000,1,1,1,1,0,1,0,1,0,0,1,0
3.655891000,1,1,1,1,0,1,0,1,0,0,0,0
3.655892000,0,0,0,0,0,0,0,0,0,0,0,0
3.655897000,1,0,1,1,0,1,0,1,0,0,1,0
3.655975000,1,0,1,1,0,1,0,1,0,0,1,1
3.656475000,1,0,1,1,0,1,0,1,0,0,1,0
3.656891000,1,0,0,1,0,1,0,1,0,0,1,0
3.656892000,0,0,0,0,0,0,0,0,0,0,0,0
3.656897000,0,1,1,0,1,1,0,1,0,0,1,0
3.656975000,0,1,1,0,1,1,0,1,0,0,1,1
3.657475000,0,1,1,0,1,1,0,1,0,0,1,0
3.657891000,0,0,0,0,0,0,0,0,0,0,0,0
3.657897000,1,0,1,1,0,0,1,1,0,0,1,0
3.657975000,1,0,1,1,0,0,1,1,0,0,1,1
3.658475000,1,0,1,1,0,0,1,1,0,0,1,0
3.658891000,0,0,0,0,0,0,0,0,0,0,0,0
3.658897000,0,1,1,1,1,1,0,1,0,0,1,0
3.658975000,0,1,1,1,1,1,0,1,0,0,1,1
3.659475000,0,1,1,1,1,1,0,1,0,0,1,0
3.659891000,0,0,0,0,0,0,0,0,0,0,0,0
3.659897000,0,1,1,1,1,1,0,1,0,0,1,0
3.659975000,0,1,1,1,1,1,0,1,0,0,1,1
3.660475000,0,1,1,1,1,1,0,1,0,0,1,0
3.660891000,0,0,0,0,0,0,0,0,0,0,0,0
3.660897000,1,1,1,1,1,1,0,1,0,0,1,0
3.660975000,1,1,1,1,1,1,0,1,0,0,1,1
3.661475000,1,1,1,1,1,1,0,1,0,0,1,0
3.661891000,0,0,0,0,0,0,0,0,0,0,0,0
3.661897000,0,0,1,0,1,1,0,1,0,0,1,0
3.661975000,0,0,1,0,1,1,0,1,0,0,1,1
3.662475000,0,0,1,0,1,1,0,1,0,0,1,0
3.662891000,0,0,0,0,0,0,0,0,0,0,0,0
3.662897000,1,1,1,0,1,1,0,1,0,0,1,0
3.662975000,1,1,1,0,1,1,0,1,0,0,1,1
3.663475000,1,1,1,0,1,1,0,1,0,0,1,0
3.663891000,0,0,0,0,0,0,0,0,0,0,0,0
3.663896000,0,0,0,0,0,0,1,1,0,0,0,0
3.663897000,1,1,0,0,0,0,1,1,0,0,1,0
3.663975000,1,1,0,0,0,0,1,1,0,0,1,1
3.664475000,1,1,0,0,0,0,1,1,0,0,1,0
3.664891000,0,0,0,0,0,0,0,0,0,0,0,0
3.664896000,0,0,0,0,1,1,0,1,0,0,0,0
3.664897000,1,1,0,1,1,1,0,1,0,0,1,0
3.664975000,1,1,0,1,1,1,0,1,0,0,1,1
3.665475000,1,1,0,1,1,1,0,1,0,0,1,0
3.665891000,0,0,0,0,0,0,0,0,0,0,0,0
3.665896000,0,0,1,1,1,1,0,1,0,0,0,0
3.665897000,1,0,1,1,1,1,0,1,0,0,1,0
3.665975000,1,0,1,1,1,1,0,1,0,0,1,1
3.666475000,1,0,1,1,1,1,0,1,0,0,1,0
3.666891000,0,0,0,0,0,0,0,0,0,0,0,0
3.666896000,0,0,1,0,0,0,1,1,0,0,1,0
3.666975000,0,0,1,0,0,0,1,1,0,0,1,1
3.667475000,0,0,1,0,0,0,1,1,0,0,1,0
3.667891000,0,0,0,0,0,0,0,0,0,0,0,0
3.667896000,0,0,1,0,1,0,1,1,0,0,1,0
3.667975000,0,0,1,0,1,0,1,1,0,0,1,1
3.668475000,0,0,1,0,1,0,1,1,0,0,1,0
3.668891000,0,0,0,0,0,0,0,0,0,0,0,0
3.668896000,0,1,0,1,1,1,0,1,0,0,1,0
3.668975000,0,1,0,1,1,1,0,1,0,0,1,1
3.669475000,0,1,0,1,1,1,0,1,0,0,1,0
3.669891000,0,0,0,0,0,0,0,0,0,0,0,0
3.669896000,1,0,1,0,1,1,0,1,0,0,1,0
3.669975000,1,0,1,0,1,1,0,1,0,0,1,1
3.670475000,1,0,1,0,1,1,0,1,0,0,1,0
3.670891000,0,0,0,0,0,0,0,0,0,0,0,0
3.670896000,0,0,1,1,1,1,0,1,0,0,1,0
3.670975000,0,0,1,1,1,1,0,1,0,0,1,1
3.671475000,0,0,1,1,1,1,0,1,0,0,1,0
3.671891000,0,0,0,0,0,0,0,0,0,0,0,0
3.671896000,1,1,0,1,1,1,0,1,0,0,1,0
3.671975000,1,1,0,1,1,1,0,1,0,0,1,1
3.672475000,1,1,0,1,1,1,0,1,0,0,1,0
3.672891000,0,0,0,0,0,0,0,0,0,0,0,0
3.672896000,0,0,0,0,1,0,1,1,0,0,1,0
3.672975000,0,0,0,0,1,0,1,1,0,0,1,1
3.673475000,0,0,0,0,1,0,1,1,0,0,1,0
3.673891000,0,0,0,0,0,0,0,0,0,0,0,0
3.673896000,1,0,1,0,1,0,1,1,0,0,1,0
3.673975000,1,0,1,0,1,0,1,1,0,0,1,1
3.674475000,1,0,1,0,1,0,1,1,0,0,1,0
3.674891000,0,0,0,0,0,0,0,0,0,0,0,0
3.674896000,1,0,1,1,1,1,0,1,0,0,1,0
3.674975000,1,0,1,1,1,1,0,1,0,0,1,1
3.675475000,1,0,1,1,1,1,0,1,0,0,1,0
3.675891000,0,0,0,0,0,0,0,0,0,0,0,0
3.675896000,1,1,1,1,1,1,0,1,0,0,1,0
3.675975000,1,1,1,1,1,1,0,1,0,0,1,1
3.676475000,1,1,1,1,1,1,0,1,0,0,1,0
3.676891000,0,0,0,0,0,0,0,0,0,0,0,0
3.676896000,1,1,1,1,1,1,0,1,0,0,1,0
3.676975000,1,1,1,1,1,1,0,1,0,0,1,1
3.677475000,1,1,1,1,1,1,0,1,0,0,1,0
3.677891000,0,0,0,0,0,0,0,0,0,0,0,0
3.677896000,1,1,1,1,1,1,0,1,0,0,1,0
3.677975000,1,1,1,1,1,1,0,1,0,0,1,1
3.678475000,1,1,1,1,1,1,0,1,0,0,1,0
3.678891000,0,0,0,0,0,0,0,0,0,0,0,0
3.678896000,1,1,1,1,0,1,0,1,0,0,1,0
3.678975000,1,1,1,1,0,1,0,1,0,0,1,1
3.679475000,1,1,1,1,0,1,0,1,0,0,1,0
3.679891000,0,0,0,0,0,0,0,0,0,0,0,0
3.679896000,1,1,1,1,1,1,0,1,0,0,1,0
3.679975000,1,1,1,1,1,1,0,1,0,0,1,1
3.680475000,1,1,1,1,1,1,0,1,0,0,1,0
3.680891000,0,0,0,0,0,0,0,0,0,0,0,0
3.680896000,0,0,1,0,0,0,1,1,0,0,1,0
3.680975000,0,0,1,0,0,0,1,1,0,0,1,1
3.681475000,0,0,1,0,0,0,1,1,0,0,1,0
3.681891000,0,0,0,0,0,0,0,0,0,0,0,0
3.681896000,1,0,1,1,0,0,1,1,0,0,1,0
3.681975000,1,0,1,1,0,0,1,1,0,0,1,1
3.682475000,1,0,1,1,0,0,1,1,0,0,1,0
3.682891000,0,0,0,0,0,0,0,0,0,0,0,0
3.682896000,0,1,1,0,1,0,1,1,0,0,1,0
3.682975000,0,1,1,0,1,0,1,1,0,0,1,1
3.683475000,0,1,1,0,1,0,1,1,0,0,1,0
3.683891000,0,0,0,0,0,0,0,0,0,0,0,0
3.683896000,0,0,0,0,1,0,1,1,0,0,1,0
3.683975000,0,0,0,0,1,0,1,1,0,0,1,1
3.684475000,0,0,0,0,1,0,1,1,0,0,1,0
3.684891000,0,0,0,0,0,0,0,0,0,0,0,0
3.684896000,0,1,0,1,0,0,1,1,0,0,1,0
3.684975000,0,1,0,1,0,0,1,1,0,0,1,1
3.685475000,0,1,0,1,0,0,1,1,0,0,1,0
3.685891000,0,0,0,0,0,0,0,0,0,0,0,0
3.685896000,1,1,1,1,1,1,0,1,0,0,1,0
3.685975000,1,1,1,1,1,1,0,1,0,0,1,1
3.686475000,1,1,1,1,1,1,0,1,0,0,1,0
3.686891000,0,0,0,0,0,0,0,0,0,0,0,0
3.686896000,1,1,0,1,0,0,1,1,0,0,1,0
3.686975000,1,1,0,1,0,0,1,1,0,0,1,1
3.687475000,1,1,0,1,0,0,1,1,0,0,1,0
3.687891000,0,0,0,0,0,0,0,0,0,0,0,0
3.687896000,0,0,1,0,1,0,1,1,0,0,1,0
3.687975000,0,0,1,0,1,0,1,1,0,0,1,1
3.688475000,0,0,1,0,1,0,1,1,0,0,1,0
3.688891000,0,0,0,0,0,0,0,0,0,0,0,0
3.688896000,0,0,0,1,0,0,1,1,0,0,1,0
3.688975000,0,0,0,1,0,0,1,1,0,0,1,1
3.689475000,0,0,0,1,0,0,1,1,0,0,1,0
3.689891000,0,0,0,0,0,0,0,0,0,0,0,0
3.689896000,1,1,1,1,1,1,0,1,0,0,1,0
3.689975000,1,1,1,1,1,1,0,1,0,0,1,1
3.690475000,1,1,1,1,1,1,0,1,0,0,1,0
3.690891000,0,0,0,0,0,0,0,0,0,0,0,0
3.690896000,0,0,1,0,1,0,1,1,0,0,1,0
3.690975000,0,0,1,0,1,0,1,1,0,0,1,1
3.691475000,0,0,1,0,1,0,1,1,0,0,1,0
3.691891000,0,0,0,0,0,0,0,0,0,0,0,0
3.691896000,0,0,1,1,0,0,1,1,0,0,1,0
3.691975000,0,0,1,1,0,0,1,1,0,0,1,1
3.692475000,0,0,1,1,0,0,1,1,0,0,1,0
3.692891000,0,0,0,0,0,0,0,0,0,0,0,0
3.692896000,0,1,1,1,0,0,1,1,0,0,1,0
3.692975000,0,1,1,1,0,0,1,1,0,0,1,1
3.693475000,0,1,1,1,0,0,1,1,0,0,1,0
3.693891000,0,0,0,0,0,0,0,0,0,0,0,0
3.693896000,1,0,1,0,1,0,1,1,0,0,1,0
3.693975000,1,0,1,0,1,0,1,1,0,0,1,1
3.694475000,1,0,1,0,1,0,1,1,0,0,1,0
3.694891000,0,0,0,0,0,0,0,0,0,0,0,0
3.694896000,0,1,0,1,0,0,1,1,0,0,1,0
3.694975000,0,1,0,1,0,0,1,1,0,0,1,1
3.695475000,0,1,0,1,0,0,1,1,0,0,1,0
3.695891000,0,0,0,0,0,0,0,0,0,0,0,0
3.695896000,1,1,1,1,1,1,0,1,0,0,1,0
3.695975000,1,1,1,1,1,1,0,1,0,0,1,1
3.696475000,1,1,1,1,1,1,0,1,0,0,1,0
3.696891000,0,0,0,0,0,0,0,0,0,0,0,0
3.696896000,1,0,1,0,0,0,1,1,0,0,1,0
3.696975000,1,0,1,0,0,0,1,1,0,0,1,1
3.697475000,1,0,1,0,0,0,1,1,0,0,1,0
3.697891000,0,0,0,0,0,0,0,0,0,0,0,0
3.697896000,1,1,0,1,0,0,1,1,0,0,1,0
3.697975000,1,1,0,1,0,0,1,1,0,0,1,1
3.698474000,1,1,0,1,0,0,1,1,0,0,1,0
3.698891000,0,0,0,0,0,0,0,0,0,0,0,0
3.698896000,1,1,1,0,0,0,1,1,0,0,1,0
3.698974000,1,1,1,0,0,0,1,1,0,0,1,1
3.699474000,1,1,1,0,0,0,1,1,0,0,1,0
3.699891000,0,0,0,0,0,0,0,0,0,0,0,0
3.699896000,0,1,1,0,1,0,1,1,0,0,1,0
3.699974000,0,1,1,0,1,0,1,1,0,0,1,1
3.700474000,0,1,1,0,1,0,1,1,0,0,1,0
3.700891000,0,0,0,0,0,0,0,0,0,0,0,0
3.700896000,0,1,0,1,0,0,1,1,0,0,1,0
3.700974000,0,1,0,1,0,0,1,1,0,0,1,1
3.701474000,0,1,0,1,0,0,1,1,0,0,1,0
3.701891000,0,0,0,0,0,0,0,0,0,0,0,0
3.701896000,0,0,0,1,0,0,1,1,0,0,1,0
3.701974000,0,0,0,1,0,0,1,1,0,0,1,1
3.702474000,0,0,0,1,0,0,1,1,0,0,1,0
3.702891000,0,0,0,0,0,0,0,0,0,0,0,0
3.702896000,1,0,0,0,1,0,1,1,0,0,1,0
3.702974000,1,0,0,0,1,0,1,1,0,0,1,1
3.703474000,1,0,0,0,1,0,1,1,0,0,1,0
3.703891000,0,0,0,0,0,0,0,0,0,0,0,0
3.703896000,0,0,0,1,1,0,1,1,0,0,1,0
3.703974000,0,0,0,1,1,0,1,1,0,0,1,1
3.704474000,0,0,0,1,1,0,1,1,0,0,1,0
3.704891000,0,0,0,0,0,0,0,0,0,0,0,0
3.704896000,1,1,0,0,1,0,1,1,0,0,1,0
3.704974000,1,1,0,0,1,0,1,1,0,0,1,1
3.705474000,1,1,0,0,1,0,1,1,0,0,1,0
3.705891000,0,0,0,0,0,0,0,0,0,0,0,0
3.705896000,1,1,0,1,0,0,1,1,0,0,1,0
3.705974000,1,1,0,1,0,0,1,1,0,0,1,1
3.706474000,1,1,0,1,0,0,1,1,0,0,1,0
3.706891000,0,0,0,0,0,0,0,0,0,0,0,0
3.706896000,0,1,1,0,1,0,1,1,0,0,1,0
3.706974000,0,1,1,0,1,0,1,1,0,0,1,1
3.707474000,0,1,1,0,1,0,1,1,0,0,1,0
3.707891000,0,0,0,0,0,0,0,0,0,0,0,0
3.707896000,1,1,1,1,1,1,0,1,0,0,1,0
3.707974000,1,1,1,1,1,1,0,1,0,0,1,1
3.708474000,1,1,1,1,1,1,0,1,0,0,1,0
3.708891000,0,0,0,0,0,0,0,0,0,0,0,0
3.708896000,1,1,0,1,0,0,1,1,0,0,1,0
3.708974000,1,1,0,1,0,0,1,1,0,0,1,1
3.709474000,1,1,0,1,0,0,1,1,0,0,1,0
3.709891000,0,0,0,0,0,0,0,0,0,0,0,0
3.709896000,1,0,0,1,0,0,1,1,0,0,1,0
3.709974000,1,0,0,1,0,0,1,1,0,0,1,1
3.710474000,1,0,0,1,0,0,1,1,0,0,1,0
3.710891000,0,0,0,0,0,0,0,0,0,0,0,0
3.710896000,0,0,1,1,0,0,1,1,0,0,1,0
3.710974000,0,0,1,1,0,0,1,1,0,0,1,1
3.711474000,0,0,1,1,0,0,1,1,0,0,1,0
3.711891000,0,0,0,0,0,0,0,0,0,0,0,0
3.711896000,0,0,1,0,1,0,1,1,0,0,1,0
3.711974000,0,0,1,0,1,0,1,1,0,0,1,1
3.712474000,0,0,1,0,1,0,1,1,0,0,1,0
3.712891000,0,0,0,0,0,0,0,0,0,0,0,0
3.712896000,1,1,0,1,0,0,1,1,0,0,1,0
3.712974000,1,1,0,1,0,0,1,1,0,0,1,1
3.713474000,1,1,0,1,0,0,1,1,0,0,1,0
3.713891000,0,0,0,0,0,0,0,0,0,0,0,0
3.713896000,0,1,1,0,0,0,1,1,0,0,1,0
3.713974000,0,1,1,0,0,0,1,1,0,0,1,1
3.714474000,0,1,1,0,0,0,1,1,0,0,1,0
3.714891000,0,0,0,0,0,0,0,0,0,0,0,0
3.714896000,1,0,0,0,1,0,1,1,0,0,1,0
3.714974000,1,0,0,0,1,0,1,1,0,0,1,1
3.715474000,1,0,0,0,1,0,1,1,0,0,1,0
3.715891000,0,0,0,0,0,0,0,0,0,0,0,0
3.715896000,1,1,0,1,1,0,1,1,0,0,1,0
3.715974000,1,1,0,1,1,0,1,1,0,0,1,1
3.716474000,1,1,0,1,1,0,1,1,0,0,1,0
3.716891000,0,0,0,0,0,0,0,0,0,0,0,0
3.716896000,1,1,1,0,1,0,1,1,0,0,1,0
3.716974000,1,1,1,0,1,0,1,1,0,0,1,1
3.717474000,1,1,1,0,1,0,1,1,0,0,1,0
3.717891000,0,0,0,0,0,0,0,0,0,0,0,0
3.717896000,1,1,1,0,1,0,1,1,0,0,1,0
3.717974000,1,1,1,0,1,0,1,1,0,0,1,1
3.718474000,1,1,1,0,1,0,1,1,0,0,1,0
3.718891000,0,0,0,0,0,0,0,0,0,0,0,0
3.718896000,1,0,0,0,1,0,1,1,0,0,1,0
3.718974000,1,0,0,0,1,0,1,1,0,0,1,1
3.719474000,1,0,0,0,1,0,1,1,0,0,1,0
3.719891000,0,0,0,0,0,0,0,0,0,0,0,0
3.719896000,0,0,0,1,0,0,1,1,0,0,1,0
3.719974000,0,0,0,1,0,0,1,1,0,0,1,1
3.720474000,0,0,0,1,0,0,1,1,0,0,1,0
3.720891000,0,0,0,0,0,0,0,0,0,0,0,0
3.720896000,1,1,1,1,1,1,0,1,0,0,1,0
3.720974000,1,1,1,1,1,1,0,1,0,0,1,1
3.721474000,1,1,1,1,1,1,0,1,0,0,1,0
3.721891000,0,0,0,0,0,0,0,0,0,0,0,0
3.721896000,1,0,1,1,0,0,1,1,0,0,1,0
3.721974000,1,0,1,1,0,0,1,1,0,0,1,1
3.722474000,1,0,1,1,0,0,1,1,0,0,1,0
3.722891000,0,0,0,0,0,0,0,0,0,0,0,0
3.722896000,0,0,0,0,1,0,1,1,0,0,1,0
3.722974000,0,0,0,0,1,0,1,1,0,0,1,1
3.723474000,0,0,0,0,1,0,1,1,0,0,1,0
3.723891000,0,0,0,0,0,0,0,0,0,0,0,0
3.723896000,1,1,0,1,1,1,0,1,0,0,1,0
3.723974000,1,1,0,1,1,1,0,1,0,0,1,1
3.724474000,1,1,0,1,1,1,0,1,0,0,1,0
3.724891000,0,0,0,0,0,0,0,0,0,0,0,0
3.724896000,0,0,1,0,0,0,1,1,0,0,1,0
3.724974000,0,0,1,0,0,0,1,1,0,0,1,1
3.725474000,0,0,1,0,0,0,1,1,0,0,1,0
3.725891000,0,0,0,0,0,0,0,0,0,0,0,0
3.725896000,1,1,1,1,1,1,0,1,0,0,1,0
3.725974000,1,1,1,1,1,1,0,1,0,0,1,1
3.726474000,1,1,1,1,1,1,0,1,0,0,1,0
3.726891000,0,0,0,0,0,0,0,0,0,0,0,0
3.726896000,1,0,1,0,0,0,1,1,0,0,1,0
3.726974000,1,0,1,0,0,0,1,1,0,0,1,1
3.727474000,1,0,1,0,0,0,1,1,0,0,1,0
3.727891000,0,0,0,0,0,0,0,0,0,0,0,0
3.727896000,1,1,1,1,1,1,0,1,0,0,1,0
3.727974000,1,1,1,1,1,1,0,1,0,0,1,1
3.728474000,1,1,1,1,1,1,0,1,0,0,1,0
3.728891000,0,0,0,0,0,0,0,0,0,0,0,0
3.728896000,1,0,1,1,0,0,1,1,0,0,1,0
3.728974000,1,0,1,1,0,0,1,1,0,0,1,1
3.729474000,1,0,1,1,0,0,1,1,0,0,1,0
3.729891000,0,0,0,0,0,0,0,0,0,0,0,0
3.729896000,0,0,1,1,1,1,0,1,0,0,1,0
3.729974000,0,0,1,1,1,1,0,1,0,0,1,1
3.730474000,0,0,1,1,1,1,0,1,0,0,1,0
3.730891000,0,0,0,0,0,0,0,0,0,0,0,0
3.730896000,1,0,1,1,1,1,0,1,0,0,1,0
3.730974000,1,0,1,1,1,1,0,1,0,0,1,1
3.731474000,1,0,1,1,1,1,0,1,0,0,1,0
3.731891000,0,0,0,0,0,0,0,0,0,0,0,0
3.731896000,1,1,1,1,1,1,0,1,0,0,1,0
3.731974000,1,1,1,1,1,1,0,1,0,0,1,1
3.732474000,1,1,1,1,1,1,0,1,0,0,1,0
3.732891000,0,0,0,0,0,0,0,0,0,0,0,0
3.732896000,1,1,0,0,0,0,1,1,0,0,1,0
3.732974000,1,1,0,0,0,0,1,1,0,0,1,1
3.733474000,1,1,0,0,0,0,1,1,0,0,1,0
3.733891000,0,0,0,0,0,0,0,0,0,0,0,0
3.733896000,1,1,1,1,1,1,0,1,0,0,1,0
3.733974000,1,1,1,1,1,1,0,1,0,0,1,1
3.734474000,1,1,1,1,1,1,0,1,0,0,1,0
3.734891000,0,0,0,0,0,0,0,0,0,0,0,0
3.734896000,1,1,0,1,1,1,0,1,0,0,1,0
3.734974000,1,1,0,1,1,1,0,1,0,0,1,1
3.735474000,1,1,0,1,1,1,0,1,0,0,1,0
3.735891000,0,0,0,0,0,0,0,0,0,0,0,0
3.735896000,0,1,1,0,0,0,1,1,0,0,1,0
3.735974000,0,1,1,0,0,0,1,1,0,0,1,1
3.736474000,0,1,1,0,0,0,1,1,0,0,1,0
3.736891000,0,0,0,0,0,0,0,0,0,0,0,0
3.736896000,0,1,0,1,0,0,1,1,0,0,1,0
3.736974000,0,1,0,1,0,0,1,1,0,0,1,1
3.737474000,0,1,0,1,0,0,1,1,0,0,1,0
3.737891000,0,0,0,0,0,0,0,0,0,0,0,0
3.737896000,0,1,1,0,0,0,1,1,0,0,1,0
3.737974000,0,1,1,0,0,0,1,1,0,0,1,1
3.738474000,0,1,1,0,0,0,1,1,0,0,1,0
3.738891000,0,0,0,0,0,0,0,0,0,0,0,0
3.738896000,0,0,0,0,1,0,1,1,0,0,1,0
3.738974000,0,0,0,0,1,0,1,1,0,0,1,1
3.739474000,0,0,0,0,1,0,1,1,0,0,1,0
3.739891000,0,0,0,0,0,0,0,0,0,0,0,0
3.739896000,0,1,1,0,0,0,1,1,0,0,1,0
3.739974000,0,1,1,0,0,0,1,1,0,0,1,1
3.740474000,0,1,1,0,0,0,1,1,0,0,1,0
3.740891000,0,0,0,0,0,0,0,0,0,0,0,0
3.740896000,1,0,1,1,1,1,0,1,0,0,1,0
3.740974000,1,0,1,1,1,1,0,1,0,0,1,1
3.741474000,1,0,1,1,1,1,0,1,0,0,1,0
3.741891000,0,0,0,0,0,0,0,0,0,0,0,0
3.741896000,0,1,0,1,1,1,0,1,0,0,1,0
3.741974000,0,1,0,1,1,1,0,1,0,0,1,1
3.742474000,0,1,0,1,1,1,0,1,0,0,1,0
3.742891000,0,0,0,0,0,0,0,0,0,0,0,0
3.742896000,1,0,0,1,0,0,1,1,0,0,1,0
3.742974000,1,0,0,1,0,0,1,1,0,0,1,1
3.743474000,1,0,0,1,0,0,1,1,0,0,1,0
3.743891000,0,0,0,0,0,0,0,0,0,0,0,0
3.743896000,1,1,1,1,1,1,0,1,0,0,1,0
3.743974000,1,1,1,1,1,1,0,1,0,0,1,1
3.744474000,1,1,1,1,1,1,0,1,0,0,1,0
3.744891000,0,0,0,0,0,0,0,0,0,0,0,0
3.744896000,0,1,1,1,1,1,0,1,0,0,1,0
3.744974000,0,1,1,1,1,1,0,1,0,0,1,1
3.745474000,0,1,1,1,1,1,0,1,0,0,1,0
3.745891000,0,0,0,0,0,0,0,0,0,0,0,0
3.745896000,1,1,0,1,1,1,0,1,0,0,1,0
3.745974000,1,1,0,1,1,1,0,1,0,0,1,1
3.746474000,1,1,0,1,1,1,0,1,0,0,1,0
3.746891000,0,0,0,0,0,0,0,0,0,0,0,0
3.746896000,0,0,0,0,0,0,1,1,0,0,1,0
3.746974000,0,0,0,0,0,0,1,1,0,0,1,1
3.747474000,0,0,0,0,0,0,1,1,0,0,1,0
3.747891000,0,0,0,0,0,0,0,0,0,0,0,0
3.747896000,1,1,1,1,1,1,0,1,0,0,1,0
3.747974000,1,1,1,1,1,1,0,1,0,0,1,1
3.748474000,1,1,1,1,1,1,0,1,0,0,1,0
3.748891000,0,0,0,0,0,0,0,0,0,0,0,0
3.748896000,0,0,0,1,1,1,0,1,0,0,1,0
3.748974000,0,0,0,1,1,1,0,1,0,0,1,1
3.749474000,0,0,0,1,1,1,0,1,0,0,1,0
3.749891000,0,0,0,0,0,0,0,0,0,0,0,0
3.749896000,1,1,1,0,1,1,0,1,0,0,1,0
3.749974000,1,1,1,0,1,1,0,1,0,0,1,1
3.750474000,1,1,1,0,1,1,0,1,0,0,1,0
3.750891000,0,0,0,0,0,0,0,0,0,0,0,0
3.750896000,1,1,1,1,0,1,0,1,0,0,1,0
3.750974000,1,1,1,1,0,1,0,1,0,0,1,1
3.751474000,1,1,1,1,0,1,0,1,0,0,1,0
3.751891000,0,0,0,0,0,0,0,0,0,0,0,0
3.751896000,1,1,1,0,0,0,1,1,0,0,1,0
3.751974000,1,1,1,0,0,0,1,1,0,0,1,1
3.752474000,1,1,1,0,0,0,1,1,0,0,1,0
3.752891000,0,0,0,0,0,0,0,0,0,0,0,0
3.752896000,1,1,1,1,1,1,0,1,0,0,1,0
3.752974000,1,1,1,1,1,1,0,1,0,0,1,1
3.753474000,1,1,1,1,1,1,0,1,0,0,1,0
3.753891000,0,0,0,0,0,0,0,0,0,0,0,0
3.753896000,1,1,0,1,1,1,0,1,0,0,1,0
3.753974000,1,1,0,1,1,1,0,1,0,0,1,1
3.754474000,1,1,0,1,1,1,0,1,0,0,1,0
3.754891000,0,0,0,0,0,0,0,0,0,0,0,0
3.754896000,1,0,1,1,0,1,0,1,0,0,1,0
3.754974000,1,0,1,1,0,1,0,1,0,0,1,1
3.755474000,1,0,1,1,0,1,0,1,0,0,1,0
3.755891000,0,0,0,0,0,0,0,0,0,0,0,0
3.755896000,0,1,1,0,0,0,1,1,0,0,1,0
3.755974000,0,1,1,0,0,0,1,1,0,0,1,1
3.756474000,0,1,1,0,0,0,1,1,0,0,1,0
3.756891000,0,0,0,0,0,0,0,0,0,0,0,0
3.756896000,1,1,1,0,1,1,0,1,0,0,1,0
3.756974000,1,1,1,0,1,1,0,1,0,0,1,1
3.757474000,1,1,1,0,1,1,0,1,0,0,1,0
3.757891000,0,0,0,0,0,0,0,0,0,0,0,0
3.757896000,1,1,1,1,1,1,0,1,0,0,1,0
3.757974000,1,1,1,1,1,1,0,1,0,0,1,1
3.758474000,1,1,1,1,1,1,0,1,0,0,1,0
3.758891000,0,0,0,0,0,0,0,0,0,0,0,0
3.758896000,1,1,0,1,1,1,0,1,0,0,1,0
3.758974000,1,1,0,1,1,1,0,1,0,0,1,1
3.759474000,1,1,0,1,1,1,0,1,0,0,1,0
3.759891000,0,0,0,0,0,0,0,0,0,0,0,0
3.759896000,0,1,0,1,1,1,0,1,0,0,1,0
3.759974000,0,1,0,1,1,1,0,1,0,0,1,1
3.760474000,0,1,0,1,1,1,0,1,0,0,1,0
3.760891000,0,0,0,0,0,0,0,0,0,0,0,0
3.760896000,1,1,1,0,1,1,0,1,0,0,1,0
3.760974000,1,1,1,0,1,1,0,1,0,0,1,1
3.761474000,1,1,1,0,1,1,0,1,0,0,1,0
3.761891000,0,0,0,0,0,0,0,0,0,0,0,0
3.761896000,0,0,0,0,1,0,1,1,0,0,1,0
3.761974000,0,0,0,0,1,0,1,1,0,0,1,1
3.762474000,0,0,0,0,1,0,1,1,0,0,1,0
3.762891000,0,0,0,0,0,0,0,0,0,0,0,0
3.762896000,1,1,1,1,1,1,0,1,0,0,1,0
3.762974000,1,1,1,1,1,1,0,1,0,0,1,1
3.763474000,1,1,1,1,1,1,0,1,0,0,1,0
3.763891000,0,0,0,0,0,0,0,0,0,0,0,0
3.763896000,0,0,0,0,1,0,1,1,0,0,1,0
3.763974000,0,0,0,0,1,0,1,1,0,0,1,1
3.764474000,0,0,0,0,1,0,1,1,0,0,1,0
3.764891000,0,0,0,0,0,0,0,0,0,0,0,0
3.764896000,1,1,0,1,1,1,0,1,0,0,1,0
3.764974000,1,1,0,1,1,1,0,1,0,0,1,1
3.765474000,1,1,0,1,1,1,0,1,0,0,1,0
3.765891000,0,0,0,0,0,0,0,0,0,0,0,0
3.765896000,1,0,0,1,0,0,1,1,0,0,1,0
3.765974000,1,0,0,1,0,0,1,1,0,0,1,1
3.766474000,1,0,0,1,0,0,1,1,0,0,1,0
3.766891000,0,0,0,0,0,0,0,0,0,0,0,0
3.766896000,0,0,0,1,1,1,0,1,0,0,1,0
3.766974000,0,0,0,1,1,1,0,1,0,0,1,1
3.767474000,0,0,0,1,1,1,0,1,0,0,1,0
3.767891000,0,0,0,0,0,0,0,0,0,0,0,0
3.767896000,1,1,1,1,1,1,0,1,0,0,1,0
3.767974000,1,1,1,1,1,1,0,1,0,0,1,1
3.768474000,1,1,1,1,1,1,0,1,0,0,1,0
3.768891000,0,0,0,0,0,0,0,0,0,0,0,0
3.768896000,0,0,1,0,0,0,1,1,0,0,1,0
3.768974000,0,0,1,0,0,0,1,1,0,0,1,1
3.769474000,0,0,1,0,0,0,1,1,0,0,1,0
3.769891000,0,0,0,0,0,0,0,0,0,0,0,0
3.769896000,0,1,0,0,0,0,1,1,0,0,1,0
3.769974000,0,1,0,0,0,0,1,1,0,0,1,1
3.770474000,0,1,0,0,0,0,1,1,0,0,1,0
3.770891000,0,0,0,0,0,0,0,0,0,0,0,0
3.770896000,0,1,0,0,1,0,1,1,0,0,1,0
3.770974000,0,1,0,0,1,0,1,1,0,0,1,1
3.771474000,0,1,0,0,1,0,1,1,0,0,1,0
3.771891000,0,0,0,0,0,0,0,0,0,0,0,0
3.771896000,0,1,1,1,0,0,1,1,0,0,1,0
3.771974000,0,1,1,1,0,0,1,1,0,0,1,1
3.772474000,0,1,1,1,0,0,1,1,0,0,1,0
3.772891000,0,0,0,0,0,0,0,0,0,0,0,0
3.772896000,0,1,0,1,0,0,1,1,0,0,1,0
3.772974000,0,1,0,1,0,0,1,1,0,0,1,1
3.773474000,0,1,0,1,0,0,1,1,0,0,1,0
3.773891000,0,0,0,0,0,0,0,0,0,0,0,0
3.773896000,1,0,0,0,1,0,1,1,0,0,1,0
3.773974000,1,0,0,0,1,0,1,1,0,0,1,1
3.774474000,1,0,0,0,1,0,1,1,0,0,1,0
3.774891000,0,0,0,0,0,0,0,0,0,0,0,0
3.774896000,1,1,1,1,1,1,0,1,0,0,1,0
3.774974000,1,1,1,1,1,1,0,1,0,0,1,1
3.775474000,1,1,1,1,1,1,0,1,0,0,1,0
3.775891000,0,0,0,0,0,0,0,0,0,0,0,0
3.775896000,1,1,1,1,1,1,0,1,0,0,1,0
3.775974000,1,1,1,1,1,1,0,1,0,0,1,1
3.776474000,1,1,1,1,1,1,0,1,0,0,1,0
3.776891000,0,0,0,0,0,0,0,0,0,0,0,0
3.776896000,0,0,1,1,1,1,0,1,0,0,1,0
3.776974000,0,0,1,1,1,1,0,1,0,0,1,1
3.777474000,0,0,1,1,1,1,0,1,0,0,1,0
3.777891000,0,0,0,0,0,0,0,0,0,0,0,0
3.777896000,1,1,1,1,1,1,0,1,0,0,1,0
3.777974000,1,1,1,1,1,1,0,1,0,0,1,1
3.778474000,1,1,1,1,1,1,0,1,0,0,1,0
3.778891000,0,0,0,0,0,0,0,0,0,0,0,0
3.778896000,1,1,1,0,1,1,0,1,0,0,1,0
3.778974000,1,1,1,0,1,1,0,1,0,0,1,1
3.779474000,1,1,1,0,1,1,0,1,0,0,1,0
3.779891000,0,0,0,0,0,0,0,0,0,0,0,0
3.779896000,1,0,0,1,0,0,1,1,0,0,1,0
3.779974000,1,0,0,1,0,0,1,1,0,0,1,1
3.780474000,1,0,0,1,0,0,1,1,0,0,1,0
3.780891000,0,0,0,0,0,0,0,0,0,0,0,0
3.780896000,0,1,0,0,1,1,0,1,0,0,1,0
3.780974000,0,1,0,0,1,1,0,1,0,0,1,1
3.781474000,0,1,0,0,1,1,0,1,0,0,1,0
3.781891000,0,0,0,0,0,0,0,0,0,0,0,0
3.781896000,0,1,1,1,1,0,1,1,0,0,1,0
3.781974000,0,1,1,1,1,0,1,1,0,0,1,1
3.782474000,0,1,1,1,1,0,1,1,0,0,1,0
3.782891000,0,0,0,0,0,0,0,0,0,0,0,0
3.782896000,0,1,1,0,1,0,1,1,0,0,1,0
3.782974000,0,1,1,0,1,0,1,1,0,0,1,1
3.783474000,0,1,1,0,1,0,1,1,0,0,1,0
3.783891000,0,0,0,0,0,0,0,0,0,0,0,0
3.783896000,1,1,1,0,1,0,1,1,0,0,1,0
3.783974000,1,1,1,0,1,0,1,1,0,0,1,1
3.784474000,1,1,1,0,1,0,1,1,0,0,1,0
3.784891000,0,0,0,0,0,0,0,0,0,0,0,0
3.784896000,0,1,1,1,0,0,1,1,0,0,1,0
3.784974000,0,1,1,1,0,0,1,1,0,0,1,1
3.785474000,0,1,1,1,0,0,1,1,0,0,1,0
3.785891000,0,0,0,0,0,0,0,0,0,0,0,0
3.785896000,0,0,0,0,1,0,1,1,0,0,1,0
3.785974000,0,0,0,0,1,0,1,1,0,0,1,1
3.786474000,0,0,0,0,1,0,1,1,0,0,1,0
3.786891000,0,0,0,0,0,0,0,0,0,0,0,0
3.786896000,1,1,1,0,1,0,1,1,0,0,1,0
3.786974000,1,1,1,0,1,0,1,1,0,0,1,1
3.787474000,1,1,1,0,1,0,1,1,0,0,1,0
3.787891000,0,0,0,0,0,0,0,0,0,0,0,0
3.787896000,1,1,1,0,1,0,1,1,0,0,1,0
3.787974000,1,1,1,0,1,0,1,1,0,0,1,1
3.788474000,1,1,1,0,1,0,1,1,0,0,1,0
3.788891000,0,0,0,0,0,0,0,0,0,0,0,0
3.788896000,1,0,0,1,0,0,1,1,0,0,1,0
3.788974000,1,0,0,1,0,0,1,1,0,0,1,1
3.789474000,1,0,0,1,0,0,1,1,0,0,1,0
3.789891000,0,0,0,0,0,0,0,0,0,0,0,0
3.789896000,1,0,1,1,1,1,0,1,0,0,1,0
3.789974000,1,0,1,1,1,1,0,1,0,0,1,1
3.790474000,1,0,1,1,1,1,0,1,0,0,1,0
3.790891000,0,0,0,0,0,0,0,0,0,0,0,0
3.790896000,0,0,0,0,1,0,1,1,0,0,1,0
3.790974000,0,0,0,0,1,0,1,1,0,0,1,1
3.791474000,0,0,0,0,1,0,1,1,0,0,1,0
3.791891000,0,0,0,0,0,0,0,0,0,0,0,0
3.791896000,1,1,1,0,0,0,1,1,0,0,1,0
3.791974000,1,1,1,0,0,0,1,1,0,0,1,1
3.792474000,1,1,1,0,0,0,1,1,0,0,1,0
3.792891000,0,0,0,0,0,0,0,0,0,0,0,0
3.792896000,1,1,1,1,0,0,1,1,0,0,1,0
3.792974000,1,1,1,1,0,0,1,1,0,0,1,1
3.793474000,1,1,1,1,0,0,1,1,0,0,1,0
3.793891000,0,0,0,0,0,0,0,0,0,0,0,0
3.793896000,1,1,1,0,0,0,1,1,0,0,1,0
3.793974000,1,1,1,0,0,0,1,1,0,0,1,1
3.794474000,1,1,1,0,0,0,1,1,0,0,1,0
3.794891000,0,0,0,0,0,0,0,0,0,0,0,0
3.794896000,1,1,0,0,0,0,1,1,0,0,1,0
3.794974000,1,1,0,0,0,0,1,1,0,0,1,1
3.795474000,1,1,0,0,0,0,1,1,0,0,1,0
3.795890000,1,1,0,0,0,0,1,1,0,0,0,0
3.795891000,0,0,0,0,0,0,0,0,0,0,0,0
3.795896000,1,0,1,1,0,0,1,1,0,0,1,0
3.795974000,1,0,1,1,0,0,1,1,0,0,1,1
3.796474000,1,0,1,1,0,0,1,1,0,0,1,0
3.796890000,1,0,1,1,0,0,1,1,0,0,0,0
3.796891000,0,0,0,0,0,0,0,0,0,0,0,0
3.796896000,0,1,1,0,1,0,1,1,0,0,1,0
3.796974000,0,1,1,0,1,0,1,1,0,0,1,1
3.797474000,0,1,1,0,1,0,1,1,0,0,1,0
3.797890000,0,1,1,0,1,0,1,1,0,0,0,0
3.797891000,0,0,0,0,0,0,0,0,0,0,0,0
3.797896000,1,1,0,1,0,0,1,1,0,0,1,0
3.797974000,1,1,0,1,0,0,1,1,0,0,1,1
3.798474000,1,1,0,1,0,0,1,1,0,0,1,0
3.798890000,1,1,0,1,0,0,1,1,0,0,0,0
3.798891000,0,0,0,0,0,0,0,0,0,0,0,0
3.798896000,1,1,1,0,1,0,1,1,0,0,1,0
3.798974000,1,1,1,0,1,0,1,1,0,0,1,1
3.799474000,1,1,1,0,1,0,1,1,0,0,1,0
3.799890000,1,1,1,0,1,0,1,1,0,0,0,0
3.799891000,0,0,0,0,0,0,0,0,0,0,0,0
3.799896000,1,1,1,1,1,1,0,1,0,0,1,0
3.799974000,1,1,1,1,1,1,0,1,0,0,1,1
3.800474000,1,1,1,1,1,1,0,1,0,0,1,0
3.800890000,0,1,1,1,1,1,1,1,0,0,1,0
3.800891000,0,0,0,0,0,0,0,0,0,0,0,0
3.800896000,0,0,1,0,0,0,1,1,0,0,1,0
3.800974000,0,0,1,0,0,0,1,1,0,0,1,1
3.801474000,0,0,1,0,0,0,1,1,0,0,1,0
3.801890000,0,0,0,0,0,0,0,0,0,0,0,0
3.801896000,0,0,0,0,1,0,1,1,0,0,1,0
3.801974000,0,0,0,0,1,0,1,1,0,0,1,1
3.802474000,0,0,0,0,1,0,1,1,0,0,1,0
3.802890000,0,0,0,0,0,0,0,0,0,0,0,0
3.802896000,0,1,1,1,1,1,0,1,0,0,1,0
3.802974000,0,1,1,1,1,1,0,1,0,0,1,1
3.803474000,0,1,1,1,1,1,0,1,0,0,1,0
3.803890000,0,0,0,0,0,0,0,0,0,0,0,0
3.803896000,1,0,1,0,0,0,1,1,0,0,1,0
3.803974000,1,0,1,0,0,0,1,1,0,0,1,1
3.804474000,1,0,1,0,0,0,1,1,0,0,1,0
3.804890000,0,0,0,0,0,0,0,0,0,0,0,0
3.804896000,0,0,0,1,0,0,1,1,0,0,1,0
3.804974000,0,0,0,1,0,0,1,1,0,0,1,1
3.805474000,0,0,0,1,0,0,1,1,0,0,1,0
3.805890000,0,0,0,0,0,0,0,0,0,0,0,0
3.805895000,0,0,0,0,0,0,1,0,0,0,0,0
3.805896000,1,0,0,0,0,0,1,1,0,0,1,0
3.805974000,1,0,0,0,0,0,1,1,0,0,1,1
3.806474000,1,0,0,0,0,0,1,1,0,0,1,0
3.806890000,0,0,0,0,0,0,0,0,0,0,0,0
3.806896000,0,0,1,0,1,0,1,1,0,0,1,0
3.806974000,0,0,1,0,1,0,1,1,0,0,1,1
3.807474000,0,0,1,0,1,0,1,1,0,0,1,0
3.807890000,0,0,0,0,0,0,0,0,0,0,0,0
3.807895000,0,0,0,0,0,0,1,1,0,0,0,0
3.807896000,1,1,1,0,1,0,1,1,0,0,1,0
3.807974000,1,1,1,0,1,0,1,1,0,0,1,1
3.808474000,1,1,1,0,1,0,1,1,0,0,1,0
3.808890000,0,0,0,0,0,0,1,0,0,0,0,0
3.808891000,0,0,0,0,0,0,0,0,0,0,0,0
3.808895000,0,0,0,0,1,0,1,1,0,0,1,0
3.808974000,0,0,0,0,1,0,1,1,0,0,1,1
3.809474000,0,0,0,0,1,0,1,1,0,0,1,0
3.809890000,0,0,0,0,0,0,0,0,0,0,0,0
3.809895000,0,0,0,1,1,0,1,1,0,0,0,0
3.809896000,1,0,0,1,1,0,1,1,0,0,1,0
3.809974000,1,0,0,1,1,0,1,1,0,0,1,1
3.810474000,1,0,0,1,1,0,1,1,0,0,1,0
3.810890000,0,0,0,0,0,0,0,0,0,0,0,0
3.810895000,0,0,1,0,1,0,1,1,0,0,1,0
3.810896000,1,1,1,0,1,0,1,1,0,0,1,0
3.810974000,1,1,1,0,1,0,1,1,0,0,1,1
3.811474000,1,1,1,0,1,0,1,1,0,0,1,0
3.811890000,0,0,0,0,0,0,0,0,0,0,0,0
3.811895000,0,0,1,1,0,0,1,1,0,0,1,0
3.811896000,1,0,1,1,0,0,1,1,0,0,1,0
3.811974000,1,0,1,1,0,0,1,1,0,0,1,1
3.812474000,1,0,1,1,0,0,1,1,0,0,1,0
3.812890000,0,0,0,0,0,0,0,0,0,0,0,0
3.812895000,0,0,0,1,0,0,1,1,0,0,1,0
3.812974000,0,0,0,1,0,0,1,1,0,0,1,1
3.813474000,0,0,0,1,0,0,1,1,0,0,1,0
3.813890000,0,0,0,0,0,0,0,0,0,0,0,0
3.813895000,0,0,1,1,1,1,0,1,0,0,1,0
3.813974000,0,0,1,1,1,1,0,1,0,0,1,1
3.814474000,0,0,1,1,1,1,0,1,0,0,1,0
3.814890000,0,0,0,0,0,0,0,0,0,0,0,0
3.814895000,0,0,0,0,1,0,1,1,0,0,1,0
3.814974000,0,0,0,0,1,0,1,1,0,0,1,1
3.815474000,0,0,0,0,1,0,1,1,0,0,1,0
3.815890000,0,0,0,0,0,0,0,0,0,0,0,0
3.815895000,0,1,1,1,1,1,0,1,0,0,1,0
3.815974000,0,1,1,1,1,1,0,1,0,0,1,1
3.816474000,0,1,1,1,1,1,0,1,0,0,1,0
3.816890000,0,0,0,0,0,0,0,0,0,0,0,0
3.816895000,0,1,1,0,1,0,1,1,0,0,1,0
3.816974000,0,1,1,0,1,0,1,1,0,0,1,1
3.817474000,0,1,1,0,1,0,1,1,0,0,1,0
3.817890000,0,0,0,0,0,0,0,0,0,0,0,0
3.817895000,1,0,0,1,0,0,1,1,0,0,1,0
3.817974000,1,0,0,1,0,0,1,1,0,0,1,1
3.818474000,1,0,0,1,0,0,1,1,0,0,1,0
3.818890000,0,0,0,0,0,0,0,0,0,0,0,0
3.818895000,0,0,0,1,0,0,1,1,0,0,1,0
3.818974000,0,0,0,1,0,0,1,1,0,0,1,1
3.819474000,0,0,0,1,0,0,1,1,0,0,1,0
3.819890000,0,0,0,0,0,0,0,0,0,0,0,0
3.819895000,0,0,1,0,0,0,1,1,0,0,1,0
3.819974000,0,0,1,0,0,0,1,1,0,0,1,1
3.820474000,0,0,1,0,0,0,1,1,0,0,1,0
3.820890000,0,0,0,0,0,0,0,0,0,0,0,0
3.820895000,1,0,0,1,1,0,1,1,0,0,1,0
3.820974000,1,0,0,1,1,0,1,1,0,0,1,1
3.821474000,1,0,0,1,1,0,1,1,0,0,1,0
3.821890000,0,0,0,0,0,0,0,0,0,0,0,0
3.821895000,0,0,1,0,0,0,1,1,0,0,1,0
3.821974000,0,0,1,0,0,0,1,1,0,0,1,1
3.822474000,0,0,1,0,0,0,1,1,0,0,1,0
3.822890000,0,0,0,0,0,0,0,0,0,0,0,0
3.822895000,1,1,1,1,1,1,0,1,0,0,1,0
3.822974000,1,1,1,1,1,1,0,1,0,0,1,1
3.823474000,1,1,1,1,1,1,0,1,0,0,1,0
3.823890000,0,0,0,0,0,0,0,0,0,0,0,0
3.823895000,1,1,1,1,1,1,0,1,0,0,1,0
3.823974000,1,1,1,1,1,1,0,1,0,0,1,1
3.824474000,1,1,1,1,1,1,0,1,0,0,1,0
3.824890000,0,0,0,0,0,0,0,0,0,0,0,0
3.824895000,1,1,1,0,0,0,1,1,0,0,1,0
3.824974000,1,1,1,0,0,0,1,1,0,0,1,1
3.825474000,1,1,1,0,0,0,1,1,0,0,1,0
3.825890000,0,0,0,0,0,0,0,0,0,0,0,0
3.825895000,1,0,0,1,1,1,0,1,0,0,1,0
3.825974000,1,0,0,1,1,1,0,1,0,0,1,1
3.826474000,1,0,0,1,1,1,0,1,0,0,1,0
3.826890000,0,0,0,0,0,0,0,0,0,0,0,0
3.826895000,0,0,0,0,1,0,1,1,0,0,1,0
3.826974000,0,0,0,0,1,0,1,1,0,0,1,1
3.827474000,0,0,0,0,1,0,1,1,0,0,1,0
3.827890000,0,0,0,0,0,0,0,0,0,0,0,0
3.827895000,1,1,1,1,1,1,0,1,0,0,1,0
3.827974000,1,1,1,1,1,1,0,1,0,0,1,1
3.828474000,1,1,1,1,1,1,0,1,0,0,1,0
3.828890000,0,0,0,0,0,0,0,0,0,0,0,0
3.828895000,1,1,1,1,0,1,0,1,0,0,1,0
3.828974000,1,1,1,1,0,1,0,1,0,0,1,1
3.829474000,1,1,1,1,0,1,0,1,0,0,1,0
3.829890000,0,0,0,0,0,0,0,0,0,0,0,0
3.829895000,0,0,1,1,0,0,1,1,0,0,1,0
3.829974000,0,0,1,1,0,0,1,1,0,0,1,1
3.830474000,0,0,1,1,0,0,1,1,0,0,1,0
3.830890000,0,0,0,0,0,0,0,0,0,0,0,0
3.830895000,1,1,1,0,1,1,0,1,0,0,1,0
3.830974000,1,1,1,0,1,1,0,1,0,0,1,1
3.831474000,1,1,1,0,1,1,0,1,0,0,1,0
3.831890000,0,0,0,0,0,0,0,0,0,0,0,0
3.831895000,1,1,1,1,1,1,0,1,0,0,1,0
3.831974000,1,1,1,1,1,1,0,1,0,0,1,1
3.832474000,1,1,1,1,1,1,0,1,0,0,1,0
3.832890000,0,0,0,0,0,0,0,0,0,0,0,0
3.832895000,0,0,0,0,1,0,1,1,0,0,1,0
3.832974000,0,0,0,0,1,0,1,1,0,0,1,1
3.833474000,0,0,0,0,1,0,1,1,0,0,1,0
3.833890000,0,0,0,0,0,0,0,0,0,0,0,0
3.833895000,0,0,1,1,1,1,0,1,0,0,1,0
3.833974000,0,0,1,1,1,1,0,1,0,0,1,1
3.834474000,0,0,1,1,1,1,0,1,0,0,1,0
3.834890000,0,0,0,0,0,0,0,0,0,0,0,0
3.834895000,1,0,0,1,0,0,1,1,0,0,1,0
3.834974000,1,0,0,1,0,0,1,1,0,0,1,1
3.835474000,1,0,0,1,0,0,1,1,0,0,1,0
3.835890000,0,0,0,0,0,0,0,0,0,0,0,0
3.835895000,1,1,0,1,0,0,1,1,0,0,1,0
3.835974000,1,1,0,1,0,0,1,1,0,0,1,1
3.836474000,1,1,0,1,0,0,1,1,0,0,1,0
3.836890000,0,0,0,0,0,0,0,0,0,0,0,0
3.836895000,1,1,1,1,1,1,0,1,0,0,1,0
3.836974000,1,1,1,1,1,1,0,1,0,0,1,1
3.837474000,1,1,1,1,1,1,0,1,0,0,1,0
3.837890000,0,0,0,0,0,0,0,0,0,0,0,0
3.837895000,0,1,0,1,1,1,0,1,0,0,1,0
3.837974000,0,1,0,1,1,1,0,1,0,0,1,1
3.838474000,0,1,0,1,1,1,0,1,0,0,1,0
3.838890000,0,0,0,0,0,0,0,0,0,0,0,0
3.838895000,1,1,0,1,1,1,0,1,0,0,1,0
3.838974000,1,1,0,1,1,1,0,1,0,0,1,1
3.839474000,1,1,0,1,1,1,0,1,0,0,1,0
3.839890000,0,0,0,0,0,0,0,0,0,0,0,0
3.839895000,1,1,1,1,1,1,0,1,0,0,1,0
3.839974000,1,1,1,1,1,1,0,1,0,0,1,1
3.840474000,1,1,1,1,1,1,0,1,0,0,1,0
3.840890000,0,0,0,0,0,0,0,0,0,0,0,0
3.840895000,1,1,1,0,1,1,0,1,0,0,1,0
3.840974000,1,1,1,0,1,1,0,1,0,0,1,1
3.841474000,1,1,1,0,1,1,0,1,0,0,1,0
3.841890000,0,0,0,0,0,0,0,0,0,0,0,0
3.841895000,1,0,0,0,0,0,1,1,0,0,1,0
3.841974000,1,0,0,0,0,0,1,1,0,0,1,1
3.842473000,1,0,0,0,0,0,1,1,0,0,1,0
3.842890000,0,0,0,0,0,0,0,0,0,0,0,0
3.842895000,1,1,1,0,1,1,0,1,0,0,1,0
3.842973000,1,1,1,0,1,1,0,1,0,0,1,1
3.843473000,1,1,1,0,1,1,0,1,0,0,1,0
3.843890000,0,0,0,0,0,0,0,0,0,0,0,0
3.843895000,0,1,0,0,0,0,1,1,0,0,1,0
3.843973000,0,1,0,0,0,0,1,1,0,0,1,1
3.844473000,0,1,0,0,0,0,1,1,0,0,1,0
3.844890000,0,0,0,0,0,0,0,0,0,0,0,0
3.844895000,1,1,1,0,1,1,0,1,0,0,1,0
3.844973000,1,1,1,0,1,1,0,1,0,0,1,1
3.845473000,1,1,1,0,1,1,0,1,0,0,1,0
3.845890000,0,0,0,0,0,0,0,0,0,0,0,0
3.845895000,1,1,1,1,1,1,0,1,0,0,1,0
3.845973000,1,1,1,1,1,1,0,1,0,0,1,1
3.846473000,1,1,1,1,1,1,0,1,0,0,1,0
3.846890000,0,0,0,0,0,0,0,0,0,0,0,0
3.846895000,1,0,1,1,1,1,0,1,0,0,1,0
3.846973000,1,0,1,1,1,1,0,1,0,0,1,1
3.847473000,1,0,1,1,1,1,0,1,0,0,1,0
3.847890000,0,0,0,0,0,0,0,0,0,0,0,0
3.847895000,1,1,1,1,1,1,0,1,0,0,1,0
3.847973000,1,1,1,1,1,1,0,1,0,0,1,1
3.848473000,1,1,1,1,1,1,0,1,0,0,1,0
3.848890000,0,0,0,0,0,0,0,0,0,0,0,0
3.848895000,1,1,1,0,1,1,0,1,0,0,1,0
3.848973000,1,1,1,0,1,1,0,1,0,0,1,1
3.849473000,1,1,1,0,1,1,0,1,0,0,1,0
3.849890000,0,0,0,0,0,0,0,0,0,0,0,0
3.849895000,1,1,0,1,1,1,0,1,0,0,1,0
3.849973000,1,1,0,1,1,1,0,1,0,0,1,1
3.850473000,1,1,0,1,1,1,0,1,0,0,1,0
3.850890000,0,0,0,0,0,0,0,0,0,0,0,0
3.850895000,1,1,1,1,1,1,0,1,0,0,1,0
3.850973000,1,1,1,1,1,1,0,1,0,0,1,1
3.851473000,1,1,1,1,1,1,0,1,0,0,1,0
3.851890000,0,0,0,0,0,0,0,0,0,0,0,0
3.851895000,1,1,1,1,1,1,0,1,0,0,1,0
3.851973000,1,1,1,1,1,1,0,1,0,0,1,1
3.852473000,1,1,1,1,1,1,0,1,0,0,1,0
3.852890000,0,0,0,0,0,0,0,0,0,0,0,0
3.852895000,0,1,0,0,0,0,1,1,0,0,1,0
3.852973000,0,1,0,0,0,0,1,1,0,0,1,1
3.853473000,0,1,0,0,0,0,1,1,0,0,1,0
3.853890000,0,0,0,0,0,0,0,0,0,0,0,0
3.853895000,0,0,1,1,1,1,0,1,0,0,1,0
3.853973000,0,0,1,1,1,1,0,1,0,0,1,1
3.854473000,0,0,1,1,1,1,0,1,0,0,1,0
3.854890000,0,0,0,0,0,0,0,0,0,0,0,0
3.854895000,0,0,0,1,0,0,1,1,0,0,1,0
3.854973000,0,0,0,1,0,0,1,1,0,0,1,1
3.855473000,0,0,0,1,0,0,1,1,0,0,1,0
3.855890000,0,0,0,0,0,0,0,0,0,0,0,0
3.855895000,0,0,1,0,0,0,1,1,0,0,1,0
3.855973000,0,0,1,0,0,0,1,1,0,0,1,1
3.856473000,0,0,1,0,0,0,1,1,0,0,1,0
3.856890000,0,0,0,0,0,0,0,0,0,0,0,0
3.856895000,0,0,0,0,0,0,1,1,0,0,1,0
3.856973000,0,0,0,0,0,0,1,1,0,0,1,1
3.857473000,0,0,0,0,0,0,1,1,0,0,1,0
3.857890000,0,0,0,0,0,0,0,0,0,0,0,0
3.857895000,0,0,0,1,1,1,0,1,0,0,1,0
3.857973000,0,0,0,1,1,1,0,1,0,0,1,1
3.858473000,0,0,0,1,1,1,0,1,0,0,1,0
3.858890000,0,0,0,0,0,0,0,0,0,0,0,0
3.858895000,1,0,1,1,1,1,0,1,0,0,1,0
3.858973000,1,0,1,1,1,1,0,1,0,0,1,1
3.859473000,1,0,1,1,1,1,0,1,0,0,1,0
3.859890000,0,0,0,0,0,0,0,0,0,0,0,0
3.859895000,1,1,1,1,1,1,0,1,0,0,1,0
3.859973000,1,1,1,1,1,1,0,1,0,0,1,1
3.860473000,1,1,1,1,1,1,0,1,0,0,1,0
3.860890000,0,0,0,0,0,0,0,0,0,0,0,0
3.860895000,0,0,1,1,1,1,0,1,0,0,1,0
3.860973000,0,0,1,1,1,1,0,1,0,0,1,1
3.861473000,0,0,1,1,1,1,0,1,0,0,1,0
3.861890000,0,0,0,0,0,0,0,0,0,0,0,0
3.861895000,0,0,0,0,0,0,1,1,0,0,1,0
3.861973000,0,0,0,0,0,0,1,1,0,0,1,1
3.862473000,0,0,0,0,0,0,1,1,0,0,1,0
3.862890000,0,0,0,0,0,0,0,0,0,0,0,0
3.862895000,0,1,1,0,0,0,1,1,0,0,1,0
3.862973000,0,1,1,0,0,0,1,1,0,0,1,1
3.863473000,0,1,1,0,0,0,1,1,0,0,1,0
3.863890000,0,0,0,0,0,0,0,0,0,0,0,0
3.863895000,1,1,1,0,1,1,0,1,0,0,1,0
3.863973000,1,1,1,0,1,1,0,1,0,0,1,1
3.864473000,1,1,1,0,1,1,0,1,0,0,1,0
3.864890000,0,0,0,0,0,0,0,0,0,0,0,0
3.864895000,1,0,1,1,1,1,0,1,0,0,1,0
3.864973000,1,0,1,1,1,1,0,1,0,0,1,1
3.865473000,1,0,1,1,1,1,0,1,0,0,1,0
3.865890000,0,0,0,0,0,0,0,0,0,0,0,0
3.865895000,0,0,0,0,1,0,1,1,0,0,1,0
3.865973000,0,0,0,0,1,0,1,1,0,0,1,1
3.866473000,0,0,0,0,1,0,1,1,0,0,1,0
3.866890000,0,0,0,0,0,0,0,0,0,0,0,0
3.866895000,1,1,1,0,1,1,0,1,0,0,1,0
3.866973000,1,1,1,0,1,1,0,1,0,0,1,1
3.867473000,1,1,1,0,1,1,0,1,0,0,1,0
3.867890000,0,0,0,0,0,0,0,0,0,0,0,0
3.867895000,1,1,1,1,1,1,0,1,0,0,1,0
3.867973000,1,1,1,1,1,1,0,1,0,0,1,1
3.868473000,1,1,1,1,1,1,0,1,0,0,1,0
3.868890000,0,0,0,0,0,0,0,0,0,0,0,0
3.868895000,0,0,0,0,1,0,1,1,0,0,1,0
3.868973000,0,0,0,0,1,0,1,1,0,0,1,1
3.869473000,0,0,0,0,1,0,1,1,0,0,1,0
3.869890000,0,0,0,0,0,0,0,0,0,0,0,0
3.869895000,1,1,1,1,1,1,0,1,0,0,1,0
3.869973000,1,1,1,1,1,1,0,1,0,0,1,1
3.870473000,1,1,1,1,1,1,0,1,0,0,1,0
3.870890000,0,0,0,0,0,0,0,0,0,0,0,0
3.870895000,0,0,0,1,0,0,1,1,0,0,1,0
3.870973000,0,0,0,1,0,0,1,1,0,0,1,1
3.871473000,0,0,0,1,0,0,1,1,0,0,1,0
3.871890000,0,0,0,0,0,0,0,0,0,0,0,0
3.871895000,1,1,1,0,0,0,1,1,0,0,1,0
3.871973000,1,1,1,0,0,0,1,1,0,0,1,1
3.872473000,1,1,1,0,0,0,1,1,0,0,1,0
3.872890000,0,0,0,0,0,0,0,0,0,0,0,0
3.872895000,1,0,0,0,1,0,1,1,0,0,1,0
3.872973000,1,0,0,0,1,0,1,1,0,0,1,1
3.873473000,1,0,0,0,1,0,1,1,0,0,1,0
3.873890000,0,0,0,0,0,0,0,0,0,0,0,0
3.873895000,1,1,0,1,1,0,1,1,0,0,1,0
3.873973000,1,1,0,1,1,0,1,1,0,0,1,1
3.874473000,1,1,0,1,1,0,1,1,0,0,1,0
3.874890000,0,0,0,0,0,0,0,0,0,0,0,0
3.874895000,0,1,0,1,0,0,1,1,0,0,1,0
3.874973000,0,1,0,1,0,0,1,1,0,0,1,1
3.875473000,0,1,0,1,0,0,1,1,0,0,1,0
3.875890000,0,0,0,0,0,0,0,0,0,0,0,0
3.875895000,0,1,0,0,1,0,1,1,0,0,1,0
3.875973000,0,1,0,0,1,0,1,1,0,0,1,1
3.876473000,0,1,0,0,1,0,1,1,0,0,1,0
3.876890000,0,0,0,0,0,0,0,0,0,0,0,0
3.876895000,0,1,1,0,0,0,1,1,0,0,1,0
3.876973000,0,1,1,0,0,0,1,1,0,0,1,1
3.877473000,0,1,1,0,0,0,1,1,0,0,1,0
3.877890000,0,0,0,0,0,0,0,0,0,0,0,0
3.877895000,0,0,1,0,0,0,1,1,0,0,1,0
3.877973000,0,0,1,0,0,0,1,1,0,0,1,1
3.878473000,0,0,1,0,0,0,1,1,0,0,1,0
3.878890000,0,0,0,0,0,0,0,0,0,0,0,0
3.878895000,0,0,1,0,1,0,1,1,0,0,1,0
3.878973000,0,0,1,0,1,0,1,1,0,0,1,1
3.879473000,0,0,1,0,1,0,1,1,0,0,1,0
3.879890000,0,0,0,0,0,0,0,0,0,0,0,0
3.879895000,1,1,0,1,0,0,1,1,0,0,1,0
3.879973000,1,1,0,1,0,0,1,1,0,0,1,1
3.880473000,1,1,0,1,0,0,1,1,0,0,1,0
3.880890000,0,0,0,0,0,0,0,0,0,0,0,0
3.880895000,1,1,0,0,0,0,1,1,0,0,1,0
3.880973000,1,1,0,0,0,0,1,1,0,0,1,1
3.881473000,1,1,0,0,0,0,1,1,0,0,1,0
3.881890000,0,0,0,0,0,0,0,0,0,0,0,0
3.881895000,1,1,1,1,1,1,0,1,0,0,1,0
3.881973000,1,1,1,1,1,1,0,1,0,0,1,1
3.882473000,1,1,1,1,1,1,0,1,0,0,1,0
3.882890000,0,0,0,0,0,0,0,0,0,0,0,0
3.882895000,1,1,1,1,0,0,1,1,0,0,1,0
3.882973000,1,1,1,1,0,0,1,1,0,0,1,1
3.883473000,1,1,1,1,0,0,1,1,0,0,1,0
3.883890000,0,0,0,0,0,0,0,0,0,0,0,0
3.883895000,0,0,1,0,1,0,1,1,0,0,1,0
3.883973000,0,0,1,0,1,0,1,1,0,0,1,1
3.884473000,0,0,1,0,1,0,1,1,0,0,1,0
3.884890000,0,0,0,0,0,0,0,0,0,0,0,0
3.884895000,0,0,0,0,1,0,1,1,0,0,1,0
3.884973000,0,0,0,0,1,0,1,1,0,0,1,1
3.885473000,0,0,0,0,1,0,1,1,0,0,1,0
3.885890000,0,0,0,0,0,0,0,0,0,0,0,0
3.885895000,0,1,0,0,0,0,1,1,0,0,1,0
3.885973000,0,1,0,0,0,0,1,1,0,0,1,1
3.886473000,0,1,0,0,0,0,1,1,0,0,1,0
3.886890000,0,0,0,0,0,0,0,0,0,0,0,0
3.886895000,1,1,1,1,1,1,0,1,0,0,1,0
3.886973000,1,1,1,1,1,1,0,1,0,0,1,1
3.887473000,1,1,1,1,1,1,0,1,0,0,1,0
3.887890000,0,0,0,0,0,0,0,0,0,0,0,0
3.887895000,1,0,0,1,0,0,1,1,0,0,1,0
3.887973000,1,0,0,1,0,0,1,1,0,0,1,1
3.888473000,1,0,0,1,0,0,1,1,0,0,1,0
3.888890000,0,0,0,0,0,0,0,0,0,0,0,0
3.888895000,0,1,0,1,0,0,1,1,0,0,1,0
3.888973000,0,1,0,1,0,0,1,1,0,0,1,1
3.889473000,0,1,0,1,0,0,1,1,0,0,1,0
3.889890000,0,0,0,0,0,0,0,0,0,0,0,0
3.889895000,0,0,1,1,0,0,1,1,0,0,1,0
3.889973000,0,0,1,1,0,0,1,1,0,0,1,1
3.890473000,0,0,1,1,0,0,1,1,0,0,1,0
3.890890000,0,0,0,0,0,0,0,0,0,0,0,0
3.890895000,1,0,0,0,1,0,1,1,0,0,1,0
3.890973000,1,0,0,0,1,0,1,1,0,0,1,1
3.891473000,1,0,0,0,1,0,1,1,0,0,1,0
3.891890000,0,0,0,0,0,0,0,0,0,0,0,0
3.891895000,1,0,1,0,1,0,1,1,0,0,1,0
3.891973000,1,0,1,0,1,0,1,1,0,0,1,1
3.892473000,1,0,1,0,1,0,1,1,0,0,1,0
3.892890000,0,0,0,0,0,0,0,0,0,0,0,0
3.892895000,0,1,1,0,0,0,1,1,0,0,1,0
3.892973000,0,1,1,0,0,0,1,1,0,0,1,1
3.893473000,0,1,1,0,0,0,1,1,0,0,1,0
3.893890000,0,0,0,0,0,0,0,0,0,0,0,0
3.893895000,0,1,1,0,0,0,1,1,0,0,1,0
3.893973000,0,1,1,0,0,0,1,1,0,0,1,1
3.894473000,0,1,1,0,0,0,1,1,0,0,1,0
3.894890000,0,0,0,0,0,0,0,0,0,0,0,0
3.894895000,0,1,1,1,1,0,1,1,0,0,1,0
3.894973000,0,1,1,1,1,0,1,1,0,0,1,1
3.895473000,0,1,1,1,1,0,1,1,0,0,1,0
3.895890000,0,0,0,0,0,0,0,0,0,0,0,0
3.895895000,0,0,0,1,0,0,1,1,0,0,1,0
3.895973000,0,0,0,1,0,0,1,1,0,0,1,1
3.896473000,0,0,0,1,0,0,1,1,0,0,1,0
3.896890000,0,0,0,0,0,0,0,0,0,0,0,0
3.896895000,1,1,0,0,0,0,1,1,0,0,1,0
3.896973000,1,1,0,0,0,0,1,1,0,0,1,1
3.897473000,1,1,0,0,0,0,1,1,0,0,1,0
3.897890000,0,0,0,0,0,0,0,0,0,0,0,0
3.897895000,0,1,1,0,0,0,1,1,0,0,1,0
3.897973000,0,1,1,0,0,0,1,1,0,0,1,1
3.898473000,0,1,1,0,0,0,1,1,0,0,1,0
3.898890000,0,0,0,0,0,0,0,0,0,0,0,0
3.898895000,0,1,1,0,0,0,1,1,0,0,1,0
3.898973000,0,1,1,0,0,0,1,1,0,0,1,1
3.899473000,0,1,1,0,0,0,1,1,0,0,1,0
3.899890000,0,0,0,0,0,0,0,0,0,0,0,0
3.899895000,1,1,0,1,1,1,0,1,0,0,1,0
3.899973000,1,1,0,1,1,1,0,1,0,0,1,1
3.900473000,1,1,0,1,1,1,0,1,0,0,1,0
3.900890000,0,0,0,0,0,0,0,0,0,0,0,0
3.900895000,0,0,1,0,1,0,1,1,0,0,1,0
3.900973000,0,0,1,0,1,0,1,1,0,0,1,1
3.901473000,0,0,1,0,1,0,1,1,0,0,1,0
3.901890000,0,0,0,0,0,0,0,0,0,0,0,0
3.901895000,1,1,1,1,1,1,0,1,0,0,1,0
3.901973000,1,1,1,1,1,1,0,1,0,0,1,1
3.902473000,1,1,1,1,1,1,0,1,0,0,1,0
3.902890000,0,0,0,0,0,0,0,0,0,0,0,0
3.902895000,1,1,0,0,1,0,1,1,0,0,1,0
3.902973000,1,1,0,0,1,0,1,1,0,0,1,1
3.903473000,1,1,0,0,1,0,1,1,0,0,1,0
3.903890000,0,0,0,0,0,0,0,0,0,0,0,0
3.903895000,0,0,0,0,0,0,1,1,0,0,1,0
3.903973000,0,0,0,0,0,0,1,1,0,0,1,1
3.904473000,0,0,0,0,0,0,1,1,0,0,1,0
3.904890000,0,0,0,0,0,0,0,0,0,0,0,0
3.904895000,0,1,0,0,1,0,1,1,0,0,1,0
3.904973000,0,1,0,0,1,0,1,1,0,0,1,1
3.905473000,0,1,0,0,1,0,1,1,0,0,1,0
3.905890000,0,0,0,0,0,0,0,0,0,0,0,0
3.905895000,1,1,1,1,1,1,0,1,0,0,1,0
3.905973000,1,1,1,1,1,1,0,1,0,0,1,1
3.906473000,1,1,1,1,1,1,0,1,0,0,1,0
3.906890000,0,0,0,0,0,0,0,0,0,0,0,0
3.906895000,0,0,0,0,1,0,1,1,0,0,1,0
3.906973000,0,0,0,0,1,0,1,1,0,0,1,1
3.907473000,0,0,0,0,1,0,1,1,0,0,1,0
3.907890000,0,0,0,0,0,0,0,0,0,0,0,0
3.907895000,1,1,0,0,0,0,1,1,0,0,1,0
3.907973000,1,1,0,0,0,0,1,1,0,0,1,1
3.908473000,1,1,0,0,0,0,1,1,0,0,1,0
3.908890000,0,0,0,0,0,0,0,0,0,0,0,0
3.908895000,0,0,1,0,0,0,1,1,0,0,1,0
3.908973000,0,0,1,0,0,0,1,1,0,0,1,1
3.909473000,0,0,1,0,0,0,1,1,0,0,1,0
3.909890000,0,0,0,0,0,0,0,0,0,0,0,0
3.909895000,1,0,1,1,1,1,0,1,0,0,1,0
3.909973000,1,0,1,1,1,1,0,1,0,0,1,1
3.910473000,1,0,1,1,1,1,0,1,0,0,1,0
3.910890000,0,0,0,0,0,0,0,0,0,0,0,0
3.910895000,1,1,1,0,0,0,1,1,0,0,1,0
3.910973000,1,1,1,0,0,0,1,1,0,0,1,1
3.911473000,1,1,1,0,0,0,1,1,0,0,1,0
3.911890000,0,0,0,0,0,0,0,0,0,0,0,0
3.911895000,0,0,1,1,0,0,1,1,0,0,1,0
3.911973000,0,0,1,1,0,0,1,1,0,0,1,1
3.912473000,0,0,1,1,0,0,1,1,0,0,1,0
3.912890000,0,0,0,0,0,0,0,0,0,0,0,0
3.912895000,0,0,1,0,1,0,1,1,0,0,1,0
3.912973000,0,0,1,0,1,0,1,1,0,0,1,1
3.913473000,0,0,1,0,1,0,1,1,0,0,1,0
3.913890000,0,0,0,0,0,0,0,0,0,0,0,0
3.913895000,1,1,1,1,1,1,0,1,0,0,1,0
3.913973000,1,1,1,1,1,1,0,1,0,0,1,1
3.914473000,1,1,1,1,1,1,0,1,0,0,1,0
3.914890000,0,0,0,0,0,0,0,0,0,0,0,0
3.914895000,0,0,1,1,1,1,0,1,0,0,1,0
3.914973000,0,0,1,1,1,1,0,1,0,0,1,1
3.915473000,0,0,1,1,1,1,0,1,0,0,1,0
3.915890000,0,0,0,0,0,0,0,0,0,0,0,0
3.915895000,1,0,0,0,1,0,1,1,0,0,1,0
3.915973000,1,0,0,0,1,0,1,1,0,0,1,1
3.916473000,1,0,0,0,1,0,1,1,0,0,1,0
3.916890000,0,0,0,0,0,0,0,0,0,0,0,0
3.916895000,1,1,1,1,1,1,0,1,0,0,1,0
3.916973000,1,1,1,1,1,1,0,1,0,0,1,1
3.917473000,1,1,1,1,1,1,0,1,0,0,1,0
3.917890000,0,0,0,0,0,0,0,0,0,0,0,0
3.917895000,1,0,0,1,0,0,1,1,0,0,1,0
3.917973000,1,0,0,1,0,0,1,1,0,0,1,1
3.918473000,1,0,0,1,0,0,1,1,0,0,1,0
3.918890000,0,0,0,0,0,0,0,0,0,0,0,0
3.918895000,0,1,1,1,1,1,0,1,0,0,1,0
3.918973000,0,1,1,1,1,1,0,1,0,0,1,1
3.919473000,0,1,1,1,1,1,0,1,0,0,1,0
3.919890000,0,0,0,0,0,0,0,0,0,0,0,0
3.919895000,1,1,1,1,1,1,0,1,0,0,1,0
3.919973000,1,1,1,1,1,1,0,1,0,0,1,1
3.920473000,1,1,1,1,1,1,0,1,0,0,1,0
3.920890000,0,0,0,0,0,0,0,0,0,0,0,0
3.920895000,0,0,1,1,1,1,0,1,0,0,1,0
3.920973000,0,0,1,1,1,1,0,1,0,0,1,1
3.921473000,0,0,1,1,1,1,0,1,0,0,1,0
3.921890000,0,0,0,0,0,0,0,0,0,0,0,0
3.921895000,1,0,0,1,0,0,1,1,0,0,1,0
3.921973000,1,0,0,1,0,0,1,1,0,0,1,1
3.922473000,1,0,0,1,0,0,1,1,0,0,1,0
3.922890000,0,0,0,0,0,0,0,0,0,0,0,0
3.922895000,1,1,1,1,1,1,0,1,0,0,1,0
3.922973000,1,1,1,1,1,1,0,1,0,0,1,1
3.923473000,1,1,1,1,1,1,0,1,0,0,1,0
3.923890000,0,0,0,0,0,0,0,0,0,0,0,0
3.923895000,0,1,0,0,1,0,1,1,0,0,1,0
3.923973000,0,1,0,0,1,0,1,1,0,0,1,1
3.924473000,0,1,0,0,1,0,1,1,0,0,1,0
3.924890000,0,0,0,0,0,0,0,0,0,0,0,0
3.924895000,0,0,1,0,0,0,1,1,0,0,1,0
3.924973000,0,0,1,0,0,0,1,1,0,0,1,1
3.925473000,0,0,1,0,0,0,1,1,0,0,1,0
3.925890000,0,0,0,0,0,0,0,0,0,0,0,0
3.925895000,1,1,1,1,1,1,0,1,0,0,1,0
3.925973000,1,1,1,1,1,1,0,1,0,0,1,1
3.926473000,1,1,1,1,1,1,0,1,0,0,1,0
3.926890000,0,0,0,0,0,0,0,0,0,0,0,0
3.926895000,0,0,1,1,1,1,0,1,0,0,1,0
3.926973000,0,0,1,1,1,1,0,1,0,0,1,1
3.927473000,0,0,1,1,1,1,0,1,0,0,1,0
3.927890000,0,0,0,0,0,0,0,0,0,0,0,0
3.927895000,1,0,0,0,0,0,1,1,0,0,1,0
3.927973000,1,0,0,0,0,0,1,1,0,0,1,1
3.928473000,1,0,0,0,0,0,1,1,0,0,1,0
3.928890000,0,0,0,0,0,0,0,0,0,0,0,0
3.928895000,0,1,0,0,1,0,1,1,0,0,1,0
3.928973000,0,1,0,0,1,0,1,1,0,0,1,1
3.929473000,0,1,0,0,1,0,1,1,0,0,1,0
3.929890000,0,0,0,0,0,0,0,0,0,0,0,0
3.929895000,0,0,1,0,0,0,1,1,0,0,1,0
3.929973000,0,0,1,0,0,0,1,1,0,0,1,1
3.930473000,0,0,1,0,0,0,1,1,0,0,1,0
3.930890000,0,0,0,0,0,0,0,0,0,0,0,0
3.930895000,1,1,0,0,1,1,0,1,0,0,1,0
3.930973000,1,1,0,0,1,1,0,1,0,0,1,1
3.931473000,1,1,0,0,1,1,0,1,0,0,1,0
3.931890000,0,0,0,0,0,0,0,0,0,0,0,0
3.931895000,0,1,1,0,0,0,1,1,0,0,1,0
3.931973000,0,1,1,0,0,0,1,1,0,0,1,1
3.932473000,0,1,1,0,0,0,1,1,0,0,1,0
3.932890000,0,0,0,0,0,0,0,0,0,0,0,0
3.932895000,1,1,1,1,1,1,0,1,0,0,1,0
3.932973000,1,1,1,1,1,1,0,1,0,0,1,1
3.933473000,1,1,1,1,1,1,0,1,0,0,1,0
3.933890000,0,0,0,0,0,0,0,0,0,0,0,0
3.933895000,0,0,0,0,0,0,1,1,0,0,1,0
3.933973000,0,0,0,0,0,0,1,1,0,0,1,1
3.934473000,0,0,0,0,0,0,1,1,0,0,1,0
3.934890000,0,0,0,0,0,0,0,0,0,0,0,0
3.934895000,1,1,0,0,1,1,0,1,0,0,1,0
3.934973000,1,1,0,0,1,1,0,1,0,0,1,1
3.935473000,1,1,0,0,1,1,0,1,0,0,1,0
3.935890000,0,0,0,0,0,0,0,0,0,0,0,0
3.935895000,0,1,1,0,0,0,1,1,0,0,1,0
3.935973000,0,1,1,0,0,0,1,1,0,0,1,1
3.936473000,0,1,1,0,0,0,1,1,0,0,1,0
3.936890000,0,0,0,0,0,0,0,0,0,0,0,0
3.936895000,1,1,1,0,1,1,0,1,0,0,1,0
3.936973000,1,1,1,0,1,1,0,1,0,0,1,1
3.937473000,1,1,1,0,1,1,0,1,0,0,1,0
3.937890000,0,0,0,0,0,0,0,0,0,0,0,0
3.937895000,1,1,0,1,1,1,0,1,0,0,1,0
3.937973000,1,1,0,1,1,1,0,1,0,0,1,1
3.938473000,1,1,0,1,1,1,0,1,0,0,1,0
3.938890000,0,0,0,0,0,0,0,0,0,0,0,0
3.938895000,0,0,0,0,0,0,1,1,0,0,1,0
3.938973000,0,0,0,0,0,0,1,1,0,0,1,1
3.939473000,0,0,0,0,0,0,1,1,0,0,1,0
3.939889000,0,0,0,0,0,0,1,1,0,0,0,0
3.939890000,0,0,0,0,0,0,0,0,0,0,0,0
3.939895000,1,1,1,0,1,1,0,1,0,0,1,0
3.939973000,1,1,1,0,1,1,0,1,0,0,1,1
3.940473000,1,1,1,0,1,1,0,1,0,0,1,0
3.940889000,1,1,1,0,1,1,0,1,0,0,0,0
3.940890000,0,0,0,0,0,0,0,0,0,0,0,0
3.940895000,1,1,1,1,1,1,0,1,0,0,1,0
3.940973000,1,1,1,1,1,1,0,1,0,0,1,1
3.941473000,1,1,1,1,1,1,0,1,0,0,1,0
3.941889000,1,1,1,1,1,1,0,1,0,0,0,0
3.941890000,0,0,0,0,0,0,0,0,0,0,0,0
3.941895000,1,1,0,0,1,1,0,1,0,0,1,0
3.941973000,1,1,0,0,1,1,0,1,0,0,1,1
3.942473000,1,1,0,0,1,1,0,1,0,0,1,0
3.942889000,1,1,0,0,1,1,0,1,0,0,0,0
3.942890000,0,0,0,0,0,0,0,0,0,0,0,0
3.942895000,1,0,1,1,0,1,0,1,0,0,1,0
3.942973000,1,0,1,1,0,1,0,1,0,0,1,1
3.943473000,1,0,1,1,0,1,0,1,0,0,1,0
3.943889000,1,0,1,1,0,1,0,1,0,0,0,0
3.943890000,0,0,0,0,0,0,0,0,0,0,0,0
3.943895000,1,1,1,1,1,1,0,1,0,0,1,0
3.943973000,1,1,1,1,1,1,0,1,0,0,1,1
3.944473000,1,1,1,1,1,1,0,1,0,0,1,0
3.944889000,0,1,1,1,1,1,1,1,0,0,0,0
3.944890000,0,0,0,0,0,0,0,0,0,0,0,0
3.944895000,1,1,0,1,1,1,0,1,0,0,1,0
3.944973000,1,1,0,1,1,1,0,1,0,0,1,1
3.945473000,1,1,0,1,1,1,0,1,0,0,1,0
3.945889000,0,0,0,0,0,0,0,0,0,0,0,0
3.945895000,0,1,0,1,0,0,1,1,0,0,1,0
3.945973000,0,1,0,1,0,0,1,1,0,0,1,1
3.946473000,0,1,0,1,0,0,1,1,0,0,1,0
3.946889000,0,0,0,0,0,0,0,0,0,0,0,0
3.946895000,1,0,0,1,0,0,1,1,0,0,1,0
3.946973000,1,0,0,1,0,0,1,1,0,0,1,1
3.947473000,1,0,0,1,0,0,1,1,0,0,1,0
3.947889000,0,0,0,0,0,0,0,0,0,0,0,0
3.947895000,1,0,1,1,1,1,0,1,0,0,1,0
3.947973000,1,0,1,1,1,1,0,1,0,0,1,1
3.948473000,1,0,1,1,1,1,0,1,0,0,1,0
3.948889000,0,0,0,0,0,0,0,0,0,0,0,0
3.948895000,0,1,0,1,1,1,0,1,0,0,1,0
3.948973000,0,1,0,1,1,1,0,1,0,0,1,1
3.949473000,0,1,0,1,1,1,0,1,0,0,1,0
3.949889000,0,0,0,0,0,0,0,0,0,0,0,0
3.949895000,1,1,0,1,1,1,0,1,0,0,1,0
3.949973000,1,1,0,1,1,1,0,1,0,0,1,1
3.950473000,1,1,0,1,1,1,0,1,0,0,1,0
3.950889000,0,0,0,0,0,0,0,0,0,0,0,0
3.950894000,0,0,0,0,0,0,1,0,0,0,0,0
3.950895000,0,1,1,0,1,0,1,1,0,0,1,0
3.950973000,0,1,1,0,1,0,1,1,0,0,1,1
3.951473000,0,1,1,0,1,0,1,1,0,0,1,0
3.951889000,0,0,0,0,0,0,0,0,0,0,0,0
3.951894000,0,0,0,0,0,0,0,1,0,0,0,0
3.951895000,1,0,1,1,1,1,0,1,0,0,1,0
3.951973000,1,0,1,1,1,1,0,1,0,0,1,1
3.952473000,1,0,1,1,1,1,0,1,0,0,1,0
3.952889000,0,0,0,0,0,0,0,0,0,0,0,0
3.952894000,0,0,0,0,0,1,0,1,0,0,0,0
3.952895000,1,1,1,1,1,1,0,1,0,0,1,0
3.952973000,1,1,1,1,1,1,0,1,0,0,1,1
3.953473000,1,1,1,1,1,1,0,1,0,0,1,0
3.953889000,0,0,0,0,0,0,0,0,0,0,0,0
3.953894000,0,0,0,1,0,0,1,1,0,0,1,0
3.953895000,0,1,0,1,0,0,1,1,0,0,1,0
3.953973000,0,1,0,1,0,0,1,1,0,0,1,1
3.954473000,0,1,0,1,0,0,1,1,0,0,1,0
3.954889000,0,0,0,0,0,0,0,0,0,0,0,0
3.954894000,0,0,0,1,0,0,1,1,0,0,1,0
3.954973000,0,0,0,1,0,0,1,1,0,0,1,1
3.955473000,0,0,0,1,0,0,1,1,0,0,1,0
3.955889000,0,0,0,0,0,0,0,0,0,0,0,0
3.955894000,0,0,1,1,1,1,0,1,0,0,1,0
3.955895000,1,1,1,1,1,1,0,1,0,0,1,0
3.955973000,1,1,1,1,1,1,0,1,0,0,1,1
3.956473000,1,1,1,1,1,1,0,1,0,0,1,0
3.956889000,0,0,0,0,0,0,0,0,0,0,0,0
3.956894000,1,1,1,0,1,1,0,1,0,0,1,0
3.956973000,1,1,1,0,1,1,0,1,0,0,1,1
3.957473000,1,1,1,0,1,1,0,1,0,0,1,0
3.957889000,0,0,0,0,0,0,0,0,0,0,0,0
3.957894000,0,0,0,1,1,1,0,1,0,0,1,0
3.957973000,0,0,0,1,1,1,0,1,0,0,1,1
3.958473000,0,0,0,1,1,1,0,1,0,0,1,0
3.958889000,0,0,0,0,0,0,0,0,0,0,0,0
3.958894000,0,0,0,1,0,0,1,1,0,0,1,0
3.958973000,0,0,0,1,0,0,1,1,0,0,1,1
3.959473000,0,0,0,1,0,0,1,1,0,0,1,0
3.959889000,0,0,0,0,0,0,0,0,0,0,0,0
3.959894000,1,0,0,0,0,0,1,1,0,0,1,0
3.959973000,1,0,0,0,0,0,1,1,0,0,1,1
3.960473000,1,0,0,0,0,0,1,1,0,0,1,0
3.960889000,0,0,0,0,0,0,0,0,0,0,0,0
3.960894000,1,1,0,1,1,1,0,1,0,0,1,0
3.960973000,1,1,0,1,1,1,0,1,0,0,1,1
3.961473000,1,1,0,1,1,1,0,1,0,0,1,0
3.961889000,0,0,0,0,0,0,0,0,0,0,0,0
3.961894000,1,1,0,1,1,1,0,1,0,0,1,0
3.961973000,1,1,0,1,1,1,0,1,0,0,1,1
3.962473000,1,1,0,1,1,1,0,1,0,0,1,0
3.962889000,0,0,0,0,0,0,0,0,0,0,0,0
3.962894000,1,1,0,0,0,0,1,1,0,0,1,0
3.962973000,1,1,0,0,0,0,1,1,0,0,1,1
3.963473000,1,1,0,0,0,0,1,1,0,0,1,0
3.963889000,0,0,0,0,0,0,0,0,0,0,0,0
3.963894000,1,1,0,1,0,0,1,1,0,0,1,0
3.963973000,1,1,0,1,0,0,1,1,0,0,1,1
3.964473000,1,1,0,1,0,0,1,1,0,0,1,0
3.964889000,0,0,0,0,0,0,0,0,0,0,0,0
3.964894000,1,1,1,1,1,1,0,1,0,0,1,0
3.964973000,1,1,1,1,1,1,0,1,0,0,1,1
3.965473000,1,1,1,1,1,1,0,1,0,0,1,0
3.965889000,0,0,0,0,0,0,0,0,0,0,0,0
3.965894000,0,0,0,0,0,0,1,1,0,0,1,0
3.965973000,0,0,0,0,0,0,1,1,0,0,1,1
3.966473000,0,0,0,0,0,0,1,1,0,0,1,0
3.966889000,0,0,0,0,0,0,0,0,0,0,0,0
3.966894000,1,1,0,1,1,1,0,1,0,0,1,0
3.966973000,1,1,0,1,1,1,0,1,0,0,1,1
3.967473000,1,1,0,1,1,1,0,1,0,0,1,0
3.967889000,0,0,0,0,0,0,0,0,0,0,0,0
3.967894000,0,1,0,1,0,0,1,1,0,0,1,0
3.967973000,0,1,0,1,0,0,1,1,0,0,1,1
3.968473000,0,1,0,1,0,0,1,1,0,0,1,0
3.968889000,0,0,0,0,0,0,0,0,0,0,0,0
3.968894000,1,1,0,0,0,0,1,1,0,0,1,0
3.968973000,1,1,0,0,0,0,1,1,0,0,1,1
3.969473000,1,1,0,0,0,0,1,1,0,0,1,0
3.969889000,0,0,0,0,0,0,0,0,0,0,0,0
3.969894000,0,0,1,1,1,1,0,1,0,0,1,0
3.969973000,0,0,1,1,1,1,0,1,0,0,1,1
3.970473000,0,0,1,1,1,1,0,1,0,0,1,0
3.970889000,0,0,0,0,0,0,0,0,0,0,0,0
3.970894000,0,1,1,0,0,0,1,1,0,0,1,0
3.970973000,0,1,1,0,0,0,1,1,0,0,1,1
3.971473000,0,1,1,0,0,0,1,1,0,0,1,0
3.971889000,0,0,0,0,0,0,0,0,0,0,0,0
3.971894000,1,0,0,0,0,0,1,1,0,0,1,0
3.971973000,1,0,0,0,0,0,1,1,0,0,1,1
3.972473000,1,0,0,0,0,0,1,1,0,0,1,0
3.972889000,0,0,0,0,0,0,0,0,0,0,0,0
3.972894000,0,1,1,1,1,1,0,1,0,0,1,0
3.972973000,0,1,1,1,1,1,0,1,0,0,1,1
3.973473000,0,1,1,1,1,1,0,1,0,0,1,0
3.973889000,0,0,0,0,0,0,0,0,0,0,0,0
3.973894000,0,0,0,0,1,0,1,1,0,0,1,0
3.973973000,0,0,0,0,1,0,1,1,0,0,1,1
3.974473000,0,0,0,0,1,0,1,1,0,0,1,0
3.974889000,0,0,0,0,0,0,0,0,0,0,0,0
3.974894000,1,1,0,1,0,0,1,1,0,0,1,0
3.974973000,1,1,0,1,0,0,1,1,0,0,1,1
3.975473000,1,1,0,1,0,0,1,1,0,0,1,0
3.975889000,0,0,0,0,0,0,0,0,0,0,0,0
3.975894000,1,1,0,1,0,0,1,1,0,0,1,0
3.975973000,1,1,0,1,0,0,1,1,0,0,1,1
3.976473000,1,1,0,1,0,0,1,1,0,0,1,0
3.976889000,0,0,0,0,0,0,0,0,0,0,0,0
3.976894000,1,1,1,1,1,1,0,1,0,0,1,0
3.976973000,1,1,1,1,1,1,0,1,0,0,1,1
3.977473000,1,1,1,1,1,1,0,1,0,0,1,0
3.977889000,0,0,0,0,0,0,0,0,0,0,0,0
3.977894000,1,1,1,1,1,1,0,1,0,0,1,0
3.977973000,1,1,1,1,1,1,0,1,0,0,1,1
3.978473000,1,1,1,1,1,1,0,1,0,0,1,0
3.978889000,0,0,0,0,0,0,0,0,0,0,0,0
3.978894000,1,0,1,0,0,0,1,1,0,0,1,0
3.978973000,1,0,1,0,0,0,1,1,0,0,1,1
3.979473000,1,0,1,0,0,0,1,1,0,0,1,0
3.979889000,0,0,0,0,0,0,0,0,0,0,0,0
3.979894000,1,1,1,1,1,1,0,1,0,0,1,0
3.979973000,1,1,1,1,1,1,0,1,0,0,1,1
3.980473000,1,1,1,1,1,1,0,1,0,0,1,0
3.980889000,0,0,0,0,0,0,0,0,0,0,0,0
3.980894000,1,1,1,1,1,1,0,1,0,0,1,0
3.980973000,1,1,1,1,1,1,0,1,0,0,1,1
3.981473000,1,1,1,1,1,1,0,1,0,0,1,0
3.981889000,0,0,0,0,0,0,0,0,0,0,0,0
3.981894000,0,1,1,0,0,0,1,1,0,0,1,0
3.981973000,0,1,1,0,0,0,1,1,0,0,1,1
3.982473000,0,1,1,0,0,0,1,1,0,0,1,0
3.982889000,0,0,0,0,0,0,0,0,0,0,0,0
3.982894000,0,1,0,0,0,0,1,1,0,0,1,0
3.982973000,0,1,0,0,0,0,1,1,0,0,1,1
3.983473000,0,1,0,0,0,0,1,1,0,0,1,0
3.983889000,0,0,0,0,0,0,0,0,0,0,0,0
3.983894000,1,1,1,1,1,1,0,1,0,0,1,0
3.983973000,1,1,1,1,1,1,0,1,0,0,1,1
3.984473000,1,1,1,1,1,1,0,1,0,0,1,0
3.984889000,0,0,0,0,0,0,0,0,0,0,0,0
3.984894000,0,0,0,0,1,0,1,1,0,0,1,0
3.984973000,0,0,0,0,1,0,1,1,0,0,1,1
3.985473000,0,0,0,0,1,0,1,1,0,0,1,0
3.985889000,0,0,0,0,0,0,0,0,0,0,0,0
3.985894000,0,1,0,0,0,0,1,1,0,0,1,0
3.985973000,0,1,0,0,0,0,1,1,0,0,1,1
3.986472000,0,1,0,0,0,0,1,1,0,0,1,0
3.986889000,0,0,0,0,0,0,0,0,0,0,0,0
3.986894000,1,1,1,1,1,1,0,1,0,0,1,0
3.986972000,1,1,1,1,1,1,0,1,0,0,1,1
3.987472000,1,1,1,1,1,1,0,1,0,0,1,0
3.987889000,0,0,0,0,0,0,0,0,0,0,0,0
3.987894000,1,0,0,1,0,0,1,1,0,0,1,0
3.987972000,1,0,0,1,0,0,1,1,0,0,1,1
3.988472000,1,0,0,1,0,0,1,1,0,0,1,0
3.988889000,0,0,0,0,0,0,0,0,0,0,0,0
3.988894000,0,1,0,0,1,0,1,1,0,0,1,0
3.988972000,0,1,0,0,1,0,1,1,0,0,1,1
3.989472000,0,1,0,0,1,0,1,1,0,0,1,0
3.989889000,0,0,0,0,0,0,0,0,0,0,0,0
3.989894000,1,1,0,0,0,0,1,1,0,0,1,0
3.989972000,1,1,0,0,0,0,1,1,0,0,1,1
3.990472000,1,1,0,0,0,0,1,1,0,0,1,0
3.990889000,0,0,0,0,0,0,0,0,0,0,0,0
3.990894000,0,1,0,0,1,0,1,1,0,0,1,0
3.990972000,0,1,0,0,1,0,1,1,0,0,1,1
3.991472000,0,1,0,0,1,0,1,1,0,0,1,0
3.991889000,0,0,0,0,0,0,0,0,0,0,0,0
3.991894000,0,0,0,0,1,0,1,1,0,0,1,0
3.991972000,0,0,0,0,1,0,1,1,0,0,1,1
3.992472000,0,0,0,0,1,0,1,1,0,0,1,0
3.992889000,0,0,0,0,0,0,0,0,0,0,0,0
3.992894000,1,1,1,0,0,0,1,1,0,0,1,0
3.992972000,1,1,1,0,0,0,1,1,0,0,1,1
3.993472000,1,1,1,0,0,0,1,1,0,0,1,0
3.993889000,0,0,0,0,0,0,0,0,0,0,0,0
3.993894000,1,0,0,0,0,0,1,1,0,0,1,0
3.993972000,1,0,0,0,0,0,1,1,0,0,1,1
3.994472000,1,0,0,0,0,0,1,1,0,0,1,0
3.994889000,0,0,0,0,0,0,0,0,0,0,0,0
3.994894000,1,0,1,0,0,0,1,1,0,0,1,0
3.994972000,1,0,1,0,0,0,1,1,0,0,1,1
3.995472000,1,0,1,0,0,0,1,1,0,0,1,0
3.995889000,0,0,0,0,0,0,0,0,0,0,0,0
3.995894000,1,1,1,1,1,1,0,1,0,0,1,0
3.995972000,1,1,1,1,1,1,0,1,0,0,1,1
3.996472000,1,1,1,1,1,1,0,1,0,0,1,0
3.996889000,0,0,0,0,0,0,0,0,0,0,0,0
3.996894000,0,1,0,1,0,0,1,1,0,0,1,0
3.996972000,0,1,0,1,0,0,1,1,0,0,1,1
3.997472000,0,1,0,1,0,0,1,1,0,0,1,0
3.997889000,0,0,0,0,0,0,0,0,0,0,0,0
3.997894000,1,1,1,0,0,0,1,1,0,0,1,0
3.997972000,1,1,1,0,0,0,1,1,0,0,1,1
3.998472000,1,1,1,0,0,0,1,1,0,0,1,0
3.998889000,0,0,0,0,0,0,0,0,0,0,0,0
3.998894000,0,0,0,1,0,0,1,1,0,0,1,0
3.998972000,0,0,0,1,0,0,1,1,0,0,1,1
3.999472000,0,0,0,1,0,0,1,1,0,0,1,0
3.999889000,0,0,0,0,0,0,0,0,0,0,0,0
3.999894000,0,0,1,1,1,1,0,1,0,0,1,0
3.999972000,0,0,1,1,1,1,0,1,0,0,1,1
4.000472000,0,0,1,1,1,1,0,1,0,0,1,0
4.000889000,0,0,0,0,0,0,0,0,0,0,0,0
4.000894000,1,1,1,0,1,1,0,1,0,0,1,0
4.000972000,1,1,1,0,1,1,0,1,0,0,1,1
4.001472000,1,1,1,0,1,1,0,1,0,0,1,0
4.001889000,0,0,0,0,0,0,0,0,0,0,0,0
4.001894000,0,0,1,0,0,0,1,1,0,0,1,0
4.001972000,0,0,1,0,0,0,1,1,0,0,1,1
4.002472000,0,0,1,0,0,0,1,1,0,0,1,0
4.002889000,0,0,0,0,0,0,0,0,0,0,0,0
4.002894000,1,1,1,1,1,1,0,1,0,0,1,0
4.002972000,1,1,1,1,1,1,0,1,0,0,1,1
4.003472000,1,1,1,1,1,1,0,1,0,0,1,0
4.003889000,0,0,0,0,0,0,0,0,0,0,0,0
4.003894000,1,1,1,1,1,1,0,1,0,0,1,0
4.003972000,1,1,1,1,1,1,0,1,0,0,1,1
4.004472000,1,1,1,1,1,1,0,1,0,0,1,0
4.004889000,0,0,0,0,0,0,0,0,0,0,0,0
4.004894000,0,1,0,0,1,0,1,1,0,0,1,0
4.004972000,0,1,0,0,1,0,1,1,0,0,1,1
4.005472000,0,1,0,0,1,0,1,1,0,0,1,0
4.005889000,0,0,0,0,0,0,0,0,0,0,0,0
4.005894000,1,0,1,1,0,0,1,1,0,0,1,0
4.005972000,1,0,1,1,0,0,1,1,0,0,1,1
4.006472000,1,0,1,1,0,0,1,1,0,0,1,0
4.006889000,0,0,0,0,0,0,0,0,0,0,0,0
4.006894000,1,1,0,1,1,0,1,1,0,0,1,0
4.006972000,1,1,0,1,1,0,1,1,0,0,1,1
4.007472000,1,1,0,1,1,0,1,1,0,0,1,0
4.007889000,0,0,0,0,0,0,0,0,0,0,0,0
4.007894000,1,1,0,1,1,1,0,1,0,0,1,0
4.007972000,1,1,0,1,1,1,0,1,0,0,1,1
4.008472000,1,1,0,1,1,1,0,1,0,0,1,0
4.008889000,0,0,0,0,0,0,0,0,0,0,0,0
4.008894000,1,1,1,0,0,0,1,1,0,0,1,0
4.008972000,1,1,1,0,0,0,1,1,0,0,1,1
4.009472000,1,1,1,0,0,0,1,1,0,0,1,0
4.009889000,0,0,0,0,0,0,0,0,0,0,0,0
4.009894000,1,0,1,0,0,0,1,1,0,0,1,0
4.009972000,1,0,1,0,0,0,1,1,0,0,1,1
4.010472000,1,0,1,0,0,0,1,1,0,0,1,0
4.010889000,0,0,0,0,0,0,0,0,0,0,0,0
4.010894000,1,1,1,1,0,1,0,1,0,0,1,0
4.010972000,1,1,1,1,0,1,0,1,0,0,1,1
4.011472000,1,1,1,1,0,1,0,1,0,0,1,0
4.011889000,0,0,0,0,0,0,0,0,0,0,0,0
4.011894000,0,1,1,0,0,0,1,1,0,0,1,0
4.011972000,0,1,1,0,0,0,1,1,0,0,1,1
4.012472000,0,1,1,0,0,0,1,1,0,0,1,0
4.012889000,0,0,0,0,0,0,0,0,0,0,0,0
4.012894000,1,1,0,1,0,0,1,1,0,0,1,0
4.012972000,1,1,0,1,0,0,1,1,0,0,1,1
4.013472000,1,1,0,1,0,0,1,1,0,0,1,0
4.013889000,0,0,0,0,0,0,0,0,0,0,0,0
4.013894000,1,1,1,1,1,1,0,1,0,0,1,0
4.013972000,1,1,1,1,1,1,0,1,0,0,1,1
4.014472000,1,1,1,1,1,1,0,1,0,0,1,0
4.014889000,0,0,0,0,0,0,0,0,0,0,0,0
4.014894000,1,1,0,0,1,0,1,1,0,0,1,0
4.014972000,1,1,0,0,1,0,1,1,0,0,1,1
4.015472000,1,1,0,0,1,0,1,1,0,0,1,0
4.015889000,0,0,0,0,0,0,0,0,0,0,0,0
4.015894000,0,1,0,0,1,0,1,1,0,0,1,0
4.015972000,0,1,0,0,1,0,1,1,0,0,1,1
4.016472000,0,1,0,0,1,0,1,1,0,0,1,0
4.016889000,0,0,0,0,0,0,0,0,0,0,0,0
4.016894000,0,0,0,0,1,0,1,1,0,0,1,0
4.016972000,0,0,0,0,1,0,1,1,0,0,1,1
4.017472000,0,0,0,0,1,0,1,1,0,0,1,0
4.017889000,0,0,0,0,0,0,0,0,0,0,0,0
4.017894000,1,0,1,0,0,0,1,1,0,0,1,0
4.017972000,1,0,1,0,0,0,1,1,0,0,1,1
4.018472000,1,0,1,0,0,0,1,1,0,0,1,0
4.018889000,0,0,0,0,0,0,0,0,0,0,0,0
4.018894000,0,1,0,0,1,0,1,1,0,0,1,0
4.018972000,0,1,0,0,1,0,1,1,0,0,1,1
4.019472000,0,1,0,0,1,0,1,1,0,0,1,0
4.019889000,0,0,0,0,0,0,0,0,0,0,0,0
4.019894000,0,0,0,0,1,0,1,1,0,0,1,0
4.019972000,0,0,0,0,1,0,1,1,0,0,1,1
4.020472000,0,0,0,0,1,0,1,1,0,0,1,0
4.020889000,0,0,0,0,0,0,0,0,0,0,0,0
4.020894000,1,1,1,1,0,0,1,1,0,0,1,0
4.020972000,1,1,1,1,0,0,1,1,0,0,1,1
4.021472000,1,1,1,1,0,0,1,1,0,0,1,0
4.021889000,0,0,0,0,0,0,0,0,0,0,0,0
4.021894000,1,1,1,1,0,0,1,1,0,0,1,0
4.021972000,1,1,1,1,0,0,1,1,0,0,1,1
4.022472000,1,1,1,1,0,0,1,1,0,0,1,0
4.022889000,0,0,0,0,0,0,0,0,0,0,0,0
4.022894000,1,0,1,1,0,0,1,1,0,0,1,0
4.022972000,1,0,1,1,0,0,1,1,0,0,1,1
4.023472000,1,0,1,1,0,0,1,1,0,0,1,0
4.023889000,0,0,0,0,0,0,0,0,0,0,0,0
4.023894000,1,1,0,1,0,0,1,1,0,0,1,0
4.023972000,1,1,0,1,0,0,1,1,0,0,1,1
4.024472000,1,1,0,1,0,0,1,1,0,0,1,0
4.024889000,0,0,0,0,0,0,0,0,0,0,0,0
4.024894000,1,1,1,0,1,1,0,1,0,0,1,0
4.024972000,1,1,1,0,1,1,0,1,0,0,1,1
4.025472000,1,1,1,0,1,1,0,1,0,0,1,0
4.025889000,0,0,0,0,0,0,0,0,0,0,0,0
4.025894000,0,1,1,1,1,1,0,1,0,0,1,0
4.025972000,0,1,1,1,1,1,0,1,0,0,1,1
4.026472000,0,1,1,1,1,1,0,1,0,0,1,0
4.026889000,0,0,0,0,0,0,0,0,0,0,0,0
4.026894000,1,1,1,1,1,1,0,1,0,0,1,0
4.026972000,1,1,1,1,1,1,0,1,0,0,1,1
4.027472000,1,1,1,1,1,1,0,1,0,0,1,0
4.027889000,0,0,0,0,0,0,0,0,0,0,0,0
4.027894000,1,1,1,1,0,0,1,1,0,0,1,0
4.027972000,1,1,1,1,0,0,1,1,0,0,1,1
4.028472000,1,1,1,1,0,0,1,1,0,0,1,0
4.028889000,0,0,0,0,0,0,0,0,0,0,0,0
4.028894000,0,0,0,0,0,0,1,1,0,0,1,0
4.028972000,0,0,0,0,0,0,1,1,0,0,1,1
4.029472000,0,0,0,0,0,0,1,1,0,0,1,0
4.029889000,0,0,0,0,0,0,0,0,0,0,0,0
4.029894000,0,0,1,1,1,1,0,1,0,0,1,0
4.029972000,0,0,1,1,1,1,0,1,0,0,1,1
4.030472000,0,0,1,1,1,1,0,1,0,0,1,0
4.030889000,0,0,0,0,0,0,0,0,0,0,0,0
4.030894000,0,1,0,1,1,1,0,1,0,0,1,0
4.030972000,0,1,0,1,1,1,0,1,0,0,1,1
4.031472000,0,1,0,1,1,1,0,1,0,0,1,0
4.031889000,0,0,0,0,0,0,0,0,0,0,0,0
4.031894000,1,1,1,1,1,1,0,1,0,0,1,0
4.031972000,1,1,1,1,1,1,0,1,0,0,1,1
4.032472000,1,1,1,1,1,1,0,1,0,0,1,0
4.032889000,0,0,0,0,0,0,0,0,0,0,0,0
4.032894000,0,0,0,0,1,0,1,1,0,0,1,0
4.032972000,0,0,0,0,1,0,1,1,0,0,1,1
4.033472000,0,0,0,0,1,0,1,1,0,0,1,0
4.033889000,0,0,0,0,0,0,0,0,0,0,0,0
4.033894000,1,1,1,1,1,1,0,1,0,0,1,0
4.033972000,1,1,1,1,1,1,0,1,0,0,1,1
4.034472000,1,1,1,1,1,1,0,1,0,0,1,0
4.034889000,0,0,0,0,0,0,0,0,0,0,0,0
4.034894000,0,0,0,0,1,0,1,1,0,0,1,0
4.034972000,0,0,0,0,1,0,1,1,0,0,1,1
4.035472000,0,0,0,0,1,0,1,1,0,0,1,0
4.035889000,0,0,0,0,0,0,0,0,0,0,0,0
4.035894000,0,1,0,1,1,1,0,1,0,0,1,0
4.035972000,0,1,0,1,1,1,0,1,0,0,1,1
4.036472000,0,1,0,1,1,1,0,1,0,0,1,0
4.036889000,0,0,0,0,0,0,0,0,0,0,0,0
4.036894000,1,0,0,0,1,0,1,1,0,0,1,0
4.036972000,1,0,0,0,1,0,1,1,0,0,1,1
4.037472000,1,0,0,0,1,0,1,1,0,0,1,0
4.037889000,0,0,0,0,0,0,0,0,0,0,0,0
4.037894000,1,1,1,1,1,1,0,1,0,0,1,0
4.037972000,1,1,1,1,1,1,0,1,0,0,1,1
4.038472000,1,1,1,1,1,1,0,1,0,0,1,0
4.038889000,0,0,0,0,0,0,0,0,0,0,0,0
4.038894000,0,0,0,1,0,0,1,1,0,0,1,0
4.038972000,0,0,0,1,0,0,1,1,0,0,1,1
4.039472000,0,0,0,1,0,0,1,1,0,0,1,0
4.039889000,0,0,0,0,0,0,0,0,0,0,0,0
4.039894000,1,1,1,1,1,1,0,1,0,0,1,0
4.039972000,1,1,1,1,1,1,0,1,0,0,1,1
4.040472000,1,1,1,1,1,1,0,1,0,0,1,0
4.040889000,0,0,0,0,0,0,0,0,0,0,0,0
4.040894000,1,1,1,0,1,1,0,1,0,0,1,0
4.040972000,1,1,1,0,1,1,0,1,0,0,1,1
4.041472000,1,1,1,0,1,1,0,1,0,0,1,0
4.041889000,0,0,0,0,0,0,0,0,0,0,0,0
4.041894000,0,0,1,1,0,0,1,1,0,0,1,0
4.041972000,0,0,1,1,0,0,1,1,0,0,1,1
4.042472000,0,0,1,1,0,0,1,1,0,0,1,0
4.042889000,0,0,0,0,0,0,0,0,0,0,0,0
4.042894000,0,0,0,0,1,0,1,1,0,0,1,0
4.042972000,0,0,0,0,1,0,1,1,0,0,1,1
4.043472000,0,0,0,0,1,0,1,1,0,0,1,0
4.043889000,0,0,0,0,0,0,0,0,0,0,0,0
4.043894000,1,1,0,1,0,0,1,1,0,0,1,0
4.043972000,1,1,0,1,0,0,1,1,0,0,1,1
4.044472000,1,1,0,1,0,0,1,1,0,0,1,0
4.044889000,0,0,0,0,0,0,0,0,0,0,0,0
4.044894000,0,0,1,1,0,0,1,1,0,0,1,0
4.044972000,0,0,1,1,0,0,1,1,0,0,1,1
4.045472000,0,0,1,1,0,0,1,1,0,0,1,0
4.045889000,0,0,0,0,0,0,0,0,0,0,0,0
4.045894000,0,1,1,0,0,0,1,1,0,0,1,0
4.045972000,0,1,1,0,0,0,1,1,0,0,1,1
4.046472000,0,1,1,0,0,0,1,1,0,0,1,0
4.046889000,0,0,0,0,0,0,0,0,0,0,0,0
4.046894000,0,0,0,0,1,0,1,1,0,0,1,0
4.046972000,0,0,0,0,1,0,1,1,0,0,1,1
4.047472000,0,0,0,0,1,0,1,1,0,0,1,0
4.047889000,0,0,0,0,0,0,0,0,0,0,0,0
4.047894000,1,1,1,1,1,1,0,1,0,0,1,0
4.047972000,1,1,1,1,1,1,0,1,0,0,1,1
4.048472000,1,1,1,1,1,1,0,1,0,0,1,0
4.048889000,0,0,0,0,0,0,0,0,0,0,0,0
4.048894000,0,0,1,1,0,0,1,1,0,0,1,0
4.048972000,0,0,1,1,0,0,1,1,0,0,1,1
4.049472000,0,0,1,1,0,0,1,1,0,0,1,0
4.049889000,0,0,0,0,0,0,0,0,0,0,0,0
4.049894000,0,0,0,1,0,0,1,1,0,0,1,0
4.049972000,0,0,0,1,0,0,1,1,0,0,1,1
4.050472000,0,0,0,1,0,0,1,1,0,0,1,0
4.050889000,0,0,0,0,0,0,0,0,0,0,0,0
4.050894000,1,1,0,0,1,0,1,1,0,0,1,0
4.050972000,1,1,0,0,1,0,1,1,0,0,1,1
4.051472000,1,1,0,0,1,0,1,1,0,0,1,0
4.051889000,0,0,0,0,0,0,0,0,0,0,0,0
4.051894000,0,0,0,0,1,0,1,1,0,0,1,0
4.051972000,0,0,0,0,1,0,1,1,0,0,1,1
4.052472000,0,0,0,0,1,0,1,1,0,0,1,0
4.052889000,0,0,0,0,0,0,0,0,0,0,0,0
4.052894000,1,1,1,0,1,1,0,1,0,0,1,0
4.052972000,1,1,1,0,1,1,0,1,0,0,1,1
4.053472000,1,1,1,0,1,1,0,1,0,0,1,0
4.053889000,0,0,0,0,0,0,0,0,0,0,0,0
4.053894000,1,1,0,1,1,1,0,1,0,0,1,0
4.053972000,1,1,0,1,1,1,0,1,0,0,1,1
4.054472000,1,1,0,1,1,1,0,1,0,0,1,0
4.054889000,0,0,0,0,0,0,0,0,0,0,0,0
4.054894000,1,1,0,1,0,0,1,1,0,0,1,0
4.054972000,1,1,0,1,0,0,1,1,0,0,1,1
4.055472000,1,1,0,1,0,0,1,1,0,0,1,0
4.055889000,0,0,0,0,0,0,0,0,0,0,0,0
4.055894000,1,0,1,0,0,0,1,1,0,0,1,0
4.055972000,1,0,1,0,0,0,1,1,0,0,1,1
4.056472000,1,0,1,0,0,0,1,1,0,0,1,0
4.056889000,0,0,0,0,0,0,0,0,0,0,0,0
4.056894000,1,0,1,0,1,0,1,1,0,0,1,0
4.056972000,1,0,1,0,1,0,1,1,0,0,1,1
4.057472000,1,0,1,0,1,0,1,1,0,0,1,0
4.057889000,0,0,0,0,0,0,0,0,0,0,0,0
4.057894000,1,0,1,1,1,1,0,1,0,0,1,0
4.057972000,1,0,1,1,1,1,0,1,0,0,1,1
4.058472000,1,0,1,1,1,1,0,1,0,0,1,0
4.058889000,0,0,0,0,0,0,0,0,0,0,0,0
4.058894000,0,0,0,0,0,0,1,1,0,0,1,0
4.058972000,0,0,0,0,0,0,1,1,0,0,1,1
4.059472000,0,0,0,0,0,0,1,1,0,0,1,0
4.059889000,0,0,0,0,0,0,0,0,0,0,0,0
4.059894000,1,1,1,1,1,1,0,1,0,0,1,0
4.059972000,1,1,1,1,1,1,0,1,0,0,1,1
4.060472000,1,1,1,1,1,1,0,1,0,0,1,0
4.060889000,0,0,0,0,0,0,0,0,0,0,0,0
4.060894000,1,1,1,1,1,1,0,1,0,0,1,0
4.060972000,1,1,1,1,1,1,0,1,0,0,1,1
4.061472000,1,1,1,1,1,1,0,1,0,0,1,0
4.061889000,0,0,0,0,0,0,0,0,0,0,0,0
4.061894000,0,1,1,0,1,1,0,1,0,0,1,0
4.061972000,0,1,1,0,1,1,0,1,0,0,1,1
4.062472000,0,1,1,0,1,1,0,1,0,0,1,0
4.062889000,0,0,0,0,0,0,0,0,0,0,0,0
4.062894000,1,1,1,0,1,1,0,1,0,0,1,0
4.062972000,1,1,1,0,1,1,0,1,0,0,1,1
4.063472000,1,1,1,0,1,1,0,1,0,0,1,0
4.063889000,0,0,0,0,0,0,0,0,0,0,0,0
4.063894000,1,1,1,1,1,1,0,1,0,0,1,0
4.063972000,1,1,1,1,1,1,0,1,0,0,1,1
4.064472000,1,1,1,1,1,1,0,1,0,0,1,0
4.064889000,0,0,0,0,0,0,0,0,0,0,0,0
4.064894000,0,0,0,1,1,1,0,1,0,0,1,0
4.064972000,0,0,0,1,1,1,0,1,0,0,1,1
4.065472000,0,0,0,1,1,1,0,1,0,0,1,0
4.065889000,0,0,0,0,0,0,0,0,0,0,0,0
4.065894000,1,0,0,1,1,1,0,1,0,0,1,0
4.065972000,1,0,0,1,1,1,0,1,0,0,1,1
4.066472000,1,0,0,1,1,1,0,1,0,0,1,0
4.066889000,0,0,0,0,0,0,0,0,0,0,0,0
4.066894000,1,0,0,1,0,0,1,1,0,0,1,0
4.066972000,1,0,0,1,0,0,1,1,0,0,1,1
4.067472000,1,0,0,1,0,0,1,1,0,0,1,0
4.067889000,0,0,0,0,0,0,0,0,0,0,0,0
4.067894000,1,1,1,1,1,1,0,1,0,0,1,0
4.067972000,1,1,1,1,1,1,0,1,0,0,1,1
4.068472000,1,1,1,1,1,1,0,1,0,0,1,0
4.068889000,0,0,0,0,0,0,0,0,0,0,0,0
4.068894000,0,0,1,0,0,0,1,1,0,0,1,0
4.068972000,0,0,1,0,0,0,1,1,0,0,1,1
4.069472000,0,0,1,0,0,0,1,1,0,0,1,0
4.069889000,0,0,0,0,0,0,0,0,0,0,0,0
4.069894000,1,0,1,1,1,1,0,1,0,0,1,0
4.069972000,1,0,1,1,1,1,0,1,0,0,1,1
4.070472000,1,0,1,1,1,1,0,1,0,0,1,0
4.070889000,0,0,0,0,0,0,0,0,0,0,0,0
4.070894000,0,1,0,1,1,1,0,1,0,0,1,0
4.070972000,0,1,0,1,1,1,0,1,0,0,1,1
4.071472000,0,1,0,1,1,1,0,1,0,0,1,0
4.071889000,0,0,0,0,0,0,0,0,0,0,0,0
4.071894000,1,1,1,0,1,1,0,1,0,0,1,0
4.071972000,1,1,1,0,1,1,0,1,0,0,1,1
4.072472000,1,1,1,0,1,1,0,1,0,0,1,0
4.072889000,0,0,0,0,0,0,0,0,0,0,0,0
4.072894000,0,1,1,0,0,0,1,1,0,0,1,0
4.072972000,0,1,1,0,0,0,1,1,0,0,1,1
4.073472000,0,1,1,0,0,0,1,1,0,0,1,0
4.073889000,0,0,0,0,0,0,0,0,0,0,0,0
4.073894000,1,1,1,1,1,1,0,1,0,0,1,0
4.073972000,1,1,1,1,1,1,0,1,0,0,1,1
4.074472000,1,1,1,1,1,1,0,1,0,0,1,0
4.074889000,0,0,0,0,0,0,0,0,0,0,0,0
4.074894000,1,1,1,1,1,1,0,1,0,0,1,0
4.074972000,1,1,1,1,1,1,0,1,0,0,1,1
4.075472000,1,1,1,1,1,1,0,1,0,0,1,0
4.075889000,0,0,0,0,0,0,0,0,0,0,0,0
4.075894000,0,0,0,0,1,0,1,1,0,0,1,0
4.075972000,0,0,0,0,1,0,1,1,0,0,1,1
4.076472000,0,0,0,0,1,0,1,1,0,0,1,0
4.076889000,0,0,0,0,0,0,0,0,0,0,0,0
4.076894000,1,0,0,0,0,0,1,1,0,0,1,0
4.076972000,1,0,0,0,0,0,1,1,0,0,1,1
4.077472000,1,0,0,0,0,0,1,1,0,0,1,0
4.077889000,0,0,0,0,0,0,0,0,0,0,0,0
4.077894000,1,1,1,1,1,1,0,1,0,0,1,0
4.077972000,1,1,1,1,1,1,0,1,0,0,1,1
4.078472000,1,1,1,1,1,1,0,1,0,0,1,0
4.078889000,0,0,0,0,0,0,0,0,0,0,0,0
4.078894000,0,0,0,1,1,1,0,1,0,0,1,0
4.078972000,0,0,0,1,1,1,0,1,0,0,1,1
4.079472000,0,0,0,1,1,1,0,1,0,0,1,0
4.079889000,0,0,0,0,0,0,0,0,0,0,0,0
4.079894000,1,0,1,0,0,0,1,1,0,0,1,0
4.079972000,1,0,1,0,0,0,1,1,0,0,1,1
4.080472000,1,0,1,0,0,0,1,1,0,0,1,0
4.080889000,0,0,0,0,0,0,0,0,0,0,0,0
4.080894000,1,0,0,1,0,0,1,1,0,0,1,0
4.080972000,1,0,0,1,0,0,1,1,0,0,1,1
4.081472000,1,0,0,1,0,0,1,1,0,0,1,0
4.081889000,0,0,0,0,0,0,0,0,0,0,0,0
4.081894000,1,1,0,0,0,0,1,1,0,0,1,0
4.081972000,1,1,0,0,0,0,1,1,0,0,1,1
4.082472000,1,1,0,0,0,0,1,1,0,0,1,0
4.082889000,0,0,0,0,0,0,0,0,0,0,0,0
4.082894000,1,1,1,1,1,1,0,1,0,0,1,0
4.082972000,1,1,1,1,1,1,0,1,0,0,1,1
4.083472000,1,1,1,1,1,1,0,1,0,0,1,0
4.083888000,1,1,1,1,1,1,0,1,0,0,0,0
4.083889000,0,0,0,0,0,0,0,0,0,0,0,0
4.083894000,1,1,1,1,1,1,0,1,0,0,1,0
4.083972000,1,1,1,1,1,1,0,1,0,0,1,1
4.084472000,1,1,1,1,1,1,0,1,0,0,1,0
4.084888000,1,1,1,1,1,1,0,1,0,0,0,0
4.084889000,0,0,0,0,0,0,0,0,0,0,0,0
4.084894000,0,1,0,0,0,0,1,1,0,0,1,0
4.084972000,0,1,0,0,0,0,1,1,0,0,1,1
4.085472000,0,1,0,0,0,0,1,1,0,0,1,0
4.085888000,0,1,0,0,0,0,1,1,0,0,0,0
4.085889000,0,0,0,0,0,0,0,0,0,0,0,0
4.085894000,0,1,0,1,0,0,1,1,0,0,1,0
4.085972000,0,1,0,1,0,0,1,1,0,0,1,1
4.086472000,0,1,0,1,0,0,1,1,0,0,1,0
4.086888000,0,1,0,1,0,0,1,1,0,0,0,0
4.086889000,0,0,0,0,0,0,0,0,0,0,0,0
4.086894000,1,1,1,1,1,1,0,1,0,0,1,0
4.086972000,1,1,1,1,1,1,0,1,0,0,1,1
4.087472000,1,1,1,1,1,1,0,1,0,0,1,0
4.087888000,1,1,1,1,0,0,1,1,1,1,1,0
4.087889000,0,0,0,0,0,0,0,0,0,0,0,0
4.087894000,0,0,1,0,0,0,1,1,0,0,1,0
4.087972000,0,0,1,0,0,0,1,1,0,0,1,1
4.088472000,0,0,1,0,0,0,1,1,0,0,1,0
4.088888000,0,0,0,0,0,0,1,0,0,0,0,0
4.088889000,0,0,0,0,0,0,0,0,0,0,0,0
4.088894000,1,1,1,1,1,1,0,1,0,0,1,0
4.088972000,1,1,1,1,1,1,0,1,0,0,1,1
4.089472000,1,1,1,1,1,1,0,1,0,0,1,0
4.089888000,0,0,0,0,0,0,0,0,0,0,0,0
4.089894000,1,1,0,1,1,1,0,1,0,0,1,0
4.089972000,1,1,0,1,1,1,0,1,0,0,1,1
4.090472000,1,1,0,1,1,1,0,1,0,0,1,0
4.090888000,0,0,0,0,0,0,0,0,0,0,0,0
4.090894000,0,1,1,1,1,1,0,1,0,0,1,0
4.090972000,0,1,1,1,1,1,0,1,0,0,1,1
4.091472000,0,1,1,1,1,1,0,1,0,0,1,0
4.091888000,0,0,0,0,0,0,0,0,0,0,0,0
4.091894000,0,1,1,1,1,1,0,1,0,0,1,0
4.091972000,0,1,1,1,1,1,0,1,0,0,1,1
4.092472000,0,1,1,1,1,1,0,1,0,0,1,0
4.092888000,0,0,0,0,0,0,0,0,0,0,0,0
4.092894000,0,0,1,0,1,0,1,1,0,0,1,0
4.092972000,0,0,1,0,1,0,1,1,0,0,1,1
4.093472000,0,0,1,0,1,0,1,1,0,0,1,0
4.093888000,0,0,0,0,0,0,0,0,0,0,0,0
4.093894000,0,1,1,1,1,1,0,1,0,0,1,0
4.093972000,0,1,1,1,1,1,0,1,0,0,1,1
4.094472000,0,1,1,1,1,1,0,1,0,0,1,0
4.094888000,0,0,0,0,0,0,0,0,0,0,0,0
4.094893000,0,0,0,0,0,0,1,1,0,0,0,0
4.094894000,0,0,1,1,0,0,1,1,0,0,1,0
4.094972000,0,0,1,1,0,0,1,1,0,0,1,1
4.095472000,0,0,1,1,0,0,1,1,0,0,1,0
4.095888000,0,0,0,0,0,0,0,0,0,0,0,0
4.095893000,0,0,0,0,0,0,1,1,0,0,0,0
4.095894000,0,1,0,0,0,0,1,1,0,0,1,0
4.095972000,0,1,0,0,0,0,1,1,0,0,1,1
4.096472000,0,1,0,0,0,0,1,1,0,0,1,0
4.096888000,0,0,0,0,0,0,0,0,0,0,0,0
4.096893000,0,0,0,0,0,0,1,1,0,0,1,0
4.096894000,0,1,0,0,0,0,1,1,0,0,1,0
4.096972000,0,1,0,0,0,0,1,1,0,0,1,1
4.097472000,0,1,0,0,0,0,1,1,0,0,1,0
4.097888000,0,0,0,0,0,0,0,0,0,0,0,0
4.097893000,0,0,1,1,1,1,0,1,0,0,0,0
4.097894000,0,0,1,1,1,1,0,1,0,0,1,0
4.097972000,0,0,1,1,1,1,0,1,0,0,1,1
4.098472000,0,0,1,1,1,1,0,1,0,0,1,0
4.098888000,0,0,0,0,0,0,0,0,0,0,0,0
4.098893000,1,1,0,0,0,0,1,1,0,0,1,0
4.098972000,1,1,0,0,0,0,1,1,0,0,1,1
4.099472000,1,1,0,0,0,0,1,1,0,0,1,0
4.099888000,0,0,0,0,0,0,0,0,0,0,0,0
4.099893000,0,0,0,1,0,0,1,1,0,0,1,0
4.099972000,0,0,0,1,0,0,1,1,0,0,1,1
4.100472000,0,0,0,1,0,0,1,1,0,0,1,0
4.100888000,0,0,0,0,0,0,0,0,0,0,0,0
4.100893000,0,0,1,1,1,1,0,1,0,0,1,0
4.100894000,1,1,1,1,1,1,0,1,0,0,1,0
4.100972000,1,1,1,1,1,1,0,1,0,0,1,1
4.101472000,1,1,1,1,1,1,0,1,0,0,1,0
4.101888000,0,0,0,0,0,0,0,0,0,0,0,0
4.101893000,0,1,0,0,1,0,1,1,0,0,1,0
4.101972000,0,1,0,0,1,0,1,1,0,0,1,1
4.102472000,0,1,0,0,1,0,1,1,0,0,1,0
4.102888000,0,0,0,0,0,0,0,0,0,0,0,0
4.102893000,1,1,1,1,1,1,0,1,0,0,1,0
4.102972000,1,1,1,1,1,1,0,1,0,0,1,1
4.103472000,1,1,1,1,1,1,0,1,0,0,1,0
4.103888000,0,0,0,0,0,0,0,0,0,0,0,0
4.103893000,0,1,0,0,0,0,1,1,0,0,1,0
4.103972000,0,1,0,0,0,0,1,1,0,0,1,1
4.104472000,0,1,0,0,0,0,1,1,0,0,1,0
4.104888000,0,0,0,0,0,0,0,0,0,0,0,0
4.104893000,0,0,0,0,1,0,1,1,0,0,1,0
4.104972000,0,0,0,0,1,0,1,1,0,0,1,1
4.105472000,0,0,0,0,1,0,1,1,0,0,1,0
4.105888000,0,0,0,0,0,0,0,0,0,0,0,0
4.105893000,1,0,1,0,1,0,1,1,0,0,1,0
4.105972000,1,0,1,0,1,0,1,1,0,0,1,1
4.106472000,1,0,1,0,1,0,1,1,0,0,1,0
4.106888000,0,0,0,0,0,0,0,0,0,0,0,0
4.106893000,0,0,1,1,1,1,0,1,0,0,1,0
4.106972000,0,0,1,1,1,1,0,1,0,0,1,1
4.107472000,0,0,1,1,1,1,0,1,0,0,1,0
4.107888000,0,0,0,0,0,0,0,0,0,0,0,0
4.107893000,1,1,1,1,1,1,0,1,0,0,1,0
4.107972000,1,1,1,1,1,1,0,1,0,0,1,1
4.108472000,1,1,1,1,1,1,0,1,0,0,1,0
4.108888000,0,0,0,0,0,0,0,0,0,0,0,0
4.108893000,1,0,1,0,0,0,1,1,0,0,1,0
4.108972000,1,0,1,0,0,0,1,1,0,0,1,1
4.109472000,1,0,1,0,0,0,1,1,0,0,1,0
4.109888000,0,0,0,0,0,0,0,0,0,0,0,0
4.109893000,1,0,0,1,0,0,1,1,0,0,1,0
4.109972000,1,0,0,1,0,0,1,1,0,0,1,1
4.110472000,1,0,0,1,0,0,1,1,0,0,1,0
4.110888000,0,0,0,0,0,0,0,0,0,0,0,0
4.110893000,1,1,1,1,1,1,0,1,0,0,1,0
4.110972000,1,1,1,1,1,1,0,1,0,0,1,1
4.111472000,1,1,1,1,1,1,0,1,0,0,1,0
4.111888000,0,0,0,0,0,0,0,0,0,0,0,0
4.111893000,0,0,1,0,1,0,1,1,0,0,1,0
4.111972000,0,0,1,0,1,0,1,1,0,0,1,1
4.112472000,0,0,1,0,1,0,1,1,0,0,1,0
4.112888000,0,0,0,0,0,0,0,0,0,0,0,0
4.112893000,0,1,1,1,0,0,1,1,0,0,1,0
4.112972000,0,1,1,1,0,0,1,1,0,0,1,1
4.113472000,0,1,1,1,0,0,1,1,0,0,1,0
4.113888000,0,0,0,0,0,0,0,0,0,0,0,0
4.113893000,1,0,1,0,1,0,1,1,0,0,1,0
4.113972000,1,0,1,0,1,0,1,1,0,0,1,1
4.114472000,1,0,1,0,1,0,1,1,0,0,1,0
4.114888000,0,0,0,0,0,0,0,0,0,0,0,0
4.114893000,1,1,0,1,0,0,1,1,0,0,1,0
4.114972000,1,1,0,1,0,0,1,1,0,0,1,1
4.115472000,1,1,0,1,0,0,1,1,0,0,1,0
4.115888000,0,0,0,0,0,0,0,0,0,0,0,0
4.115893000,1,1,0,1,0,0,1,1,0,0,1,0
4.115972000,1,1,0,1,0,0,1,1,0,0,1,1
4.116472000,1,1,0,1,0,0,1,1,0,0,1,0
4.116888000,0,0,0,0,0,0,0,0,0,0,0,0
4.116893000,0,0,0,0,1,0,1,1,0,0,1,0
4.116972000,0,0,0,0,1,0,1,1,0,0,1,1
4.117472000,0,0,0,0,1,0,1,1,0,0,1,0
4.117888000,0,0,0,0,0,0,0,0,0,0,0,0
4.117893000,0,0,1,0,0,0,1,1,0,0,1,0
4.117972000,0,0,1,0,0,0,1,1,0,0,1,1
4.118472000,0,0,1,0,0,0,1,1,0,0,1,0
4.118888000,0,0,0,0,0,0,0,0,0,0,0,0
4.118893000,0,1,0,0,1,0,1,1,0,0,1,0
4.118972000,0,1,0,0,1,0,1,1,0,0,1,1
4.119472000,0,1,0,0,1,0,1,1,0,0,1,0
4.119888000,0,0,0,0,0,0,0,0,0,0,0,0
4.119893000,0,1,0,0,0,0,1,1,0,0,1,0
4.119972000,0,1,0,0,0,0,1,1,0,0,1,1
4.120472000,0,1,0,0,0,0,1,1,0,0,1,0
4.120888000,0,0,0,0,0,0,0,0,0,0,0,0
4.120893000,1,0,1,1,1,1,0,1,0,0,1,0
4.120972000,1,0,1,1,1,1,0,1,0,0,1,1
4.121472000,1,0,1,1,1,1,0,1,0,0,1,0
4.121888000,0,0,0,0,0,0,0,0,0,0,0,0
4.121893000,1,1,1,1,0,0,1,1,0,0,1,0
4.121972000,1,1,1,1,0,0,1,1,0,0,1,1
4.122472000,1,1,1,1,0,0,1,1,0,0,1,0
4.122888000,0,0,0,0,0,0,0,0,0,0,0,0
4.122893000,1,0,0,0,1,0,1,1,0,0,1,0
4.122972000,1,0,0,0,1,0,1,1,0,0,1,1
4.123472000,1,0,0,0,1,0,1,1,0,0,1,0
4.123888000,0,0,0,0,0,0,0,0,0,0,0,0
4.123893000,0,1,0,0,0,0,1,1,0,0,1,0
4.123972000,0,1,0,0,0,0,1,1,0,0,1,1
4.124472000,0,1,0,0,0,0,1,1,0,0,1,0
4.124888000,0,0,0,0,0,0,0,0,0,0,0,0
4.124893000,1,1,1,0,0,0,1,1,0,0,1,0
4.124972000,1,1,1,0,0,0,1,1,0,0,1,1
4.125472000,1,1,1,0,0,0,1,1,0,0,1,0
4.125888000,0,0,0,0,0,0,0,0,0,0,0,0
4.125893000,1,1,1,1,1,1,0,1,0,0,1,0
4.125972000,1,1,1,1,1,1,0,1,0,0,1,1
4.126472000,1,1,1,1,1,1,0,1,0,0,1,0
4.126888000,0,0,0,0,0,0,0,0,0,0,0,0
4.126893000,1,1,1,1,0,0,1,1,0,0,1,0
4.126972000,1,1,1,1,0,0,1,1,0,0,1,1
4.127472000,1,1,1,1,0,0,1,1,0,0,1,0
4.127888000,0,0,0,0,0,0,0,0,0,0,0,0
4.127893000,0,0,1,1,0,0,1,1,0,0,1,0
4.127972000,0,0,1,1,0,0,1,1,0,0,1,1
4.128472000,0,0,1,1,0,0,1,1,0,0,1,0
4.128888000,0,0,0,0,0,0,0,0,0,0,0,0
4.128893000,0,1,0,1,0,0,1,1,0,0,1,0
4.128972000,0,1,0,1,0,0,1,1,0,0,1,1
4.129472000,0,1,0,1,0,0,1,1,0,0,1,0
4.129888000,0,0,0,0,0,0,0,0,0,0,0,0
4.129893000,0,1,0,0,1,0,1,1,0,0,1,0
4.129971000,0,1,0,0,1,0,1,1,0,0,1,1
4.130471000,0,1,0,0,1,0,1,1,0,0,1,0
4.130888000,0,0,0,0,0,0,0,0,0,0,0,0
4.130893000,0,0,0,1,0,0,1,1,0,0,1,0
4.130971000,0,0,0,1,0,0,1,1,0,0,1,1
4.131471000,0,0,0,1,0,0,1,1,0,0,1,0
4.131888000,0,0,0,0,0,0,0,0,0,0,0,0
4.131893000,1,0,1,0,0,0,1,1,0,0,1,0
4.131971000,1,0,1,0,0,0,1,1,0,0,1,1
4.132471000,1,0,1,0,0,0,1,1,0,0,1,0
4.132888000,0,0,0,0,0,0,0,0,0,0,0,0
4.132893000,0,1,1,0,1,0,1,1,0,0,1,0
4.132971000,0,1,1,0,1,0,1,1,0,0,1,1
4.133471000,0,1,1,0,1,0,1,1,0,0,1,0
4.133888000,0,0,0,0,0,0,0,0,0,0,0,0
4.133893000,0,1,0,0,1,0,1,1,0,0,1,0
4.133971000,0,1,0,0,1,0,1,1,0,0,1,1
4.134471000,0,1,0,0,1,0,1,1,0,0,1,0
4.134888000,0,0,0,0,0,0,0,0,0,0,0,0
4.134893000,1,1,0,1,0,0,1,1,0,0,1,0
4.134971000,1,1,0,1,0,0,1,1,0,0,1,1
4.135471000,1,1,0,1,0,0,1,1,0,0,1,0
4.135888000,0,0,0,0,0,0,0,0,0,0,0,0
4.135893000,1,1,1,1,0,0,1,1,0,0,1,0
4.135971000,1,1,1,1,0,0,1,1,0,0,1,1
4.136471000,1,1,1,1,0,0,1,1,0,0,1,0
4.136888000,0,0,0,0,0,0,0,0,0,0,0,0
4.136893000,0,0,0,1,0,0,1,1,0,0,1,0
4.136971000,0,0,0,1,0,0,1,1,0,0,1,1
4.137471000,0,0,0,1,0,0,1,1,0,0,1,0
4.137888000,0,0,0,0,0,0,0,0,0,0,0,0
4.137893000,1,1,1,0,1,0,1,1,0,0,1,0
4.137971000,1,1,1,0,1,0,1,1,0,0,1,1
4.138471000,1,1,1,0,1,0,1,1,0,0,1,0
4.138888000,0,0,0,0,0,0,0,0,0,0,0,0
4.138893000,0,0,0,1,0,0,1,1,0,0,1,0
4.138971000,0,0,0,1,0,0,1,1,0,0,1,1
4.139471000,0,0,0,1,0,0,1,1,0,0,1,0
4.139888000,0,0,0,0,0,0,0,0,0,0,0,0
4.139893000,0,0,0,0,1,0,1,1,0,0,1,0
4.139971000,0,0,0,0,1,0,1,1,0,0,1,1
4.140471000,0,0,0,0,1,0,1,1,0,0,1,0
4.140888000,0,0,0,0,0,0,0,0,0,0,0,0
4.140893000,1,1,1,1,1,1,0,1,0,0,1,0
4.140971000,1,1,1,1,1,1,0,1,0,0,1,1
4.141471000,1,1,1,1,1,1,0,1,0,0,1,0
4.141888000,0,0,0,0,0,0,0,0,0,0,0,0
4.141893000,1,1,1,0,1,1,0,1,0,0,1,0
4.141971000,1,1,1,0,1,1,0,1,0,0,1,1
4.142471000,1,1,1,0,1,1,0,1,0,0,1,0
4.142888000,0,0,0,0,0,0,0,0,0,0,0,0
4.142893000,1,1,1,1,0,0,1,1,0,0,1,0
4.142971000,1,1,1,1,0,0,1,1,0,0,1,1
4.143471000,1,1,1,1,0,0,1,1,0,0,1,0
4.143888000,0,0,0,0,0,0,0,0,0,0,0,0
4.143893000,1,1,1,1,1,1,0,1,0,0,1,0
4.143971000,1,1,1,1,1,1,0,1,0,0,1,1
4.144471000,1,1,1,1,1,1,0,1,0,0,1,0
4.144888000,0,0,0,0,0,0,0,0,0,0,0,0
4.144893000,1,1,1,1,1,1,0,1,0,0,1,0
4.144971000,1,1,1,1,1,1,0,1,0,0,1,1
4.145471000,1,1,1,1,1,1,0,1,0,0,1,0
4.145888000,0,0,0,0,0,0,0,0,0,0,0,0
4.145893000,0,1,0,0,0,0,1,1,0,0,1,0
4.145971000,0,1,0,0,0,0,1,1,0,0,1,1
4.146471000,0,1,0,0,0,0,1,1,0,0,1,0
4.146888000,0,0,0,0,0,0,0,0,0,0,0,0
4.146893000,0,0,0,1,0,0,1,1,0,0,1,0
4.146971000,0,0,0,1,0,0,1,1,0,0,1,1
4.147471000,0,0,0,1,0,0,1,1,0,0,1,0
4.147888000,0,0,0,0,0,0,0,0,0,0,0,0
4.147893000,0,0,0,1,1,1,0,1,0,0,1,0
4.147971000,0,0,0,1,1,1,0,1,0,0,1,1
4.148471000,0,0,0,1,1,1,0,1,0,0,1,0
4.148888000,0,0,0,0,0,0,0,0,0,0,0,0
4.148893000,0,0,0,0,1,0,1,1,0,0,1,0
4.148971000,0,0,0,0,1,0,1,1,0,0,1,1
4.149471000,0,0,0,0,1,0,1,1,0,0,1,0
4.149628000,0,0,0,0,1,0,1,1,0,0,1,0
